0 0.825 0.49296875 0.15 0.49921875
0 0.7140625 0.4859375 0.09921875 0.378125
0 0.64453125 0.29453125 0.06953125 0.26171875
0 0.63203125 0.5 0.11484375 0.38671875
0 0.53515625 0.27734375 0.06953125 0.21875
0 0.4671875 0.35546875 0.06953125 0.33515625
0 0.5515625 0.50625 0.09921875 0.4109375
0 0.53203125 0.5375 0.153125 0.44609375
0 0.47578125 0.36484375 0.05859375 0.16953125
0 0.4015625 0.38046875 0.09140625 0.19609375
0 0.421875 0.60546875 0.28671875 0.4828125
0 0.25234375 0.28046875 0.0546875 0.1921875
0 0.30390625 0.37421875 0.06015625 0.16328125
0 0.2546875 0.45 0.1078125 0.35546875
0 0.08984375 0.44296875 0.1390625 0.2390625
0 0.27890625 0.65625 0.35625 0.56015625
0 0.19609375 0.75390625 0.38203125 0.4890625
0 0.5109375 0.896875 0.09375 0.0921875
0 0.40703125 0.96640625 0.1046875 0.06328125