0 0.9078125 0.73046875 0.165625 0.5359375
0 0.7453125 0.603125 0.10390625 0.44296875
0 0.77890625 0.5359375 0.0640625 0.390625
0 0.678125 0.59921875 0.0921875 0.38203125
0 0.6296875 0.46484375 0.06171875 0.15234375
0 0.6046875 0.58515625 0.07890625 0.32109375
0 0.55859375 0.5953125 0.08828125 0.415625
0 0.31953125 0.5796875 0.08125 0.41015625
0 0.39453125 0.5484375 0.0796875 0.290625
0 0.43046875 0.5203125 0.053125 0.25625
0 0.47265625 0.521875 0.04140625 0.20078125
0 0.49296875 0.52890625 0.053125 0.23671875
0 0.46640625 0.4125 0.015625 0.03203125
0 0.5 0.41015625 0.0265625 0.03203125
0 0.5171875 0.4328125 0.02109375 0.04453125
0 0.45234375 0.49296875 0.02265625 0.17578125
0 0.36171875 0.43828125 0.04140625 0.05546875
0 0.41875 0.51015625 0.0453125 0.23125
0 0.97421875 0.76796875 0.0515625 0.4640625
0 0.6671875 0.42109375 0.0359375 0.0609375
0 0.528125 0.428125 0.0109375 0.02890625
0 0.3703125 0.4203125 0.01875 0.04140625