0 0.01875 0.553125 0.0375 0.46875
0 0.05703125 0.55234375 0.05703125 0.4921875
0 0.10625 0.52578125 0.04375 0.50625
0 0.14296875 0.52578125 0.06328125 0.57265625
0 0.20234375 0.53828125 0.05625 0.546875
0 0.2234375 0.51875 0.025 0.41015625
0 0.24140625 0.53046875 0.04609375 0.56640625
0 0.25859375 0.5265625 0.06015625 0.578125
0 0.309375 0.515625 0.05703125 0.6078125
0 0.34375 0.5390625 0.04140625 0.56484375
0 0.3640625 0.55859375 0.05859375 0.53359375
0 0.42265625 0.53515625 0.06328125 0.59609375
0 0.48359375 0.52578125 0.07421875 0.646875
0 0.5421875 0.53828125 0.07421875 0.64921875
0 0.60859375 0.5046875 0.08671875 0.74296875
0 0.7109375 0.50625 0.08125 0.7453125
0 0.10546875 0.5609375 0.0484375 0.49765625
0 0.26796875 0.665625 0.03046875 0.26484375
0 0.17265625 0.61796875 0.0234375 0.1609375
0 0.659375 0.49921875 0.03984375 0.16640625
0 0.3890625 0.59765625 0.0203125 0.14921875
0 0.81875 0.503125 0.0265625 0.1390625