0 0.10546875 0.6265625 0.2109375 0.740625
0 0.07890625 0.53671875 0.15703125 0.859375
0 0.16640625 0.53359375 0.12734375 0.55703125
0 0.27421875 0.4515625 0.12890625 0.56796875
0 0.21328125 0.58984375 0.07578125 0.1546875
0 0.4125 0.5203125 0.2359375 0.84375
0 0.5375 0.52265625 0.17734375 0.84765625
0 0.490625 0.47734375 0.08125 0.61484375
0 0.62265625 0.50859375 0.08828125 0.6421875
0 0.65234375 0.44375 0.07890625 0.60625
0 0.74609375 0.59296875 0.25 0.51875
0 0.75703125 0.3375 0.14609375 0.33984375
0 0.82109375 0.2703125 0.07421875 0.2015625
0 0.921875 0.58359375 0.15546875 0.83203125
0 0.87890625 0.2609375 0.24140625 0.5078125
0 0.44375 0.21953125 0.03828125 0.08984375
0 0.41875 0.68671875 0.04609375 0.11640625
0 0.2140625 0.496875 0.07109375 0.33125
0 0.6640625 0.571875 0.06875 0.36875