0 0.5296875 0.5703125 0.2984375 0.81171875
0 0.6921875 0.32734375 0.07421875 0.20390625
0 0.8296875 0.334375 0.07890625 0.19140625
0 0.80859375 0.3015625 0.034375 0.0546875
0 0.18515625 0.3984375 0.0234375 0.0515625
0 0.19375 0.35078125 0.04375 0.13359375
0 0.228125 0.38671875 0.07109375 0.07578125
0 0.246875 0.33125 0.04296875 0.0609375
0 0.26875 0.43203125 0.053125 0.17265625
0 0.31015625 0.38671875 0.08671875 0.07109375
0 0.3546875 0.35546875 0.0609375 0.1375
0 0.4078125 0.346875 0.04296875 0.125
0 0.7296875 0.29921875 0.059375 0.10078125
0 0.03515625 0.5453125 0.0671875 0.446875