0 0.0640625 0.7375 0.128125 0.3203125
0 0.03359375 0.60703125 0.028125 0.07421875
0 0.06875 0.70390625 0.1015625 0.26640625
0 0.09453125 0.61640625 0.01484375 0.0875
0 0.134375 0.6109375 0.025 0.07265625
0 0.14453125 0.6765625 0.06640625 0.19921875
0 0.17109375 0.77265625 0.1796875 0.42109375
0 0.2265625 0.61015625 0.0296875 0.06875
0 0.23828125 0.571875 0.01015625 0.03515625
0 0.24765625 0.57734375 0.0109375 0.0390625
0 0.2796875 0.61875 0.0234375 0.0671875
0 0.28046875 0.61328125 0.03203125 0.07734375
0 0.29765625 0.58125 0.0109375 0.04453125
0 0.30078125 0.58203125 0.00625 0.040625
0 0.32421875 0.58203125 0.00859375 0.0359375
0 0.328125 0.58046875 0.0109375 0.0375
0 0.353125 0.58515625 0.0109375 0.03515625
0 0.36328125 0.58359375 0.01015625 0.03984375
0 0.38046875 0.57421875 0.0125 0.0234375
0 0.31015625 0.7078125 0.10078125 0.26484375
0 0.3734375 0.71875 0.07265625 0.2390625
0 0.4515625 0.7578125 0.1203125 0.328125
0 0.496875 0.68359375 0.0671875 0.17890625
0 0.63125 0.72734375 0.10859375 0.259375
0 0.46875 0.61171875 0.0171875 0.06484375
0 0.371875 0.59453125 0.01875 0.03359375
0 0.3765625 0.60390625 0.01328125 0.05
0 0.33515625 0.6328125 0.01953125 0.103125
0 0.7953125 0.63046875 0.03828125 0.08828125
0 0.85078125 0.62421875 0.0203125 0.06875
0 0.8953125 0.6171875 0.0140625 0.02890625
0 0.9484375 0.62265625 0.025 0.0625
0 0.51953125 0.63984375 0.03125 0.096875
0 0.528125 0.62265625 0.0203125 0.0765625
0 0.54375 0.62109375 0.021875 0.06875
0 0.14921875 0.59140625 0.01328125 0.0296875
0 0.5203125 0.59609375 0.00625 0.01640625
0 0.10703125 0.8515625 0.1765625 0.0765625
0 0.21328125 0.96171875 0.23671875 0.0734375
0 0.35390625 0.821875 0.178125 0.0375
0 0.46796875 0.9 0.140625 0.0453125
0 0.525 0.76171875 0.0421875 0.02421875
0 0.66171875 0.840625 0.0671875 0.03359375