0 0.15390625 0.59765625 0.1234375 0.8
0 0.165625 0.3359375 0.025 0.0921875
0 0.196875 0.403125 0.0421875 0.278125
0 0.23046875 0.375 0.0234375 0.21015625
0 0.25078125 0.375 0.02578125 0.2296875
0 0.2640625 0.4578125 0.0609375 0.4
0 0.31171875 0.26328125 0.021875 0.08984375
0 0.340625 0.56796875 0.1390625 0.86015625
0 0.74296875 0.5859375 0.1625 0.828125
0 0.81328125 0.571875 0.11953125 0.85625
0 0.8890625 0.57578125 0.0765625 0.84765625
0 0.92109375 0.57265625 0.06875 0.85390625
0 0.953125 0.57890625 0.0765625 0.8421875
0 0.9703125 0.5625 0.059375 0.875
0 0.365625 0.29609375 0.0640625 0.14765625
0 0.5671875 0.34609375 0.0484375 0.084375
0 0.2609375 0.9171875 0.13359375 0.06171875
0 0.25390625 0.69765625 0.08828125 0.171875
0 0.9859375 0.55625 0.028125 0.8078125
0 0.47890625 0.203125 0.0765625 0.09375