0 0.05078125 0.50703125 0.09609375 0.72265625
0 0.13046875 0.465625 0.08984375 0.71484375
0 0.18046875 0.503125 0.0703125 0.64765625
0 0.20546875 0.190625 0.03046875 0.12265625
0 0.2265625 0.50234375 0.0921875 0.72109375
0 0.2890625 0.44609375 0.05234375 0.6125
0 0.31640625 0.51015625 0.084375 0.64140625
0 0.3625 0.46796875 0.071875 0.58515625
0 0.384375 0.49765625 0.08984375 0.6625
0 0.43046875 0.45390625 0.06171875 0.60859375
0 0.46640625 0.51796875 0.08984375 0.63984375
0 0.50390625 0.259375 0.04375 0.13984375
0 0.534375 0.50390625 0.08203125 0.625
0 0.56953125 0.375 0.04375 0.35
0 0.59765625 0.25546875 0.03046875 0.11015625
0 0.6125 0.51171875 0.0703125 0.60625
0 0.64921875 0.46328125 0.05546875 0.59765625
0 0.67421875 0.50234375 0.08203125 0.6125
0 0.71640625 0.50390625 0.04453125 0.55390625
0 0.7296875 0.52734375 0.08203125 0.67890625
0 0.78359375 0.53046875 0.0375 0.61015625
0 0.79453125 0.540625 0.11640625 0.78125
0 0.86328125 0.53671875 0.0859375 0.73984375
0 0.93515625 0.57421875 0.12421875 0.84765625