0 0.95078125 0.9109375 0.0984375 0.178125
0 0.6953125 0.90859375 0.0578125 0.1796875
0 0.70390625 0.90390625 0.0328125 0.171875
0 0.7359375 0.878125 0.04140625 0.14296875
0 0.76171875 0.871875 0.0359375 0.13671875
0 0.83828125 0.86015625 0.04140625 0.11328125
0 0.8546875 0.859375 0.0328125 0.121875
0 0.90078125 0.84453125 0.02890625 0.1046875
0 0.925 0.81953125 0.01484375 0.028125
0 0.9484375 0.821875 0.02109375 0.0296875
0 0.971875 0.83203125 0.02890625 0.0734375
0 0.80703125 0.8484375 0.0265625 0.103125
0 0.7046875 0.84609375 0.0296875 0.10859375
0 0.6515625 0.878125 0.03984375 0.13671875
0 0.6265625 0.8984375 0.0296875 0.13359375
0 0.49140625 0.90546875 0.0671875 0.18515625
0 0.5234375 0.90703125 0.040625 0.1859375
0 0.46796875 0.9109375 0.0359375 0.178125
0 0.41328125 0.89296875 0.04140625 0.21015625
0 0.3671875 0.90703125 0.0515625 0.1765625
0 0.3859375 0.8875 0.0328125 0.18828125
0 0.321875 0.88046875 0.0390625 0.13828125
0 0.25703125 0.89140625 0.0390625 0.1765625
0 0.27265625 0.875 0.0296875 0.15
0 0.1078125 0.9109375 0.06484375 0.175
0 0.115625 0.85234375 0.03359375 0.1046875
0 0.15078125 0.846875 0.02109375 0.0796875
0 0.04453125 0.89921875 0.05625 0.178125
0 0.54765625 0.90546875 0.0296875 0.16796875
0 0.57265625 0.9078125 0.0421875 0.18203125
0 0.55234375 0.88671875 0.0328125 0.1703125
0 0.590625 0.85234375 0.0265625 0.08203125
0 0.6078125 0.82734375 0.02109375 0.025
0 0.6328125 0.91171875 0.04140625 0.1765625
0 0.84140625 0.81328125 0.0171875 0.03359375
0 0.97734375 0.9109375 0.0421875 0.175
0 0.27890625 0.87421875 0.03515625 0.1453125
0 0.53203125 0.8296875 0.03125 0.06015625
0 0.028125 0.81953125 0.0265625 0.025
0 0.0703125 0.821875 0.02265625 0.0296875
0 0.09296875 0.86015625 0.0234375 0.05
0 0.665625 0.8515625 0.01875 0.0796875
0 0.0046875 0.871875 0.00859375 0.0234375
0 0.78515625 0.8390625 0.02265625 0.075
0 0.88203125 0.81640625 0.0140625 0.046875
0 0.90859375 0.80703125 0.0125 0.0265625