0 0.0828125 0.4234375 0.0515625 0.08203125
0 0.228125 0.50234375 0.103125 0.17734375
0 0.11953125 0.62890625 0.2296875 0.35234375
0 0.1890625 0.71328125 0.259375 0.5703125
0 0.50078125 0.5078125 0.128125 0.20390625
0 0.59140625 0.51953125 0.07890625 0.19921875
0 0.7359375 0.55078125 0.11640625 0.26171875
0 0.878125 0.653125 0.19375 0.45234375
0 0.63203125 0.70390625 0.2453125 0.5890625
0 0.30859375 0.28046875 0.0796875 0.2515625
0 0.02421875 0.53203125 0.03203125 0.10234375
0 0.19140625 0.59140625 0.12890625 0.1234375