0 0.97421875 0.12890625 0.0515625 0.1859375
0 0.95 0.12265625 0.090625 0.20546875
0 0.92109375 0.10625 0.04453125 0.17265625
0 0.91796875 0.2546875 0.05546875 0.2203125
0 0.8796875 0.1171875 0.0578125 0.16484375
0 0.8453125 0.1171875 0.0484375 0.19453125
0 0.77734375 0.15390625 0.05625 0.209375
0 0.80625 0.12265625 0.05546875 0.209375
0 0.90390625 0.4109375 0.10390625 0.38203125
0 0.9265625 0.40390625 0.08125 0.359375
0 0.86796875 0.3890625 0.084375 0.39609375
0 0.81796875 0.39921875 0.05859375 0.3796875
0 0.73203125 0.42109375 0.09609375 0.346875
0 0.634375 0.11484375 0.05625 0.13359375
0 0.65 0.0484375 0.03671875 0.08984375
0 0.59765625 0.17578125 0.0515625 0.14296875
0 0.565625 0.22734375 0.0375 0.23515625
0 0.47734375 0.2375 0.090625 0.28046875
0 0.41484375 0.15703125 0.053125 0.19296875
0 0.36796875 0.17578125 0.0515625 0.209375
0 0.53671875 0.35859375 0.08671875 0.36875
0 0.45390625 0.40625 0.0984375 0.41640625
0 0.4625 0.41171875 0.084375 0.4015625
0 0.58359375 0.484375 0.4140625 0.840625
0 0.38359375 0.41484375 0.0515625 0.4109375
0 0.4109375 0.42421875 0.053125 0.38203125
0 0.3453125 0.54921875 0.328125 0.69140625
0 0.15234375 0.509375 0.3046875 0.8640625
0 0.03203125 0.4828125 0.06328125 0.2859375
0 0.04140625 0.309375 0.0765625 0.1703125
0 0.125 0.44375 0.084375 0.41484375
0 0.9890625 0.33671875 0.02109375 0.2296875
0 0.7875 0.04375 0.225 0.0875
0 0.40234375 0.046875 0.42109375 0.09375
0 0.0953125 0.13515625 0.190625 0.26640625
0 0.325 0.14921875 0.0375 0.11953125
0 0.01015625 0.35078125 0.0203125 0.08828125
0 0.20234375 0.52109375 0.07265625 0.2125
0 0.5234375 0.13515625 0.0984375 0.07890625