0 0.95078125 0.71484375 0.09453125 0.52734375
0 0.8859375 0.65859375 0.06796875 0.309375
0 0.86171875 0.61640625 0.0359375 0.215625
0 0.8234375 0.61015625 0.05078125 0.228125
0 0.78984375 0.66875 0.06953125 0.2734375
0 0.76953125 0.56015625 0.05390625 0.14609375
0 0.69765625 0.65703125 0.08046875 0.2828125
0 0.621875 0.64296875 0.07421875 0.29765625
0 0.67421875 0.59375 0.0390625 0.19453125
0 0.60078125 0.58515625 0.0375 0.17734375
0 0.5765625 0.5609375 0.0328125 0.1484375
0 0.5 0.6921875 0.08515625 0.41015625
0 0.521875 0.6609375 0.05390625 0.35234375
0 0.42890625 0.665625 0.09453125 0.46796875
0 0.365625 0.60078125 0.040625 0.20390625
0 0.33828125 0.6015625 0.04921875 0.23984375
0 0.28203125 0.690625 0.11640625 0.403125
0 0.2328125 0.6125 0.05546875 0.228125
0 0.20703125 0.6015625 0.0328125 0.2015625
0 0.1953125 0.5921875 0.028125 0.20625
0 0.1625 0.58984375 0.05078125 0.23046875
0 0.1140625 0.65234375 0.07421875 0.32578125
0 0.08984375 0.61875 0.04453125 0.26875
0 0.0296875 0.63359375 0.059375 0.3421875
0 0.05234375 0.5578125 0.021875 0.1078125
0 0.75078125 0.53984375 0.01875 0.071875
0 0.721875 0.56484375 0.0328125 0.1171875
0 0.6546875 0.54921875 0.028125 0.09140625
0 0.38984375 0.60078125 0.028125 0.184375
0 0.990625 0.50703125 0.01875 0.07421875
0 0.0171875 0.74375 0.034375 0.340625
0 0.0515625 0.490625 0.0296875 0.040625
0 0.5 0.45546875 0.8578125 0.10078125
0 0.53515625 0.54296875 0.0328125 0.07421875
0 0.14140625 0.5203125 0.0234375 0.02890625