0 0.0640625 0.47578125 0.128125 0.7921875
0 0.16171875 0.265625 0.1546875 0.46015625
0 0.14140625 0.61796875 0.16015625 0.48203125
0 0.22578125 0.171875 0.08125 0.228125
0 0.31796875 0.22734375 0.1265625 0.384375
0 0.26171875 0.47890625 0.1203125 0.40078125
0 0.415625 0.24296875 0.1 0.36328125
0 0.48828125 0.1203125 0.05234375 0.1109375
0 0.54609375 0.41484375 0.171875 0.74765625
0 0.59921875 0.35703125 0.09765625 0.59921875
0 0.67109375 0.24765625 0.09453125 0.328125
0 0.75078125 0.28046875 0.128125 0.41953125
0 0.85390625 0.253125 0.10546875 0.346875
0 0.9453125 0.24296875 0.109375 0.46015625
0 0.62890625 0.490625 0.084375 0.2953125
0 0.67109375 0.621875 0.14296875 0.434375
0 0.74921875 0.4859375 0.090625 0.1671875
0 0.81953125 0.6890625 0.24140625 0.484375
0 0.3796875 0.446875 0.12265625 0.31171875
0 0.29453125 0.63984375 0.20234375 0.38203125
0 0.41328125 0.68828125 0.2375 0.47109375
0 0.88203125 0.56484375 0.1 0.3953125
0 0.48203125 0.45625 0.06015625 0.21171875