0 0.81328125 0.57734375 0.05390625 0.22421875
0 0.78125 0.51640625 0.03671875 0.0703125
0 0.77578125 0.6 0.025 0.15703125
0 0.734375 0.5265625 0.0421875 0.1359375
0 0.753125 0.60859375 0.059375 0.2015625
0 0.7015625 0.59140625 0.05703125 0.2375
0 0.6453125 0.584375 0.0359375 0.21796875
0 0.62578125 0.60546875 0.071875 0.3265625
0 0.59296875 0.63984375 0.0359375 0.22109375
0 0.51328125 0.50625 0.03125 0.0515625
0 0.4546875 0.7171875 0.1 0.46484375
0 0.42109375 0.74296875 0.0796875 0.315625
0 0.3625 0.6890625 0.0953125 0.3625
0 0.303125 0.6609375 0.078125 0.3796875
0 0.215625 0.7671875 0.26328125 0.46171875
0 0.19765625 0.73671875 0.08203125 0.4984375
0 0.06171875 0.70625 0.07265625 0.3890625
0 0.02421875 0.67421875 0.0484375 0.3328125
0 0.12421875 0.6234375 0.03203125 0.0671875