0 0.0046875 0.89453125 0.009375 0.15625
0 0.01328125 0.88984375 0.0265625 0.1484375
0 0.0421875 0.8890625 0.04609375 0.21171875
0 0.0609375 0.87109375 0.009375 0.0625
0 0.06953125 0.875 0.01484375 0.08203125
0 0.084375 0.88359375 0.0265625 0.16796875
0 0.10546875 0.87265625 0.01328125 0.084375
0 0.13046875 0.87734375 0.01484375 0.071875
0 0.14296875 0.8765625 0.01328125 0.078125
0 0.165625 0.88125 0.01640625 0.09765625
0 0.184375 0.878125 0.01640625 0.1046875
0 0.2 0.8734375 0.0140625 0.0828125
0 0.2078125 0.88359375 0.0109375 0.0796875
0 0.21484375 0.878125 0.00859375 0.0609375
0 0.271875 0.88046875 0.0140625 0.0640625
0 0.2765625 0.8765625 0.01171875 0.0625
0 0.28125 0.88515625 0.0140625 0.08046875
0 0.28984375 0.884375 0.01171875 0.0609375
0 0.2984375 0.87890625 0.01328125 0.05859375
0 0.34453125 0.88125 0.01328125 0.0671875
0 0.353125 0.89140625 0.02421875 0.11875
0 0.3890625 0.8921875 0.04140625 0.2125
0 0.40546875 0.87890625 0.0171875 0.109375
0 0.49765625 0.88046875 0.01875 0.08515625
0 0.9078125 0.9140625 0.04453125 0.171875
0 0.93046875 0.91171875 0.01484375 0.09765625
0 0.95234375 0.909375 0.02109375 0.10234375
0 0.9671875 0.925 0.0375 0.15
0 0.71171875 0.5 0.43125 1
0 0.1546875 0.86640625 0.01015625 0.0484375
0 0.175 0.8640625 0.00859375 0.03828125
0 0.1921875 0.87109375 0.00703125 0.0640625
0 0.265625 0.8703125 0.00546875 0.040625
0 0.28984375 0.85546875 0.00625 0.0140625
0 0.3078125 0.8765625 0.0109375 0.0484375
0 0.36796875 0.878125 0.01796875 0.05390625
0 0.425 0.8671875 0.0265625 0.0328125
0 0.4890625 0.87421875 0.009375 0.078125
0 0.98828125 0.89609375 0.02265625 0.09765625
0 0.4 0.615625 0.0140625 0.040625
0 0.459375 0.6109375 0.03125 0.04296875