0 0.4890625 0.71875 0.06640625 0.26640625
0 0.5296875 0.725 0.0359375 0.25
0 0.5453125 0.7390625 0.0609375 0.2359375
0 0.684375 0.70390625 0.02109375 0.1
0 0.7078125 0.71484375 0.0296875 0.1265625
0 0.7265625 0.675 0.01484375 0.0390625
0 0.7390625 0.71015625 0.03125 0.1265625
0 0.77578125 0.70625 0.03125 0.1515625
0 0.7921875 0.7234375 0.0484375 0.175
0 0.83828125 0.70859375 0.03125 0.10703125
0 0.87890625 0.7140625 0.05 0.1890625
0 0.9640625 0.75625 0.0703125 0.28359375
0 0.91171875 0.6921875 0.0140625 0.05546875
0 0.9234375 0.69453125 0.0109375 0.05
0 0.9375 0.69140625 0.01484375 0.0390625
0 0.990625 0.75234375 0.01875 0.18046875
0 0.8765625 0.725 0.0578125 0.05390625
0 0.8171875 0.71875 0.0171875 0.11640625
0 0.80390625 0.6609375 0.0125 0.02109375