0 0.78828125 0.71484375 0.0171875 0.09453125
0 0.76484375 0.7125 0.01796875 0.09609375
0 0.721875 0.70234375 0.01328125 0.0453125
0 0.7125 0.7046875 0.0109375 0.04140625
0 0.7015625 0.70078125 0.0125 0.05
0 0.69296875 0.703125 0.01015625 0.04453125
0 0.678125 0.70078125 0.0140625 0.046875
0 0.67265625 0.70078125 0.00625 0.0359375
0 0.65859375 0.70234375 0.01015625 0.03828125
0 0.66484375 0.70234375 0.00859375 0.03984375
0 0.665625 0.69296875 0.00859375 0.0296875
0 0.6578125 0.68359375 0.009375 0.0171875
0 0.6515625 0.69765625 0.0078125 0.0453125
0 0.2875 0.6890625 0.05546875 0.128125
0 0.740625 0.7046875 0.034375 0.05546875
0 0.71328125 0.67578125 0.015625 0.0171875
0 0.6828125 0.6875 0.00390625 0.01171875
0 0.5640625 0.665625 0.015625 0.0375