0 0.87734375 0.4390625 0.05078125 0.15546875
0 0.821875 0.43046875 0.046875 0.1515625
0 0.75625 0.4390625 0.0359375 0.14296875
0 0.7734375 0.43359375 0.0296875 0.1453125
0 0.69609375 0.428125 0.03203125 0.11015625
0 0.72890625 0.384375 0.02421875 0.0765625
0 0.82265625 0.3625 0.0203125 0.03671875
0 0.80234375 0.390625 0.01484375 0.084375
0 0.790625 0.38984375 0.0171875 0.0921875
0 0.7765625 0.371875 0.01484375 0.04296875
0 0.30078125 0.5734375 0.1484375 0.48203125
0 0.425 0.5875 0.1140625 0.4640625
0 0.62578125 0.46953125 0.0640625 0.23046875
0 0.65 0.4328125 0.0390625 0.18125
0 0.515625 0.3953125 0.03046875 0.1109375
0 0.5984375 0.41328125 0.03515625 0.13359375
0 0.546875 0.390625 0.03125 0.09296875
0 0.6828125 0.38671875 0.02578125 0.09609375
0 0.06171875 0.496875 0.0921875 0.3140625
0 0.19140625 0.421875 0.03828125 0.1609375
0 0.225 0.4234375 0.04296875 0.18125
0 0.2734375 0.51640625 0.08203125 0.29609375
0 0.378125 0.43125 0.03828125 0.1984375
0 0.48515625 0.39453125 0.02734375 0.1078125
0 0.4703125 0.403125 0.02265625 0.1015625
0 0.46484375 0.359375 0.0265625 0.040625
0 0.45 0.39921875 0.0296875 0.09765625
0 0.4390625 0.371875 0.0171875 0.04921875
0 0.40546875 0.35546875 0.025 0.0390625
0 0.06875 0.36484375 0.01484375 0.046875
0 0.08828125 0.38203125 0.0171875 0.0703125
0 0.1015625 0.37890625 0.0265625 0.078125
0 0.11171875 0.38046875 0.0140625 0.07109375
0 0.1546875 0.36015625 0.009375 0.0375
0 0.21015625 0.35 0.01953125 0.0328125
0 0.23515625 0.35546875 0.015625 0.02421875
0 0.25 0.39296875 0.01953125 0.0984375
0 0.23984375 0.353125 0.015625 0.03671875
0 0.25546875 0.35390625 0.0171875 0.03671875
0 0.28828125 0.37109375 0.02109375 0.06484375
0 0.309375 0.37421875 0.0234375 0.06171875
0 0.5640625 0.36796875 0.01796875 0.071875
0 0.57890625 0.375 0.0171875 0.0765625
0 0.66953125 0.38671875 0.0171875 0.0875
0 0.7 0.3609375 0.02265625 0.05234375
0 0.58828125 0.38046875 0.0234375 0.08046875
0 0.6109375 0.35859375 0.01875 0.03125
0 0.525 0.36796875 0.015625 0.0578125
0 0.74140625 0.36328125 0.009375 0.046875
0 0.746875 0.35234375 0.09921875 0.02578125
0 0.03359375 0.38671875 0.04375 0.0375
0 0.55859375 0.33984375 0.278125 0.0359375
0 0.34375 0.34609375 0.15234375 0.02890625
0 0.16484375 0.36328125 0.01328125 0.040625
0 0.9328125 0.35390625 0.0953125 0.01640625
0 0.84375 0.31796875 0.025 0.06875