0 0.33515625 0.48046875 0.153125 0.959375
0 0.22890625 0.5328125 0.11796875 0.49921875
0 0.4046875 0.496875 0.08359375 0.459375
0 0.42421875 0.33359375 0.01875 0.03046875
0 0.4921875 0.45703125 0.06171875 0.3765625
0 0.52421875 0.4875 0.0796875 0.40546875
0 0.55625 0.48203125 0.1203125 0.3796875
0 0.5765625 0.4546875 0.03984375 0.35859375
0 0.5890625 0.46171875 0.04921875 0.31953125
0 0.60390625 0.48359375 0.07109375 0.34765625
0 0.66875 0.4640625 0.0671875 0.296875
0 0.64765625 0.3328125 0.0375 0.0671875
0 0.83671875 0.43671875 0.05625 0.2234375
0 0.95546875 0.4375 0.0734375 0.2203125
0 0.1234375 0.39375 0.103125 0.16875
0 0.04609375 0.35078125 0.059375 0.13671875
0 0.078125 0.3375 0.05390625 0.134375
0 0.12421875 0.33984375 0.04609375 0.13515625
0 0.08203125 0.3171875 0.0421875 0.090625
0 0.89140625 0.64765625 0.20234375 0.209375
0 0.5671875 0.81796875 0.25234375 0.3640625
0 0.26015625 0.8875 0.0515625 0.22421875
0 0.3890625 0.78671875 0.10546875 0.4265625
0 0.07734375 0.65234375 0.1546875 0.16015625