0 0.5421875 0.6703125 0.4015625 0.659375
0 0.11640625 0.64921875 0.2328125 0.7015625
0 0.29921875 0.66640625 0.14453125 0.665625
0 0.2359375 0.66015625 0.11015625 0.603125
0 0.353125 0.60703125 0.0890625 0.421875
0 0.04453125 0.48359375 0.0890625 0.2671875
0 0.60546875 0.50625 0.0765625 0.23984375
0 0.63515625 0.525 0.065625 0.28828125
0 0.665625 0.55 0.03125 0.25859375
0 0.71171875 0.49140625 0.0625 0.16015625
0 0.821875 0.4765625 0.04921875 0.09921875
0 0.79453125 0.45390625 0.04921875 0.1515625
0 0.8125 0.41171875 0.0171875 0.05078125
0 0.853125 0.44921875 0.03984375 0.13515625
0 0.884375 0.465625 0.02890625 0.1515625
0 0.87265625 0.41640625 0.021875 0.06875
0 0.86171875 0.396875 0.0171875 0.034375
0 0.97578125 0.40234375 0.03515625 0.0796875
0 0.87265625 0.3703125 0.01171875 0.02734375
0 0.2484375 0.884375 0.075 0.10625
0 0.6984375 0.7359375 0.046875 0.07578125
0 0.846875 0.2609375 0.0171875 0.03828125
0 0.96328125 0.234375 0.025 0.05