0 0.62734375 0.70546875 0.08515625 0.15
0 0.53984375 0.646875 0.0703125 0.1171875
0 0.4984375 0.63515625 0.0578125 0.10703125
0 0.353125 0.5796875 0.075 0.09609375
0 0.409375 0.58359375 0.0578125 0.09765625
0 0.5046875 0.54609375 0.03984375 0.0796875
0 0.54296875 0.54453125 0.03984375 0.07578125
0 0.60546875 0.55078125 0.05625 0.09375
0 0.6828125 0.54765625 0.0546875 0.0875
0 0.6328125 0.5046875 0.0328125 0.06640625
0 0.66875 0.4984375 0.04140625 0.06796875
0 0.7609375 0.46640625 0.04140625 0.05390625
0 0.775 0.46796875 0.02734375 0.05078125
0 0.8546875 0.48359375 0.02890625 0.05234375
0 0.8671875 0.4765625 0.015625 0.03515625
0 0.92421875 0.4953125 0.02890625 0.05859375
0 0.93046875 0.48984375 0.03046875 0.05390625
0 0.95234375 0.50546875 0.02890625 0.0703125
0 0.84921875 0.4671875 0.02265625 0.04765625
0 0.7890625 0.44609375 0.0171875 0.03515625
0 0.33359375 0.540625 0.02578125 0.071875
0 0.040625 0.56875 0.00703125 0.0734375
0 0.15078125 0.5625 0.075 0.090625
0 0.80703125 0.440625 0.015625 0.0171875
0 0.58046875 0.46796875 0.06640625 0.0890625
0 0.30859375 0.30234375 0.0546875 0.09609375
0 0.965625 0.4734375 0.04296875 0.07578125
0 0.9203125 0.553125 0.02734375 0.06640625