0 0.06953125 0.47109375 0.0234375 0.04140625
0 0.16875 0.6015625 0.06171875 0.3578125
0 0.23359375 0.61171875 0.075 0.32421875
0 0.290625 0.6 0.065625 0.34375
0 0.3421875 0.596875 0.07109375 0.3359375
0 0.409375 0.59921875 0.0796875 0.32265625
0 0.4703125 0.6 0.0609375 0.3015625
0 0.53125 0.571875 0.09375 0.35
0 0.59140625 0.5953125 0.08203125 0.31796875
0 0.66875 0.60390625 0.08203125 0.30625
0 0.70703125 0.58671875 0.06953125 0.33515625
0 0.78046875 0.453125 0.0171875 0.03671875
0 0.7328125 0.44140625 0.01796875 0.0671875
0 0.19453125 0.45390625 0.009375 0.0203125
0 0.209375 0.46171875 0.009375 0.03046875
0 0.646875 0.4546875 0.0125 0.02109375
0 0.65390625 0.459375 0.0125 0.0296875
0 0.94375 0.4234375 0.0125 0.04921875
0 0.746875 0.43203125 0.015625 0.02109375
0 0.4015625 0.12890625 0.11171875 0.21875