0 0.02265625 0.7296875 0.01953125 0.05859375
0 0.03671875 0.72734375 0.01875 0.05859375
0 0.08515625 0.69296875 0.0109375 0.03671875
0 0.10390625 0.72578125 0.0203125 0.0609375
0 0.13984375 0.7296875 0.028125 0.0640625
0 0.1609375 0.71953125 0.01875 0.05859375
0 0.22734375 0.7234375 0.0203125 0.053125
0 0.23828125 0.72421875 0.021875 0.05703125
0 0.28515625 0.7015625 0.0078125 0.02890625
0 0.3046875 0.70234375 0.01171875 0.02734375
0 0.3265625 0.68984375 0.0078125 0.01796875
0 0.33125 0.6921875 0.0109375 0.025
0 0.34453125 0.696875 0.0109375 0.02734375
0 0.34765625 0.69765625 0.0078125 0.02578125
0 0.64296875 0.696875 0.00703125 0.01953125
0 0.6484375 0.696875 0.0078125 0.01796875
0 0.66328125 0.69609375 0.00859375 0.01953125
0 0.67265625 0.69609375 0.00859375 0.01953125
0 0.73984375 0.69609375 0.00859375 0.025
0 0.71484375 0.70078125 0.0171875 0.0390625
0 0.78203125 0.6875 0.00703125 0.01015625
0 0.88125 0.70234375 0.0046875 0.01171875
0 0.8859375 0.7046875 0.00859375 0.01796875
0 0.9015625 0.7046875 0.009375 0.021875
0 0.359375 0.6859375 0.01171875 0.0140625
0 0.38125 0.6859375 0.009375 0.015625
0 0.61015625 0.68984375 0.040625 0.0234375
0 0.721875 0.69375 0.0453125 0.0234375
0 0.84296875 0.6890625 0.0078125 0.01171875