0 0.08515625 0.7015625 0.1703125 0.59375
0 0.1921875 0.71796875 0.22734375 0.5609375
0 0.26875 0.5515625 0.1078125 0.39609375
0 0.215625 0.41796875 0.01484375 0.04609375
0 0.23984375 0.4109375 0.01796875 0.05625
0 0.290625 0.39375 0.0296875 0.0703125
0 0.33046875 0.43046875 0.03671875 0.1390625
0 0.34296875 0.4609375 0.01484375 0.07109375
0 0.36015625 0.44453125 0.0265625 0.10390625
0 0.3703125 0.4046875 0.01953125 0.0734375
0 0.39296875 0.38125 0.028125 0.07265625
0 0.403125 0.3796875 0.01484375 0.03359375
0 0.41171875 0.4265625 0.01640625 0.0671875
0 0.434375 0.45390625 0.02734375 0.0796875
0 0.4203125 0.390625 0.021875 0.07109375
0 0.4296875 0.4 0.02109375 0.06015625
0 0.43984375 0.43671875 0.0171875 0.10625
0 0.45234375 0.43828125 0.02734375 0.1109375
0 0.46640625 0.4015625 0.01796875 0.0671875
0 0.48359375 0.3921875 0.02578125 0.0578125
0 0.49765625 0.40546875 0.02421875 0.09609375
0 0.515625 0.41796875 0.02890625 0.1265625
0 0.52734375 0.40546875 0.0140625 0.1015625
0 0.53984375 0.41171875 0.0171875 0.09375
0 0.5515625 0.40625 0.0203125 0.0796875
0 0.56953125 0.3796875 0.01640625 0.0359375
0 0.38671875 0.5890625 0.07890625 0.4
0 0.4859375 0.5953125 0.08515625 0.38515625
0 0.56484375 0.57734375 0.0734375 0.39765625
0 0.63203125 0.57421875 0.1234375 0.4890625
0 0.678125 0.53046875 0.078125 0.30859375
0 0.6953125 0.71171875 0.06328125 0.33125
0 0.73046875 0.44921875 0.0359375 0.09609375
0 0.746875 0.4875 0.075 0.2453125
0 0.809375 0.58125 0.18671875 0.53984375
0 0.84140625 0.75078125 0.31484375 0.49609375
0 0.8640625 0.4203125 0.0515625 0.10390625
0 0.9078125 0.47421875 0.07890625 0.1515625
0 0.97421875 0.6078125 0.05078125 0.37890625
0 0.92734375 0.4 0.02421875 0.125
0 0.94140625 0.44453125 0.046875 0.15625
0 0.95078125 0.3828125 0.0265625 0.06015625
0 0.9921875 0.3828125 0.01328125 0.0578125
0 0.37578125 0.44453125 0.009375 0.02109375
0 0.30234375 0.3890625 0.03515625 0.05625
0 0.55234375 0.36953125 0.05078125 0.04140625
0 0.96328125 0.36875 0.0734375 0.05625
0 0.453125 0.37109375 0.04921875 0.03515625
0 0.35625 0.378125 0.0625 0.02890625
0 0.71953125 0.3703125 0.06328125 0.0578125