0 0.11640625 0.6984375 0.11640625 0.6
0 0.20078125 0.778125 0.09296875 0.44375
0 0.2546875 0.73828125 0.0734375 0.5203125
0 0.32421875 0.75390625 0.08984375 0.4890625
0 0.365625 0.57734375 0.07109375 0.17578125
0 0.41875 0.85859375 0.18515625 0.2796875
0 0.45859375 0.86484375 0.1578125 0.2703125
0 0.4 0.68984375 0.05234375 0.18828125
0 0.425 0.66484375 0.1203125 0.24375
0 0.45703125 0.70703125 0.07421875 0.4453125
0 0.5046875 0.69765625 0.0546875 0.31328125
0 0.5375 0.765625 0.06015625 0.46640625
0 0.58984375 0.7515625 0.071875 0.49453125
0 0.61875 0.77734375 0.06796875 0.44296875