0 0.81484375 0.784375 0.1265625 0.315625
0 0.70859375 0.790625 0.09921875 0.284375
0 0.6453125 0.76875 0.10703125 0.25546875
0 0.578125 0.78125 0.0859375 0.27265625
0 0.509375 0.78359375 0.075 0.275
0 0.43359375 0.76484375 0.1 0.278125
0 0.3703125 0.76484375 0.0859375 0.2828125
0 0.31640625 0.77890625 0.0640625 0.29140625
0 0.2578125 0.7875 0.0875 0.315625
0 0.17265625 0.8015625 0.10234375 0.29140625
0 0.0875 0.7875 0.1015625 0.32265625
0 0.13828125 0.60078125 0.0890625 0.26796875
0 0.22265625 0.59453125 0.08828125 0.29296875
0 0.3265625 0.590625 0.0703125 0.2078125
0 0.2859375 0.59296875 0.059375 0.2328125
0 0.3921875 0.58359375 0.07265625 0.2015625
0 0.471875 0.590625 0.07578125 0.240625
0 0.5578125 0.690625 0.103125 0.37265625
0 0.63203125 0.58359375 0.090625 0.21640625
0 0.7078125 0.61171875 0.08359375 0.22421875
0 0.7484375 0.61484375 0.0671875 0.3203125
0 0.9015625 0.709375 0.1265625 0.48046875
0 0.8265625 0.58046875 0.1015625 0.240625
0 0.7796875 0.58984375 0.04453125 0.23125
0 0.53125 0.534375 0.04453125 0.10234375
0 0.509375 0.5953125 0.05 0.234375
0 0.4234375 0.57109375 0.04921875 0.22421875
0 0.26171875 0.4921875 0.04296875 0.08671875
0 0.18828125 0.50390625 0.04921875 0.12109375
0 0.60546875 0.53671875 0.04765625 0.09296875
0 0.68359375 0.52265625 0.03828125 0.08125
0 0.59453125 0.509375 0.03515625 0.07734375
0 0.359375 0.5140625 0.03671875 0.09296875
0 0.3765625 0.5046875 0.0109375 0.0265625
0 0.31328125 0.50859375 0.01328125 0.03359375
0 0.5078125 0.24609375 0.4875 0.4921875
0 0.321875 0.4953125 0.00859375 0.01015625
0 0.33984375 0.4984375 0.009375 0.01640625