0 0.4875 0.66640625 0.0828125 0.35078125
0 0.17109375 0.82734375 0.1921875 0.34296875
0 0.1328125 0.62109375 0.103125 0.3296875
0 0.67734375 0.60703125 0.05 0.24375
0 0.33671875 0.671875 0.10546875 0.24921875
0 0.5453125 0.62734375 0.07890625 0.32578125
0 0.60390625 0.671875 0.08671875 0.39296875
0 0.38203125 0.66015625 0.06875 0.22265625
0 0.2015625 0.775 0.15 0.30625
0 0.471875 0.5484375 0.04296875 0.1203125
0 0.45859375 0.54921875 0.0203125 0.11015625
0 0.434375 0.53046875 0.03515625 0.06484375
0 0.915625 0.5265625 0.0265625 0.07890625