0 0.1671875 0.84375 0.18203125 0.3109375
0 0.2875 0.72734375 0.0796875 0.25
0 0.26484375 0.596875 0.06484375 0.121875
0 0.20703125 0.51953125 0.0625 0.178125
0 0.25625 0.49609375 0.06796875 0.12265625
0 0.25078125 0.43046875 0.0359375 0.065625
0 0.29296875 0.44296875 0.0359375 0.12265625
0 0.325 0.42109375 0.0265625 0.125
0 0.3578125 0.44921875 0.03203125 0.0546875
0 0.05859375 0.484375 0.078125 0.16796875
0 0.1 0.484375 0.07890625 0.16875
0 0.12109375 0.440625 0.0578125 0.14296875
0 0.228125 0.390625 0.0296875 0.10625
0 0.25625 0.3796875 0.03671875 0.11328125
0 0.4765625 0.6625 0.08203125 0.24140625
0 0.46015625 0.496875 0.046875 0.09765625
0 0.48671875 0.525 0.0390625 0.1078125
0 0.52265625 0.60703125 0.06328125 0.23671875
0 0.7203125 0.715625 0.09921875 0.27265625
0 0.93125 0.43515625 0.07421875 0.15703125
0 0.915625 0.3703125 0.03984375 0.08671875
0 0.91875 0.4171875 0.046875 0.11875
0 0.828125 0.37109375 0.04921875 0.05859375
0 0.78671875 0.37734375 0.0640625 0.0703125
0 0.7359375 0.37734375 0.02265625 0.03359375
0 0.6875 0.3328125 0.01640625 0.0421875
0 0.665625 0.3296875 0.0171875 0.03515625
0 0.61484375 0.31171875 0.01875 0.053125
0 0.603125 0.33515625 0.025 0.08984375
0 0.584375 0.3296875 0.025 0.040625
0 0.590625 0.315625 0.0125 0.03984375
0 0.5921875 0.2953125 0.0140625 0.02890625
0 0.5734375 0.31796875 0.015625 0.0484375
0 0.57734375 0.29921875 0.02109375 0.03359375
0 0.56015625 0.31953125 0.0140625 0.04296875
0 0.5453125 0.315625 0.0171875 0.04453125
0 0.53828125 0.315625 0.01171875 0.04140625
0 0.55546875 0.3015625 0.0140625 0.03359375
0 0.56796875 0.28671875 0.0140625 0.025
0 0.54921875 0.28515625 0.0109375 0.0296875
0 0.53046875 0.29296875 0.01015625 0.0390625
0 0.521875 0.30390625 0.01953125 0.05234375
0 0.5125 0.30234375 0.01484375 0.05546875
0 0.5015625 0.290625 0.015625 0.0515625
0 0.49921875 0.30078125 0.01796875 0.04765625
0 0.48671875 0.303125 0.01640625 0.040625
0 0.45 0.28828125 0.01171875 0.01875
0 0.4546875 0.28203125 0.01171875 0.0328125
0 0.4328125 0.27734375 0.0125 0.03828125
0 0.42421875 0.27890625 0.0171875 0.0265625
0 0.41171875 0.27578125 0.0140625 0.02421875
0 0.39140625 0.28203125 0.015625 0.028125
0 0.3671875 0.2703125 0.01171875 0.03125
0 0.34296875 0.26875 0.01015625 0.02734375
0 0.34453125 0.259375 0.01015625 0.021875
0 0.96484375 0.29765625 0.0359375 0.08125
0 0.9875 0.275 0.02421875 0.07265625
0 0.0890625 0.41484375 0.04609375 0.046875
0 0.0671875 0.4625 0.05 0.15
0 0.05859375 0.4 0.0296875 0.06015625
0 0.05546875 0.378125 0.034375 0.0453125
0 0.09140625 0.3953125 0.03125 0.0484375
0 0.08984375 0.3703125 0.02109375 0.03828125
0 0.03125 0.3703125 0.028125 0.0578125
0 0.0578125 0.36171875 0.0359375 0.04921875
0 0.05625 0.340625 0.03359375 0.040625
0 0.07421875 0.34375 0.0265625 0.05859375
0 0.04921875 0.31328125 0.02109375 0.03828125
0 0.07734375 0.31953125 0.01875 0.0390625
0 0.06953125 0.29765625 0.0171875 0.025
0 0.23984375 0.36484375 0.0171875 0.02734375
0 0.2359375 0.3578125 0.0140625 0.0359375
0 0.234375 0.32265625 0.01796875 0.04765625
0 0.22890625 0.32265625 0.01875 0.05234375
0 0.190625 0.31640625 0.028125 0.071875
0 0.1703125 0.31171875 0.0171875 0.0546875
0 0.16328125 0.29609375 0.00859375 0.02734375
0 0.15390625 0.29296875 0.0140625 0.02890625
0 0.1703125 0.28359375 0.0109375 0.01953125
0 0.1765625 0.28359375 0.0109375 0.025
0 0.2765625 0.40859375 0.015625 0.07109375
0 0.2859375 0.375 0.03125 0.06015625
0 0.28984375 0.34765625 0.01484375 0.0234375
0 0.04765625 0.334375 0.025 0.034375
0 0.18046875 0.3046875 0.0078125 0.04765625
0 0.203125 0.3140625 0.01484375 0.0296875
0 0.85 0.25234375 0.0859375 0.03046875
0 0.94453125 0.26015625 0.05234375 0.0421875
0 0.54140625 0.22890625 0.021875 0.0171875
0 0.9515625 0.3078125 0.01484375 0.0546875
0 0.4375 0.25859375 0.02578125 0.02265625
0 0.48046875 0.26640625 0.0375 0.03828125
0 0.3734375 0.24375 0.0375 0.025
0 0.5875 0.3453125 0.01171875 0.0109375