0 0.9859375 0.4859375 0.02421875 0.05546875
0 0.96796875 0.496875 0.04453125 0.06953125
0 0.91171875 0.4890625 0.03125 0.0609375
0 0.86796875 0.43984375 0.02109375 0.0234375
0 0.88515625 0.47578125 0.021875 0.04296875
0 0.86171875 0.50859375 0.05078125 0.096875
0 0.834375 0.478125 0.02265625 0.04140625
0 0.828125 0.7 0.31640625 0.5609375
0 0.553125 0.48984375 0.09140625 0.1984375
0 0.47734375 0.4828125 0.08203125 0.215625
0 0.43046875 0.47265625 0.02734375 0.065625
0 0.42109375 0.4421875 0.021875 0.02109375
0 0.43203125 0.37578125 0.0125 0.0234375
0 0.40234375 0.46484375 0.02265625 0.059375
0 0.35546875 0.4484375 0.01875 0.0390625
0 0.29296875 0.4234375 0.01484375 0.0390625
0 0.25390625 0.434375 0.01796875 0.075
0 0.25625 0.403125 0.01484375 0.02109375
0 0.26875 0.415625 0.01484375 0.02109375
0 0.27734375 0.43984375 0.015625 0.0734375
0 0.26484375 0.4359375 0.01328125 0.08046875
0 0.23828125 0.4328125 0.01640625 0.06796875
0 0.234375 0.434375 0.01484375 0.06953125
0 0.2265625 0.41015625 0.01328125 0.01796875
0 0.14453125 0.41875 0.01640625 0.04296875
0 0.1359375 0.4375 0.01796875 0.08359375
0 0.13125 0.43984375 0.0125 0.08203125
0 0.11875 0.44921875 0.02890625 0.09609375
0 0.09140625 0.44375 0.028125 0.09609375
0 0.06328125 0.4421875 0.02265625 0.09609375
0 0.04765625 0.4359375 0.028125 0.09453125
0 0.0484375 0.43671875 0.02578125 0.090625
0 0.00390625 0.4078125 0.0078125 0.03125
0 0.015625 0.409375 0.00859375 0.028125
0 0.025 0.41875 0.01875 0.040625
0 0.75234375 0.21171875 0.11484375 0.09296875
0 0.40703125 0.42265625 0.13203125 0.05390625
0 0.3109375 0.234375 0.03203125 0.0734375
0 0.38203125 0.17578125 0.01484375 0.04609375
0 0.4546875 0.196875 0.021875 0.05546875
0 0.1328125 0.28515625 0.05546875 0.04609375
0 0.009375 0.22890625 0.01875 0.0359375
0 0.07578125 0.41796875 0.015625 0.05
0 0.02578125 0.41015625 0.04375 0.0265625
0 0.4203125 0.090625 0.03828125 0.05390625
0 0.18359375 0.38359375 0.03203125 0.05546875
0 0.26328125 0.353125 0.02109375 0.03203125