0 0.06484375 0.62265625 0.11953125 0.44453125
0 0.15 0.6171875 0.096875 0.42421875
0 0.2328125 0.6046875 0.1015625 0.4265625
0 0.28203125 0.603125 0.06796875 0.39609375
0 0.3171875 0.6140625 0.07265625 0.39140625
0 0.35234375 0.58671875 0.05 0.371875
0 0.39765625 0.5578125 0.03671875 0.31484375
0 0.3765625 0.61015625 0.06328125 0.36796875
0 0.425 0.60390625 0.06328125 0.3546875
0 0.45546875 0.603125 0.040625 0.33515625
0 0.48671875 0.45625 0.0484375 0.08125
0 0.47734375 0.61796875 0.06796875 0.35703125
0 0.53671875 0.603125 0.08046875 0.37421875
0 0.60234375 0.60390625 0.06953125 0.39375
0 0.65859375 0.615625 0.07890625 0.3875
0 0.70546875 0.61796875 0.0953125 0.40078125
0 0.74921875 0.64296875 0.08515625 0.41171875
0 0.8140625 0.6203125 0.0953125 0.4703125
0 0.90234375 0.64765625 0.1046875 0.503125