0 0.578125 0.565625 0.29296875 0.75390625
0 0.8015625 0.08203125 0.0390625 0.0734375
0 0.76484375 0.08125 0.04609375 0.065625
0 0.725 0.075 0.0328125 0.0703125
0 0.67578125 0.06328125 0.0328125 0.0734375
0 0.63359375 0.05625 0.040625 0.071875
0 0.58828125 0.04296875 0.0421875 0.0859375
0 0.53203125 0.04140625 0.04765625 0.075
0 0.45625 0.04140625 0.0546875 0.05390625
0 0.42421875 0.034375 0.04375 0.06015625
0 0.7015625 0.07421875 0.03046875 0.05703125
0 0.65859375 0.0671875 0.02265625 0.05546875
0 0.7671875 0.059375 0.0140625 0.025
0 0.60859375 0.07109375 0.015625 0.028125
0 0.08046875 0.2546875 0.034375 0.115625
0 0.24296875 0.29609375 0.1859375 0.36640625
0 0.4296875 0.2640625 0.1859375 0.425
0 0.7046875 0.22578125 0.08671875 0.1609375
0 0.5671875 0.053125 0.034375 0.05859375
0 0.18671875 0.01484375 0.02734375 0.0296875
0 0.25078125 0.02109375 0.025 0.03046875
0 0.3078125 0.025 0.02734375 0.03828125
0 0.371875 0.0375 0.025 0.028125
0 0.96796875 0.30625 0.06328125 0.06171875