0 0.92578125 0.58671875 0.14765625 0.825
0 0.7875 0.58125 0.17421875 0.83515625
0 0.6421875 0.5421875 0.240625 0.9140625
0 0.4703125 0.6140625 0.1921875 0.771875
0 0.315625 0.4984375 0.20546875 0.996875
0 0.13125 0.49921875 0.234375 0.9984375
0 0.8515625 0.628125 0.0578125 0.63828125
0 0.4921875 0.1953125 0.125 0.278125
0 0.38203125 0.146875 0.0953125 0.26328125
0 0.1875 0.11875 0.0578125 0.1546875
0 0.83515625 0.1734375 0.05703125 0.12109375
0 0.38515625 0.28828125 0.3453125 0.23203125
0 0.98515625 0.60703125 0.0296875 0.7859375