0 0.1171875 0.76796875 0.0296875 0.1171875
0 0.10078125 0.74609375 0.01796875 0.03671875
0 0.1375 0.7421875 0.01328125 0.059375
0 0.08046875 0.76875 0.021875 0.10703125
0 0.0421875 0.821875 0.05546875 0.11484375
0 0.0375 0.7875 0.02109375 0.05546875
0 0.14140625 0.76484375 0.021875 0.11015625
0 0.19765625 0.809375 0.03359375 0.190625
0 0.1515625 0.8140625 0.0359375 0.1921875
0 0.16796875 0.815625 0.06015625 0.1890625
0 0.24140625 0.8109375 0.04921875 0.1859375
0 0.24140625 0.8125 0.04609375 0.1875
0 0.2953125 0.796875 0.05625 0.1921875
0 0.35625 0.8109375 0.06171875 0.19453125
0 0.3875 0.81875 0.04375 0.178125
0 0.23828125 0.7984375 0.02421875 0.17265625
0 0.1796875 0.740625 0.05390625 0.0734375
0 0.08046875 0.77734375 0.146875 0.159375