0 0.15390625 0.9375 0.09921875 0.12109375
0 0.10703125 0.86328125 0.08203125 0.0875
0 0.2375 0.96640625 0.0921875 0.06640625
0 0.2296875 0.921875 0.0921875 0.1
0 0.253125 0.89375 0.09609375 0.13671875
0 0.34609375 0.89453125 0.09609375 0.159375
0 0.41953125 0.85625 0.084375 0.140625
0 0.4203125 0.778125 0.1015625 0.06796875
0 0.4703125 0.771875 0.08203125 0.1125
0 0.34453125 0.79375 0.075 0.115625
0 0.246875 0.825 0.08203125 0.0828125
0 0.2546875 0.80078125 0.05625 0.05625
0 0.175 0.7921875 0.08671875 0.07578125
0 0.17890625 0.796875 0.07890625 0.140625
0 0.1890625 0.73984375 0.08203125 0.0984375
0 0.21015625 0.71640625 0.0625 0.1078125
0 0.28515625 0.7046875 0.07890625 0.140625
0 0.38984375 0.7125 0.075 0.08359375
0 0.23984375 0.653125 0.05390625 0.06953125
0 0.2234375 0.62109375 0.03359375 0.07421875
0 0.31640625 0.625 0.05078125 0.10625
0 0.3 0.59609375 0.05078125 0.09921875
0 0.3984375 0.62890625 0.06953125 0.11171875
0 0.4109375 0.58515625 0.04140625 0.06015625
0 0.32109375 0.55390625 0.0671875 0.10859375
0 0.29375 0.50703125 0.040625 0.09140625
0 0.32890625 0.50390625 0.0484375 0.059375
0 0.2890625 0.46015625 0.04375 0.06328125
0 0.3203125 0.45703125 0.03359375 0.0421875
0 0.346875 0.49765625 0.04765625 0.09140625
0 0.390625 0.4875 0.04375 0.0984375
0 0.4359375 0.45625 0.0453125 0.0921875
0 0.32578125 0.43515625 0.05546875 0.040625
0 0.35078125 0.43984375 0.03203125 0.06328125
0 0.3734375 0.4375 0.03359375 0.04375
0 0.47265625 0.425 0.0453125 0.08671875
0 0.44453125 0.409375 0.04609375 0.08359375
0 0.4078125 0.41796875 0.04140625 0.07734375
0 0.396875 0.41015625 0.040625 0.0765625
0 0.3546875 0.39765625 0.0390625 0.0375
0 0.46328125 0.371875 0.04140625 0.04375
0 0.48125 0.375 0.03359375 0.05390625
0 0.40390625 0.375 0.03671875 0.04375
0 0.3640625 0.3875 0.034375 0.04140625
0 0.30625 0.3828125 0.0390625 0.03125
0 0.32734375 0.409375 0.03828125 0.0359375
0 0.2734375 0.3703125 0.02578125 0.02265625
0 0.3 0.36484375 0.03125 0.04140625
0 0.4265625 0.28359375 0.03125 0.05078125
0 0.4546875 0.28359375 0.0234375 0.03359375
0 0.4796875 0.28046875 0.021875 0.03359375
0 0.4953125 0.27890625 0.02109375 0.0328125
0 0.503125 0.29609375 0.03203125 0.04921875
0 0.3609375 0.29375 0.0265625 0.0328125
0 0.39375 0.265625 0.02109375 0.04765625
0 0.40625 0.2609375 0.02109375 0.05
0 0.43359375 0.25 0.0265625 0.0359375
0 0.42578125 0.24765625 0.03125 0.03671875
0 0.43515625 0.20859375 0.02109375 0.0390625
0 0.45 0.209375 0.021875 0.04296875
0 0.41953125 0.2109375 0.01953125 0.02109375
0 0.3953125 0.21015625 0.0171875 0.0234375
0 0.4109375 0.1984375 0.01640625 0.03984375
0 0.4 0.18515625 0.01484375 0.025
0 0.384375 0.17421875 0.01640625 0.01796875
0 0.4078125 0.16875 0.02109375 0.025
0 0.01640625 0.5359375 0.03203125 0.0984375
0 0.05546875 0.43515625 0.071875 0.0859375
0 0.02578125 0.35 0.05078125 0.06796875
0 0.096875 0.33671875 0.03671875 0.0703125
0 0.1234375 0.32890625 0.02109375 0.04375
0 0.190625 0.36953125 0.05078125 0.0390625
0 0.1859375 0.33359375 0.05078125 0.0484375
0 0.1875 0.2875 0.02890625 0.03203125
0 0.0171875 0.309375 0.034375 0.03828125
0 0.0703125 0.3046875 0.04609375 0.0625
0 0.06328125 0.29921875 0.03828125 0.06171875
0 0.0125 0.2890625 0.02421875 0.0359375
0 0.03125 0.29609375 0.0390625 0.0671875
0 0.0109375 0.25625 0.021875 0.0421875
0 0.03046875 0.25859375 0.021875 0.03515625
0 0.04765625 0.25546875 0.03125 0.04921875
0 0.0453125 0.234375 0.03125 0.03359375
0 0.05390625 0.22421875 0.02578125 0.02890625
0 0.05703125 0.21484375 0.021875 0.03359375
0 0.0890625 0.19765625 0.01875 0.01953125
0 0.09921875 0.23046875 0.02734375 0.05390625
0 0.11640625 0.2765625 0.0359375 0.0625
0 0.16875 0.2796875 0.02578125 0.03984375
0 0.18046875 0.2609375 0.02734375 0.040625
0 0.20390625 0.26640625 0.02421875 0.0375
0 0.20703125 0.25078125 0.03203125 0.05078125
0 0.22890625 0.2578125 0.03359375 0.053125
0 0.271875 0.225 0.01015625 0.01640625
0 0.2890625 0.2078125 0.02421875 0.03671875
0 0.275 0.209375 0.02734375 0.0234375
0 0.25546875 0.209375 0.01953125 0.0328125
0 0.21875 0.2109375 0.01953125 0.0390625
0 0.175 0.215625 0.0265625 0.040625
0 0.134375 0.2328125 0.03125 0.05234375
0 0.11484375 0.2125 0.021875 0.0359375
0 0.1390625 0.1953125 0.01953125 0.025
0 0.03125 0.18828125 0.02578125 0.0390625
0 0.0140625 0.16875 0.02109375 0.03828125
0 0.0390625 0.16875 0.01875 0.0375
0 0.07421875 0.159375 0.01640625 0.0359375
0 0.09609375 0.16796875 0.01875 0.0375
0 0.10703125 0.18046875 0.0140625 0.02578125
0 0.1140625 0.16796875 0.01484375 0.0203125
0 0.12578125 0.17890625 0.0140625 0.02421875
0 0.1234375 0.15390625 0.02109375 0.03828125
0 0.1203125 0.13515625 0.01484375 0.0125
0 0.1640625 0.1546875 0.01875 0.03125
0 0.2359375 0.16953125 0.0171875 0.02109375
0 0.246875 0.1734375 0.01484375 0.034375
0 0.2453125 0.1453125 0.0171875 0.0265625
0 0.2640625 0.15390625 0.0171875 0.02890625
0 0.27109375 0.146875 0.0125 0.02265625
0 0.31875 0.16875 0.01875 0.03359375
0 0.30234375 0.18671875 0.01875 0.025
0 0.3171875 0.1828125 0.0171875 0.01953125
0 0.33515625 0.18046875 0.01484375 0.0203125
0 0.36640625 0.16484375 0.0171875 0.03125
0 0.3859375 0.15546875 0.02109375 0.0296875
0 0.40234375 0.1328125 0.01484375 0.02734375
0 0.390625 0.1 0.01171875 0.01796875
0 0.39921875 0.09921875 0.01484375 0.01953125
0 0.3921875 0.11015625 0.0125 0.02265625
0 0.4265625 0.15625 0.0171875 0.03046875
0 0.4390625 0.16875 0.0171875 0.0203125
0 0.45390625 0.1609375 0.01640625 0.03125
0 0.46484375 0.15234375 0.01015625 0.028125
0 0.4765625 0.15078125 0.01484375 0.0296875
0 0.5546875 0.14140625 0.01953125 0.0234375
0 0.55234375 0.1328125 0.0125 0.009375
0 0.23515625 0.128125 0.01484375 0.02265625
0 0.25 0.12734375 0.01484375 0.0234375
0 0.22265625 0.12109375 0.0140625 0.02421875
0 0.28828125 0.10625 0.01015625 0.01171875
0 0.2921875 0.11953125 0.01171875 0.01875
0 0.29609375 0.1265625 0.0125 0.0171875
0 0.31953125 0.1296875 0.0125 0.02421875
0 0.33046875 0.12578125 0.0171875 0.021875
0 0.80703125 0.10625 0.3859375 0.13125
0 0.01640625 0.953125 0.03203125 0.09296875
0 0.23046875 0.9890625 0.05859375 0.021875
0 0.009375 0.81875 0.01875 0.04765625
0 0.253125 0.5234375 0.02890625 0.06484375
0 0.29140625 0.40859375 0.040625 0.03515625
0 0.4203125 0.29296875 0.2375 0.15703125
0 0.3953125 0.196875 0.02890625 0.028125
0 0.66796875 0.315625 0.05390625 0.01484375
0 0.07265625 0.25234375 0.02109375 0.040625
0 0.25546875 0.203125 0.05390625 0.03359375
0 0.14296875 0.22421875 0.04375 0.0625
0 0.04609375 0.165625 0.0140625 0.02734375
0 0.09296875 0.15390625 0.02421875 0.02265625
0 0.19765625 0.1703125 0.06015625 0.06015625
0 0.25234375 0.171875 0.021875 0.0296875
0 0.465625 0.1484375 0.0625 0.02734375
0 0.4015625 0.08125 0.0453125 0.01796875
0 0.31171875 0.08046875 0.0234375 0.0125
0 0.47265625 0.0796875 0.0140625 0.01484375
0 0.2640625 0.125 0.23203125 0.0765625