0 0.20703125 0.6625 0.12421875 0.49921875
0 0.2625 0.64921875 0.10234375 0.4765625
0 0.346875 0.6046875 0.12421875 0.50078125
0 0.428125 0.62265625 0.1140625 0.45625
0 0.50859375 0.61640625 0.096875 0.50078125
0 0.5921875 0.6125 0.1109375 0.4671875
0 0.68515625 0.59609375 0.1359375 0.54140625
0 0.80078125 0.59921875 0.115625 0.5484375
0 0.88984375 0.60234375 0.1109375 0.51953125
0 0.2296875 0.4640625 0.04765625 0.08828125
0 0.9703125 0.509375 0.0390625 0.1515625
0 0.04765625 0.57890625 0.078125 0.146875
0 0.13984375 0.54375 0.02734375 0.06328125