0 0.865625 0.68515625 0.07109375 0.22890625
0 0.87578125 0.653125 0.07109375 0.25234375
0 0.76328125 0.37265625 0.0265625 0.11640625
0 0.5953125 0.29453125 0.01796875 0.07734375
0 0.27265625 0.79453125 0.0984375 0.40625
0 0.3296875 0.753125 0.09296875 0.33515625
0 0.3890625 0.77421875 0.1109375 0.39375
0 0.478125 0.79921875 0.1125 0.39765625
0 0.328125 0.57421875 0.103125 0.14765625
0 0.4078125 0.58125 0.0875 0.1625
0 0.47890625 0.60859375 0.096875 0.18359375
0 0.54453125 0.65703125 0.0640625 0.21484375
0 0.56640625 0.62265625 0.04453125 0.20390625
0 0.59375 0.59296875 0.0515625 0.20625
0 0.62890625 0.61875 0.04453125 0.23359375
0 0.65234375 0.51171875 0.0375 0.11875
0 0.6203125 0.53046875 0.034375 0.15234375
0 0.54140625 0.52890625 0.0390625 0.06640625
0 0.56484375 0.559375 0.04609375 0.07734375
0 0.5140625 0.55703125 0.03359375 0.06484375
0 0.509375 0.53046875 0.0375 0.06015625
0 0.39453125 0.51015625 0.04453125 0.075
0 0.43046875 0.48984375 0.03359375 0.07109375
0 0.459375 0.51484375 0.03359375 0.06640625
0 0.48671875 0.515625 0.03203125 0.07734375
0 0.53515625 0.496875 0.040625 0.06875
0 0.55390625 0.49453125 0.03359375 0.07265625
0 0.453125 0.46640625 0.03359375 0.08359375
0 0.521875 0.44765625 0.04140625 0.07890625
0 0.57421875 0.49375 0.03203125 0.10390625
0 0.61484375 0.45859375 0.0375 0.07890625
0 0.6046875 0.42578125 0.02109375 0.04765625
0 0.62265625 0.40390625 0.03203125 0.10390625
0 0.4921875 0.37890625 0.0234375 0.04609375
0 0.4625 0.38515625 0.03046875 0.07890625
0 0.43125 0.37109375 0.02890625 0.09140625
0 0.446875 0.346875 0.021875 0.08515625
0 0.52265625 0.30546875 0.1515625 0.10234375
0 0.43828125 0.353125 0.02109375 0.11484375
0 0.4609375 0.40234375 0.028125 0.1
0 0.5421875 0.40390625 0.1375 0.1
0 0.6203125 0.36640625 0.02109375 0.03359375
0 0.578125 0.496875 0.078125 0.09375
0 0.484375 0.475 0.0765625 0.05
0 0.43359375 0.54296875 0.0859375 0.08984375
0 0.6296875 0.521875 0.02890625 0.05625
0 0.3671875 0.575 0.0484375 0.15390625