0 0.80078125 0.8046875 0.18359375 0.38671875
0 0.85390625 0.740625 0.12109375 0.51875
0 0.7484375 0.5828125 0.11328125 0.22109375
0 0.6390625 0.64609375 0.1265625 0.3375
0 0.5375 0.8140625 0.16328125 0.371875
0 0.52421875 0.59921875 0.17578125 0.540625
0 0.33515625 0.8 0.24375 0.39921875
0 0.2609375 0.64375 0.1203125 0.325
0 0.14140625 0.721875 0.2234375 0.55625
0 0.03125 0.65546875 0.0625 0.2234375
0 0.04453125 0.4984375 0.0890625 0.3125
0 0.3875 0.58203125 0.11640625 0.3578125
0 0.0703125 0.484375 0.05703125 0.134375
0 0.09453125 0.38984375 0.07578125 0.18125
0 0.1390625 0.415625 0.08125 0.1671875
0 0.20546875 0.47109375 0.0671875 0.20546875
0 0.2421875 0.37578125 0.06875 0.18515625
0 0.26328125 0.5109375 0.1140625 0.30703125
0 0.3171875 0.42734375 0.04296875 0.125
0 0.35078125 0.5109375 0.10546875 0.2921875
0 0.4390625 0.45078125 0.07890625 0.2375
0 0.440625 0.378125 0.05078125 0.146875
0 0.45234375 0.403125 0.02890625 0.090625
0 0.5015625 0.41953125 0.06875 0.22890625
0 0.58125 0.46015625 0.0203125 0.11796875
0 0.60625 0.39375 0.0734375 0.18125
0 0.6359375 0.37578125 0.04375 0.159375
0 0.678125 0.52890625 0.084375 0.23046875
0 0.6796875 0.3515625 0.05078125 0.1359375
0 0.70625 0.38046875 0.0828125 0.13984375
0 0.73046875 0.5015625 0.06953125 0.17578125
0 0.76953125 0.4140625 0.05546875 0.12734375
0 0.82421875 0.46640625 0.07421875 0.1125
0 0.85546875 0.42578125 0.0625 0.14375
0 0.93125 0.53984375 0.1375 0.39375
0 0.93671875 0.62421875 0.12421875 0.2359375
0 0.94609375 0.80234375 0.10625 0.38125
0 0.5 0.8421875 1 0.315625
0 0.978125 0.48671875 0.04375 0.4015625
0 0.478125 0.31328125 0.95625 0.19765625