0 0.009375 0.50859375 0.0125 0.04375
0 0.0171875 0.50859375 0.0109375 0.04375
0 0.02578125 0.50703125 0.0125 0.0421875
0 0.06796875 0.50546875 0.01171875 0.01875
0 0.51796875 0.490625 0.01015625 0.02734375
0 0.52890625 0.49296875 0.00859375 0.02265625
0 0.5359375 0.49609375 0.00859375 0.028125
0 0.54296875 0.49296875 0.0125 0.021875
0 0.5515625 0.49453125 0.00859375 0.02734375
0 0.56328125 0.50234375 0.009375 0.03125
0 0.61875 0.50078125 0.01328125 0.04921875
0 0.60390625 0.503125 0.0140625 0.05
0 0.6078125 0.51015625 0.01015625 0.0421875
0 0.61171875 0.50703125 0.00703125 0.046875
0 0.7703125 0.50546875 0.0125 0.0515625
0 0.7890625 0.50546875 0.01015625 0.04375
0 0.796875 0.49765625 0.01484375 0.04296875
0 0.80546875 0.49609375 0.01171875 0.028125
0 0.83046875 0.49453125 0.0125 0.03125
0 0.8640625 0.49453125 0.01171875 0.0390625
0 0.97734375 0.584375 0.04375 0.1390625
0 0.0390625 0.571875 0.03125 0.1046875
0 0.078125 0.65390625 0.0828125 0.184375
0 0.12265625 0.63203125 0.04375 0.16640625
0 0.20546875 0.73125 0.12734375 0.215625
0 0.26015625 0.64609375 0.0484375 0.1796875
0 0.29765625 0.63203125 0.0609375 0.171875
0 0.3140625 0.6078125 0.05703125 0.14453125
0 0.41640625 0.6328125 0.0453125 0.1984375
0 0.3984375 0.62890625 0.02734375 0.17578125
0 0.4453125 0.5375 0.04296875 0.08984375
0 0.51484375 0.72734375 0.1046875 0.2125
0 0.50859375 0.61171875 0.0390625 0.09609375
0 0.50625 0.5734375 0.02578125 0.04921875
0 0.5921875 0.61171875 0.034375 0.16328125
0 0.5640625 0.590625 0.04453125 0.13046875
0 0.7421875 0.73515625 0.11875 0.20078125
0 0.825 0.72734375 0.090625 0.1859375
0 0.27734375 0.50859375 0.175 0.053125
0 0.10078125 0.49765625 0.04375 0.02578125
0 0.63203125 0.490625 0.01796875 0.0359375
0 0.72890625 0.5 0.06953125 0.0546875
0 0.42265625 0.503125 0.028125 0.0375
0 0.48359375 0.49609375 0.06328125 0.04921875
0 0.55625 0.503125 0.0078125 0.01640625
0 0.44609375 0.49609375 0.0125 0.01640625
0 0.046875 0.5046875 0.01328125 0.03671875
0 0.565625 0.4828125 0.00703125 0.00703125
0 0.5671875 0.49765625 0.0078125 0.01640625
0 0.00859375 0.64140625 0.0171875 0.1953125
0 0.0890625 0.54375 0.034375 0.0453125
0 0.05703125 0.5078125 0.00859375 0.02421875