0 0.05703125 0.50625 0.103125 0.5734375
0 0.16875 0.5140625 0.13515625 0.57578125
0 0.3 0.50390625 0.1265625 0.5859375
0 0.4140625 0.51953125 0.13359375 0.58203125
0 0.53515625 0.39140625 0.1125 0.36640625
0 0.6609375 0.42734375 0.11171875 0.36953125
0 0.771875 0.44921875 0.1234375 0.41953125
0 0.89453125 0.51953125 0.140625 0.55859375
0 0.95625 0.43203125 0.08671875 0.51640625
0 0.72421875 0.7125 0.21796875 0.5734375
0 0.01796875 0.296875 0.03515625 0.21640625
0 0.109375 0.3953125 0.08828125 0.45390625
0 0.209375 0.43828125 0.07265625 0.4765625
0 0.30390625 0.28671875 0.10390625 0.203125
0 0.40546875 0.27421875 0.10625 0.26015625
0 0.49140625 0.36640625 0.0703125 0.446875
0 0.57265625 0.22734375 0.053125 0.16171875
0 0.609375 0.36875 0.09140625 0.41328125
0 0.73671875 0.278125 0.0765625 0.23984375
0 0.84765625 0.42109375 0.07578125 0.46328125
0 0.93515625 0.20390625 0.10859375 0.15
0 0.97890625 0.1734375 0.0421875 0.20546875
0 0.80859375 0.22421875 0.07890625 0.21484375
0 0.70546875 0.22890625 0.05859375 0.1953125
0 0.1578125 0.17890625 0.07421875 0.13515625
0 0.23671875 0.23046875 0.07578125 0.2109375
0 0.3296875 0.21015625 0.0671875 0.19453125
0 0.421875 0.1921875 0.08671875 0.13828125
0 0.36484375 0.16171875 0.0625 0.16171875
0 0.27734375 0.1390625 0.06640625 0.15625
0 0.18984375 0.1359375 0.05546875 0.13046875
0 0.1109375 0.13828125 0.07421875 0.12578125
0 0.05703125 0.178125 0.07734375 0.15546875
0 0.02734375 0.1296875 0.0546875 0.159375
0 0.07578125 0.10625 0.05546875 0.1359375
0 0.14296875 0.090625 0.04921875 0.15390625
0 0.21015625 0.08671875 0.05859375 0.11328125
0 0.28125 0.0765625 0.07421875 0.1296875
0 0.36171875 0.09609375 0.05859375 0.13125
0 0.4453125 0.171875 0.06015625 0.234375
0 0.5125 0.165625 0.096875 0.1546875
0 0.5921875 0.1328125 0.07109375 0.15078125
0 0.67109375 0.16953125 0.06484375 0.19453125
0 0.6375 0.14375 0.07109375 0.2140625
0 0.7671875 0.15859375 0.07421875 0.18046875
0 0.86796875 0.16171875 0.07890625 0.171875
0 0.715625 0.04453125 0.565625 0.0890625
0 0.934375 0.134375 0.10078125 0.09296875
0 0.81953125 0.115625 0.084375 0.053125
0 0.84375 0.1609375 0.02734375 0.03984375
0 0.725 0.11953125 0.06171875 0.0640625
0 0.5578125 0.13125 0.05859375 0.0859375
0 0.478125 0.1296875 0.05859375 0.08359375
0 0.2171875 0.028125 0.43359375 0.05546875
0 0.4 0.09921875 0.0640625 0.08828125
0 0.31875 0.084375 0.04375 0.059375
0 0.2390625 0.08125 0.04453125 0.0515625
0 0.16953125 0.071875 0.0375 0.03203125
0 0.10234375 0.0765625 0.05859375 0.04453125
0 0.01640625 0.096875 0.03203125 0.08671875
0 0.04609375 0.06484375 0.01328125 0.0203125
0 0.06015625 0.91171875 0.1203125 0.17421875