0 0.16484375 0.83359375 0.32890625 0.33203125
0 0.2203125 0.70703125 0.440625 0.50859375
0 0.2 0.6671875 0.3765625 0.50546875
0 0.2328125 0.58671875 0.30546875 0.36015625
0 0.2421875 0.54296875 0.24453125 0.2703125
0 0.26328125 0.5140625 0.21640625 0.3
0 0.26953125 0.496875 0.14765625 0.221875
0 0.2609375 0.43515625 0.084375 0.13671875
0 0.27109375 0.4359375 0.06484375 0.11328125
0 0.284375 0.44140625 0.06328125 0.1796875
0 0.2953125 0.403125 0.03828125 0.10859375
0 0.57890625 0.703125 0.37734375 0.59296875
0 0.7171875 0.6984375 0.3046875 0.603125
0 0.884375 0.60703125 0.23046875 0.49765625
0 0.95703125 0.5078125 0.0859375 0.31875
0 0.3390625 0.33984375 0.040625 0.0953125
0 0.3765625 0.33515625 0.059375 0.1125
0 0.40234375 0.3109375 0.04453125 0.0890625
0 0.43515625 0.33984375 0.05390625 0.1046875
0 0.48828125 0.35625 0.040625 0.09453125
0 0.4671875 0.31796875 0.0234375 0.05546875
0 0.50859375 0.31640625 0.02890625 0.06015625
0 0.5453125 0.33984375 0.0578125 0.1
0 0.54609375 0.30625 0.0484375 0.065625
0 0.5890625 0.31171875 0.05703125 0.08984375
0 0.33046875 0.40078125 0.03828125 0.084375
0 0.34921875 0.40703125 0.05078125 0.09921875
0 0.35390625 0.44140625 0.04921875 0.12109375
0 0.37109375 0.5609375 0.071875 0.35546875
0 0.40234375 0.5453125 0.0890625 0.3078125
0 0.40859375 0.3796875 0.02890625 0.05234375
0 0.4328125 0.38203125 0.03671875 0.053125
0 0.49765625 0.43671875 0.07421875 0.1203125
0 0.5453125 0.49140625 0.09921875 0.221875
0 0.5171875 0.3984375 0.04296875 0.09453125
0 0.56484375 0.37734375 0.0484375 0.0859375
0 0.58203125 0.3625 0.0265625 0.0546875
0 0.59765625 0.42421875 0.04765625 0.1546875
0 0.63046875 0.3703125 0.03671875 0.0640625
0 0.62890625 0.3359375 0.03046875 0.06328125
0 0.65859375 0.3625 0.0453125 0.08359375
0 0.665625 0.440625 0.0671875 0.1546875
0 0.75546875 0.54296875 0.14921875 0.37578125
0 0.69296875 0.3921875 0.05234375 0.09140625
0 0.7125 0.3671875 0.03515625 0.09921875
0 0.753125 0.3703125 0.03671875 0.10859375
0 0.78125 0.3625 0.04921875 0.08125
0 0.80078125 0.3859375 0.071875 0.1421875
0 0.88359375 0.34140625 0.06328125 0.25859375
0 0.93671875 0.3484375 0.1015625 0.3078125
0 0.23671875 0.36484375 0.07734375 0.04296875
0 0.421875 0.315625 0.00859375 0.021875
0 0.45234375 0.4046875 0.0296875 0.0359375
0 0.7140625 0.31640625 0.02109375 0.02109375
0 0.98984375 0.32890625 0.0203125 0.08203125
0 0.2859375 0.4171875 0.0140625 0.0546875
0 0.70703125 0.26328125 0.01796875 0.0640625