0 0.9109375 0.815625 0.02265625 0.13515625
0 0.89296875 0.80390625 0.02578125 0.1
0 0.8796875 0.8046875 0.01640625 0.1
0 0.81953125 0.80390625 0.02109375 0.1109375
0 0.7828125 0.86015625 0.0734375 0.259375
0 0.78671875 0.8578125 0.06796875 0.24375
0 0.7390625 0.81328125 0.01953125 0.125
0 0.68828125 0.8109375 0.02578125 0.1203125
0 0.66171875 0.8015625 0.028125 0.09609375
0 0.696875 0.80703125 0.0234375 0.11484375
0 0.64140625 0.83359375 0.02734375 0.1484375
0 0.60859375 0.8359375 0.228125 0.32421875
0 0.54140625 0.81015625 0.02109375 0.13515625
0 0.5234375 0.81015625 0.04765625 0.121875
0 0.4765625 0.8359375 0.03515625 0.1984375
0 0.45703125 0.834375 0.02578125 0.1609375
0 0.45703125 0.82578125 0.0265625 0.14453125
0 0.40078125 0.7984375 0.02421875 0.1359375
0 0.3859375 0.8015625 0.02109375 0.10078125
0 0.34765625 0.8203125 0.03515625 0.140625
0 0.32265625 0.815625 0.02578125 0.1390625
0 0.30234375 0.80390625 0.01875 0.1234375
0 0.28984375 0.8140625 0.028125 0.1515625
0 0.271875 0.8125 0.01953125 0.115625
0 0.19140625 0.8484375 0.05 0.16796875
0 0.1765625 0.853125 0.0296875 0.159375
0 0.15390625 0.86015625 0.034375 0.15390625
0 0.11953125 0.83359375 0.02421875 0.13984375
0 0.13984375 0.79296875 0.02578125 0.08515625
0 0.1625 0.771875 0.01484375 0.0390625
0 0.0125 0.88046875 0.02421875 0.20546875
0 0.790625 0.81484375 0.025 0.121875
0 0.24765625 0.80625 0.03359375 0.1515625