0 0.76015625 0.5125 0.03203125 0.10703125
0 0.734375 0.51015625 0.04609375 0.10859375
0 0.61484375 0.534375 0.075 0.2515625
0 0.5640625 0.5484375 0.0734375 0.22265625
0 0.48671875 0.5453125 0.08046875 0.20546875
0 0.45390625 0.521875 0.08828125 0.2453125
0 0.521875 0.509375 0.03203125 0.0765625
0 0.534375 0.49140625 0.01640625 0.03828125
0 0.384375 0.51328125 0.04609375 0.1234375
0 0.3484375 0.51015625 0.04140625 0.09921875
0 0.140625 0.52890625 0.08046875 0.2375
0 0.02734375 0.528125 0.0546875 0.21171875
0 0.41015625 0.51328125 0.03046875 0.09296875