0 0.871875 0.603125 0.25390625 0.79140625
0 0.44296875 0.37578125 0.0578125 0.19296875
0 0.53125 0.365625 0.0375 0.13984375
0 0.5734375 0.37109375 0.0421875 0.19140625
0 0.59453125 0.36640625 0.0265625 0.16328125
0 0.5875 0.28984375 0.0265625 0.04609375
0 0.6640625 0.3875 0.07265625 0.23203125
0 0.7125 0.3953125 0.08046875 0.278125
0 0.7875 0.3359375 0.11484375 0.29453125
0 0.796875 0.44375 0.10234375 0.5078125
0 0.33203125 0.353125 0.03046875 0.1125
0 0.27578125 0.340625 0.02578125 0.07109375
0 0.2390625 0.3453125 0.0234375 0.06171875
0 0.48359375 0.35234375 0.02734375 0.13203125
0 0.5375 0.3265625 0.0296875 0.10390625
0 0.66484375 0.27734375 0.01875 0.02109375
0 0.7578125 0.30546875 0.0359375 0.075
0 0.4109375 0.34921875 0.0265625 0.11640625
0 0.38828125 0.34375 0.02421875 0.1125
0 0.378125 0.34921875 0.0203125 0.1015625
0 0.46640625 0.3125 0.01953125 0.034375
0 0.50078125 0.34921875 0.0375 0.1421875
0 0.5171875 0.290625 0.01796875 0.02734375
0 0.51796875 0.3 0.01875 0.025
0 0.95703125 0.553125 0.084375 0.8921875
0 0.18671875 0.32421875 0.08359375 0.0609375
0 0.2328125 0.32578125 0.01015625 0.04453125
0 0.2515625 0.309375 0.03203125 0.02265625
0 0.25625 0.340625 0.01875 0.0421875
0 0.3015625 0.33671875 0.0359375 0.084375
0 0.35390625 0.34296875 0.0265625 0.11640625
0 0.3296875 0.30234375 0.021875 0.0234375
0 0.38671875 0.290625 0.0078125 0.01171875
0 0.42265625 0.29375 0.00859375 0.01484375
0 0.275 0.3078125 0.01640625 0.01484375