0 0.6203125 0.58828125 0.03515625 0.15078125
0 0.728125 0.59296875 0.04296875 0.140625
0 0.78359375 0.66640625 0.109375 0.33828125
0 0.84765625 0.665625 0.05234375 0.32109375
0 0.92734375 0.728125 0.0546875 0.3875
0 0.94375 0.73671875 0.109375 0.4171875
0 0.55 0.53984375 0.009375 0.03515625
0 0.56640625 0.5390625 0.0078125 0.03359375
0 0.57421875 0.53515625 0.0078125 0.0140625
0 0.5578125 0.54140625 0.009375 0.0375
0 0.6 0.57890625 0.015625 0.09375
0 0.64375 0.575 0.0296875 0.125
0 0.446875 0.58046875 0.11953125 0.12734375
0 0.6234375 0.53046875 0.03125 0.03125