0 0.9671875 0.753125 0.065625 0.49296875
0 0.88125 0.7828125 0.18125 0.43359375
0 0.73203125 0.76171875 0.14453125 0.38359375
0 0.58203125 0.796875 0.26328125 0.40546875
0 0.5078125 0.6875 0.08984375 0.3546875
0 0.5359375 0.74921875 0.04140625 0.12734375
0 0.4328125 0.70625 0.07265625 0.28671875
0 0.3953125 0.66484375 0.06953125 0.3015625
0 0.33125 0.67421875 0.1125 0.603125
0 0.31328125 0.73984375 0.05546875 0.3328125
0 0.26171875 0.68671875 0.07109375 0.30078125
0 0.265625 0.546875 0.0625 0.096875
0 0.21484375 0.565625 0.0671875 0.1578125
0 0.1578125 0.534375 0.04140625 0.1109375
0 0.13515625 0.54765625 0.0609375 0.13515625
0 0.06484375 0.71484375 0.06484375 0.28046875
0 0.04765625 0.6984375 0.0953125 0.30625
0 0.06796875 0.509375 0.0484375 0.1453125
0 0.1875 0.4609375 0.01015625 0.04296875
0 0.17734375 0.46953125 0.01015625 0.02421875
0 0.1671875 0.46796875 0.015625 0.02578125
0 0.15234375 0.47109375 0.01953125 0.021875
0 0.140625 0.48046875 0.00859375 0.01875
0 0.13359375 0.47109375 0.00859375 0.021875
0 0.13046875 0.459375 0.01015625 0.02578125
0 0.1140625 0.465625 0.021875 0.04609375
0 0.12265625 0.45390625 0.01328125 0.03125
0 0.1265625 0.44296875 0.01015625 0.0140625
0 0.10390625 0.46484375 0.01171875 0.04765625
0 0.09453125 0.45 0.01015625 0.02734375
0 0.05 0.4578125 0.01015625 0.02578125
0 0.03359375 0.4515625 0.01171875 0.01640625
0 0.02421875 0.40390625 0.01171875 0.02578125
0 0.12421875 0.42109375 0.01484375 0.0265625
0 0.10546875 0.4234375 0.01484375 0.0421875
0 0.0859375 0.421875 0.01875 0.03984375
0 0.06328125 0.42109375 0.01640625 0.04296875
0 0.04140625 0.421875 0.01875 0.04296875
0 0.0578125 0.4171875 0.00859375 0.04140625
0 0.0734375 0.4125 0.0078125 0.0359375
0 0.084375 0.40078125 0.0140625 0.02265625
0 0.0953125 0.40625 0.0109375 0.01953125
0 0.14375 0.42109375 0.01015625 0.0375
0 0.1515625 0.4203125 0.01015625 0.0390625
0 0.15546875 0.41953125 0.00703125 0.040625
0 0.16328125 0.42109375 0.00859375 0.03984375
0 0.16875 0.42265625 0.009375 0.04140625
0 0.1765625 0.41796875 0.01171875 0.025
0 0.17734375 0.44609375 0.01484375 0.04921875
0 0.19453125 0.415625 0.0125 0.02109375
0 0.1171875 0.41484375 0.01171875 0.02265625
0 0.1265625 0.41328125 0.0109375 0.02890625
0 0.13359375 0.4125 0.01015625 0.0296875
0 0.634375 0.64921875 0.05703125 0.1421875
0 0.5875 0.61953125 0.07109375 0.13046875
0 0.06484375 0.5796875 0.1265625 0.44921875
0 0.13671875 0.415625 0.146875 0.053125
0 0.803125 0.8828125 0.11875 0.23125
0 0.68203125 0.2296875 0.58984375 0.459375
0 0.2234375 0.43046875 0.0171875 0.0109375