0 0.96796875 0.4921875 0.06171875 0.46015625
0 0.84375 0.7453125 0.309375 0.50625
0 0.6546875 0.74921875 0.215625 0.49765625
0 0.2546875 0.725 0.2265625 0.54609375
0 0.4078125 0.65625 0.1734375 0.684375
0 0.50078125 0.63828125 0.1265625 0.62421875
0 0.64921875 0.45703125 0.1625 0.55390625
0 0.8046875 0.52109375 0.12109375 0.521875
0 0.59296875 0.42890625 0.246875 0.48984375
0 0.5375 0.54609375 0.090625 0.62421875
0 0.44140625 0.33203125 0.06640625 0.1796875
0 0.33125 0.4609375 0.09765625 0.53828125
0 0.253125 0.42421875 0.109375 0.34765625
0 0.15390625 0.57109375 0.1265625 0.68203125
0 0.06953125 0.5296875 0.13828125 0.67578125
0 0.20234375 0.26875 0.0546875 0.18203125