0 0.0453125 0.53046875 0.090625 0.84296875
0 0.14921875 0.54375 0.13046875 0.7359375
0 0.240625 0.5140625 0.15 0.82421875
0 0.3 0.18984375 0.04921875 0.11015625
0 0.36640625 0.178125 0.04140625 0.11875
0 0.403125 0.21796875 0.09609375 0.1984375
0 0.4375 0.2109375 0.04609375 0.1296875
0 0.4875 0.13671875 0.0609375 0.12265625
0 0.5421875 0.20234375 0.05390625 0.184375
0 0.6078125 0.14375 0.03515625 0.04296875
0 0.65625 0.20078125 0.0421875 0.13984375
0 0.70390625 0.13671875 0.0421875 0.0703125
0 0.72734375 0.23515625 0.059375 0.15
0 0.73046875 0.23515625 0.0640625 0.15
0 0.32265625 0.56796875 0.1703125 0.86015625
0 0.46484375 0.58203125 0.14921875 0.7984375
0 0.5109375 0.25546875 0.0578125 0.17578125
0 0.59609375 0.540625 0.15234375 0.81875
0 0.67890625 0.51640625 0.10859375 0.7296875
0 0.78046875 0.53671875 0.13203125 0.7640625
0 0.90078125 0.54140625 0.16953125 0.9171875
0 0.42109375 0.13359375 0.0296875 0.06015625