0 0.81875 0.61015625 0.0953125 0.3484375
0 0.77578125 0.56796875 0.09765625 0.384375
0 0.85703125 0.49375 0.04921875 0.17734375
0 0.68359375 0.46796875 0.0375 0.1640625
0 0.72421875 0.46171875 0.0390625 0.17265625
0 0.95703125 0.453125 0.02421875 0.14140625
0 0.98671875 0.45234375 0.02421875 0.16015625
0 0.325 0.23515625 0.071875 0.09453125
0 0.78203125 0.44453125 0.078125 0.165625
0 0.6296875 0.43828125 0.028125 0.13125
0 0.653125 0.4171875 0.01875 0.06875
0 0.66796875 0.446875 0.021875 0.1171875
0 0.70703125 0.45078125 0.0234375 0.1296875
0 0.96640625 0.38203125 0.04765625 0.04296875
0 0.696875 0.3953125 0.11875 0.05