0 0.1671875 0.7265625 0.2859375 0.403125
0 0.12109375 0.58671875 0.22265625 0.203125
0 0.04375 0.5046875 0.0875 0.11328125
0 0.04140625 0.42109375 0.07265625 0.11484375
0 0.36875 0.64140625 0.2125 0.34296875
0 0.32421875 0.54765625 0.1640625 0.18515625
0 0.2203125 0.52109375 0.0796875 0.1546875
0 0.2203125 0.50078125 0.09765625 0.13515625
0 0.16796875 0.46484375 0.04609375 0.11328125
0 0.1671875 0.46484375 0.0484375 0.11328125
0 0.1296875 0.4296875 0.0546875 0.09296875
0 0.46171875 0.57421875 0.14609375 0.24140625
0 0.41640625 0.5390625 0.1 0.078125
0 0.46171875 0.5015625 0.0609375 0.11015625
0 0.2734375 0.4484375 0.04375 0.08671875
0 0.2328125 0.43984375 0.04140625 0.0796875
0 0.29765625 0.4015625 0.03984375 0.06640625
0 0.21953125 0.39453125 0.0234375 0.06171875
0 0.246875 0.3828125 0.04140625 0.05859375
0 0.26015625 0.371875 0.0328125 0.05703125
0 0.5765625 0.50546875 0.07109375 0.1015625
0 0.52578125 0.48046875 0.04375 0.05859375
0 0.4765625 0.4578125 0.0390625 0.071875
0 0.575 0.46328125 0.03515625 0.0703125
0 0.5046875 0.440625 0.0296875 0.05859375
0 0.48203125 0.43359375 0.03359375 0.06328125
0 0.40390625 0.39140625 0.02734375 0.05
0 0.3484375 0.43984375 0.0265625 0.05703125
0 0.3734375 0.459375 0.04140625 0.071875
0 0.3921875 0.428125 0.0296875 0.053125
0 0.6875 0.4203125 0.1 0.18984375
0 0.640625 0.8125 0.28359375 0.371875
0 0.9078125 0.83515625 0.18125 0.3265625
0 0.7546875 0.73515625 0.17734375 0.2203125
0 0.77890625 0.62578125 0.1375 0.16796875
0 0.90546875 0.62421875 0.1140625 0.128125
0 0.81484375 0.56640625 0.0921875 0.1703125
0 0.921875 0.5859375 0.1234375 0.178125
0 0.8421875 0.49609375 0.05625 0.08515625
0 0.9234375 0.5171875 0.06015625 0.08828125
0 0.975 0.53515625 0.05 0.10703125
0 0.8109375 0.5234375 0.07890625 0.08671875
0 0.09765625 0.4 0.1953125 0.103125
0 0.103125 0.503125 0.0609375 0.04296875
0 0.32109375 0.4296875 0.07265625 0.15
0 0.3734375 0.39921875 0.0359375 0.0484375
0 0.4171875 0.44140625 0.0390625 0.053125
0 0.6734375 0.56328125 0.05390625 0.13359375
0 0.5921875 0.49140625 0.04375 0.05