0 0.134375 0.72890625 0.15703125 0.47421875
0 0.240625 0.7796875 0.13984375 0.4359375
0 0.3421875 0.775 0.0890625 0.42578125
0 0.4203125 0.815625 0.15703125 0.3640625
0 0.55390625 0.79921875 0.14765625 0.39765625
0 0.75546875 0.665625 0.14765625 0.6640625
0 0.91875 0.65703125 0.14375 0.68203125
0 0.83515625 0.63984375 0.09765625 0.6640625
0 0.6953125 0.62578125 0.08125 0.63203125
0 0.62109375 0.653125 0.14375 0.665625
0 0.584375 0.37734375 0.06171875 0.121875
0 0.5171875 0.6 0.1171875 0.5796875
0 0.4359375 0.55078125 0.1171875 0.49375
0 0.39140625 0.38125 0.08125 0.234375
0 0.33828125 0.50078125 0.11171875 0.3703125
0 0.29140625 0.33203125 0.08125 0.171875
0 0.23125 0.46484375 0.1265625 0.34609375
0 0.121875 0.47265625 0.12421875 0.36171875
0 0.18125 0.3046875 0.07734375 0.221875