0 0.0265625 0.725 0.0390625 0.175
0 0.078125 0.7296875 0.03046875 0.19453125
0 0.090625 0.72734375 0.04296875 0.27265625
0 0.14375 0.7109375 0.05078125 0.315625
0 0.1640625 0.72578125 0.0375 0.23046875
0 0.18125 0.7296875 0.0328125 0.20546875
0 0.22421875 0.715625 0.06015625 0.29765625
0 0.25234375 0.72578125 0.04609375 0.2515625
0 0.334375 0.71875 0.0578125 0.3296875
0 0.47734375 0.7015625 0.06953125 0.43203125
0 0.5609375 0.74140625 0.00703125 0.0390625
0 0.56875 0.7390625 0.00703125 0.0421875
0 0.60234375 0.6890625 0.10234375 0.53359375
0 0.90078125 0.7296875 0.00234375 0.015625
0 0.99296875 0.73828125 0.01328125 0.02265625
0 0.06640625 0.71484375 0.00390625 0.01328125