0 0.4984375 0.59453125 0.096875 0.35390625
0 0.43203125 0.53671875 0.06953125 0.2109375
0 0.37734375 0.57265625 0.06953125 0.29375
0 0.33515625 0.5734375 0.04609375 0.334375
0 0.309375 0.590625 0.059375 0.39296875
0 0.25 0.65546875 0.11875 0.634375
0 0.1921875 0.4875 0.04921875 0.18984375
0 0.14921875 0.54375 0.0640625 0.31328125
0 0.0953125 0.5828125 0.11328125 0.27265625
0 0.11796875 0.50078125 0.03984375 0.19375
0 0.22265625 0.42734375 0.04375 0.06953125
0 0.86875 0.69375 0.2578125 0.46640625
0 0.5953125 0.6046875 0.14453125 0.315625
0 0.4671875 0.5203125 0.03203125 0.178125
0 0.34375 0.63828125 0.0203125 0.10078125
0 0.3421875 0.4203125 0.0140625 0.02890625