0 0.17578125 0.69609375 0.14375 0.4640625
0 0.30546875 0.71328125 0.11484375 0.4703125
0 0.71484375 0.67265625 0.109375 0.47421875
0 0.81796875 0.66015625 0.10234375 0.415625
0 0.92109375 0.74921875 0.13046875 0.4421875
0 0.53515625 0.6421875 0.07890625 0.3
0 0.58671875 0.6328125 0.053125 0.25
0 0.36171875 0.60625 0.06015625 0.2359375
0 0.10234375 0.62890625 0.053125 0.234375
0 0.09296875 0.59375 0.05078125 0.14375
0 0.040625 0.56015625 0.046875 0.09609375
0 0.0296875 0.753125 0.05859375 0.1859375
0 0.6421875 0.52265625 0.0203125 0.034375
0 0.84609375 0.64765625 0.07890625 0.36015625
0 0.65859375 0.53203125 0.0296875 0.071875
0 0.565625 0.52421875 0.02265625 0.0359375
0 0.3046875 0.69765625 0.10234375 0.41171875
0 0.02421875 0.66328125 0.02421875 0.0703125
0 0.12890625 0.53828125 0.03046875 0.05625
0 0.1296875 0.54609375 0.028125 0.04765625
0 0.225 0.60703125 0.028125 0.1703125
0 0.196875 0.5296875 0.0203125 0.02421875
0 0.24296875 0.57421875 0.0359375 0.1
0 0.26171875 0.5328125 0.02421875 0.04609375
0 0.44453125 0.55078125 0.03046875 0.05390625
0 0.96171875 0.7890625 0.0734375 0.41796875
0 0.6265625 0.5578125 0.0984375 0.09609375
0 0.053125 0.58828125 0.10625 0.1546875
0 0.42890625 0.54765625 0.1375 0.06015625
0 0.51328125 0.609375 0.0265625 0.10625
0 0.7671875 0.5640625 0.065625 0.1
0 0.90234375 0.55 0.0625 0.0640625
0 0.83515625 0.74375 0.1796875 0.26015625