0 0.953125 0.746875 0.065625 0.25078125
0 0.81484375 0.759375 0.075 0.2890625
0 0.734375 0.753125 0.071875 0.28125
0 0.92734375 0.66796875 0.01796875 0.06015625
0 0.925 0.63984375 0.01328125 0.034375
0 0.66796875 0.753125 0.059375 0.2828125
0 0.62109375 0.7734375 0.07109375 0.30078125
0 0.5546875 0.759375 0.065625 0.32890625
0 0.49609375 0.77578125 0.08515625 0.3390625
0 0.43125 0.7578125 0.06171875 0.33515625
0 0.38125 0.76875 0.06875 0.31484375
0 0.31328125 0.7484375 0.07265625 0.290625
0 0.24375 0.746875 0.07265625 0.2953125
0 0.17109375 0.7546875 0.075 0.2890625
0 0.1 0.75546875 0.07109375 0.29296875
0 0.0109375 0.68359375 0.021875 0.09296875
0 0.02734375 0.684375 0.0234375 0.08984375
0 0.0640625 0.71171875 0.03046875 0.13515625
0 0.88828125 0.75625 0.06875 0.2859375
0 0.03359375 0.67109375 0.0140625 0.0703125
0 0.4984375 0.58671875 0.809375 0.14609375
0 0.47734375 0.840625 0.8015625 0.09375
0 0.93046875 0.63671875 0.01328125 0.028125
0 0.98203125 0.66875 0.01640625 0.05
0 0.05 0.67265625 0.015625 0.09609375
0 0.08203125 0.64375 0.021875 0.0296875