0 0.01328125 0.709375 0.01484375 0.071875
0 0.0328125 0.80546875 0.065625 0.2765625
0 0.1046875 0.78828125 0.06171875 0.27421875
0 0.09609375 0.8265625 0.1328125 0.27578125
0 0.14765625 0.721875 0.01796875 0.075
0 0.1578125 0.72265625 0.0234375 0.08671875
0 0.16484375 0.72265625 0.01953125 0.08203125
0 0.175 0.71953125 0.0109375 0.0796875
0 0.18046875 0.72734375 0.021875 0.0890625
0 0.21640625 0.734375 0.0265625 0.09375
0 0.25390625 0.69140625 0.0171875 0.03515625
0 0.384375 0.80703125 0.08203125 0.26953125
0 0.82421875 0.80234375 0.12265625 0.28046875
0 0.09765625 0.66953125 0.0875 0.03828125
0 0.709375 0.70546875 0.578125 0.059375