0 0.3546875 0.71015625 0.109375 0.19453125
0 0.465625 0.69140625 0.10390625 0.1890625
0 0.340625 0.43671875 0.09296875 0.39921875
0 0.42734375 0.28515625 0.04296875 0.14609375
0 0.521875 0.2984375 0.10390625 0.1421875
0 0.634375 0.30078125 0.1265625 0.15390625
0 0.7859375 0.31875 0.05 0.13203125
0 0.83828125 0.56328125 0.109375 0.58984375
0 0.75078125 0.5484375 0.09296875 0.53671875
0 0.75390625 0.615625 0.1140625 0.46875
0 0.6796875 0.53203125 0.09296875 0.53125
0 0.62109375 0.55625 0.13046875 0.5875
0 0.54296875 0.53671875 0.09140625 0.5171875
0 0.48515625 0.50078125 0.10390625 0.46484375
0 0.428125 0.5078125 0.19609375 0.4828125