0 0.10546875 0.509375 0.2109375 0.978125
0 0.28828125 0.57421875 0.159375 0.8484375
0 0.2375 0.57890625 0.14140625 0.8390625
0 0.22109375 0.2296875 0.09609375 0.18125
0 0.32578125 0.2359375 0.05625 0.18359375
0 0.3640625 0.58125 0.07421875 0.7703125
0 0.43046875 0.60703125 0.15625 0.78125
0 0.42578125 0.209375 0.05546875 0.08125
0 0.48671875 0.5359375 0.09375 0.83125
0 0.51484375 0.56953125 0.115625 0.8609375
0 0.590625 0.1640625 0.13125 0.271875
0 0.60859375 0.5671875 0.1546875 0.865625
0 0.66875 0.23125 0.075 0.3109375
0 0.72109375 0.590625 0.14375 0.81484375
0 0.8015625 0.578125 0.1 0.84375
0 0.81171875 0.20625 0.12734375 0.309375
0 0.90703125 0.54296875 0.184375 0.9109375
0 0.009375 0.27578125 0.01875 0.06640625