0 0.15703125 0.6453125 0.16796875 0.70625
0 0.30703125 0.61953125 0.215625 0.7578125
0 0.39375 0.45546875 0.07890625 0.4515625
0 0.38359375 0.24296875 0.0390625 0.1078125
0 0.4265625 0.225 0.03984375 0.0875
0 0.43359375 0.4265625 0.0453125 0.375
0 0.465625 0.4625 0.071875 0.475
0 0.49609375 0.25546875 0.0328125 0.0890625
0 0.5 0.2390625 0.0546875 0.1
0 0.55390625 0.55390625 0.17265625 0.7203125
0 0.5859375 0.421875 0.0703125 0.509375
0 0.60703125 0.253125 0.04765625 0.084375
0 0.67109375 0.48828125 0.109375 0.6265625
0 0.6890625 0.55234375 0.13203125 0.6671875
0 0.7453125 0.43984375 0.07109375 0.4296875
0 0.628125 0.45 0.0390625 0.41875
0 0.840625 0.37265625 0.1015625 0.3234375
0 0.8359375 0.70703125 0.165625 0.5859375
0 0.35625 0.25 0.046875 0.1375
0 0.61796875 0.24765625 0.34765625 0.1671875
0 0.73046875 0.0421875 0.05078125 0.05625
0 0.79375 0.0125 0.040625 0.021875
0 0.26015625 0.17265625 0.034375 0.0546875