0 0.09140625 0.49921875 0.06640625 0.3953125
0 0.134375 0.49921875 0.1109375 0.4703125
0 0.13671875 0.5046875 0.10234375 0.4984375
0 0.2078125 0.32421875 0.0296875 0.10390625
0 0.22734375 0.475 0.07890625 0.33671875
0 0.25390625 0.2953125 0.04375 0.0671875
0 0.29453125 0.328125 0.0984375 0.1859375
0 0.26328125 0.640625 0.19140625 0.71875
0 0.3421875 0.6390625 0.06328125 0.71640625
0 0.41484375 0.65546875 0.12578125 0.65
0 0.41171875 0.665625 0.13671875 0.66796875
0 0.53984375 0.6015625 0.1875 0.790625
0 0.5359375 0.678125 0.15546875 0.64375
0 0.675 0.63046875 0.18359375 0.7375
0 0.7625 0.6078125 0.13125 0.75234375
0 0.765625 0.61484375 0.12109375 0.7703125
0 0.20859375 0.325 0.0296875 0.10703125
0 0.60390625 0.3234375 0.03359375 0.12109375
0 0.78984375 0.29296875 0.01640625 0.06640625
0 0.8125 0.3 0.0359375 0.08984375
0 0.82421875 0.265625 0.01015625 0.0296875
0 0.8328125 0.28359375 0.01328125 0.0390625
0 0.86640625 0.28671875 0.01484375 0.04921875
0 0.609375 0.30859375 0.53828125 0.140625
0 0.07265625 0.046875 0.1453125 0.09375
0 0.134375 0.3203125 0.02109375 0.03046875