0 0.703125 0.54375 0.18125 0.82265625
0 0.6578125 0.5125 0.11875 0.52265625
0 0.56171875 0.53671875 0.1484375 0.7109375
0 0.5890625 0.5046875 0.090625 0.49296875
0 0.50859375 0.4796875 0.0515625 0.26875
0 0.45859375 0.51484375 0.0734375 0.48671875
0 0.39609375 0.409375 0.1296875 0.2890625
0 0.36328125 0.6859375 0.1859375 0.453125
0 0.32578125 0.48203125 0.1140625 0.50234375
0 0.225 0.60859375 0.1625 0.31640625
0 0.2875 0.37578125 0.071875 0.27578125
0 0.19921875 0.44765625 0.0859375 0.2578125
0 0.16875 0.4515625 0.0875 0.31171875
0 0.24921875 0.3734375 0.0390625 0.09609375
0 0.0640625 0.54453125 0.128125 0.35859375
0 0.01796875 0.44765625 0.0359375 0.14609375
0 0.01875 0.3296875 0.0375 0.0671875
0 0.10625 0.33046875 0.028125 0.04296875