0 0.98203125 0.40234375 0.03046875 0.08359375
0 0.66875 0.4375 0.05390625 0.209375
0 0.6859375 0.42421875 0.02421875 0.12421875
0 0.71328125 0.47578125 0.271875 0.928125
0 0.51015625 0.69375 0.21171875 0.5859375
0 0.5859375 0.4 0.03125 0.1125
0 0.55859375 0.4125 0.0390625 0.1328125
0 0.5140625 0.3890625 0.034375 0.0859375
0 0.53984375 0.3890625 0.02734375 0.0640625
0 0.4703125 0.42890625 0.03984375 0.14921875
0 0.48984375 0.41875 0.02265625 0.10859375
0 0.475 0.4296875 0.02890625 0.1296875
0 0.4421875 0.43046875 0.0234375 0.1328125
0 0.42265625 0.4171875 0.03828125 0.1265625
0 0.38359375 0.4390625 0.03359375 0.13828125
0 0.3640625 0.434375 0.01796875 0.07734375
0 0.34140625 0.4390625 0.02109375 0.08125
0 0.31796875 0.43828125 0.0359375 0.159375
0 0.2640625 0.52109375 0.340625 0.95703125
0 0.16484375 0.459375 0.04453125 0.26171875
0 0.1140625 0.41484375 0.0375 0.17890625
0 0.07109375 0.390625 0.046875 0.115625
0 0.0125 0.3921875 0.02421875 0.16875