0 0.06640625 0.48828125 0.01796875 0.07734375
0 0.0140625 0.49921875 0.028125 0.09375
0 0.0453125 0.47265625 0.034375 0.05859375
0 0.04609375 0.50703125 0.0296875 0.07265625
0 0.02734375 0.540625 0.04921875 0.09375
0 0.04765625 0.746875 0.0953125 0.42265625
0 0.08671875 0.60859375 0.05625 0.29609375
0 0.121875 0.49609375 0.0234375 0.06640625
0 0.11796875 0.59375 0.04609375 0.14140625
0 0.13203125 0.81953125 0.11640625 0.36015625
0 0.184375 0.765625 0.07265625 0.33984375
0 0.21484375 0.69296875 0.09609375 0.36875
0 0.1578125 0.54296875 0.053125 0.12734375
0 0.1765625 0.49609375 0.02734375 0.10390625
0 0.21484375 0.48203125 0.03515625 0.07265625
0 0.21875 0.60703125 0.03203125 0.24375
0 0.26328125 0.496875 0.02578125 0.08515625
0 0.25390625 0.63359375 0.07734375 0.27890625
0 0.28984375 0.59296875 0.03515625 0.22734375
0 0.303125 0.53671875 0.028125 0.16015625
0 0.3171875 0.51015625 0.0296875 0.09140625
0 0.3078125 0.69140625 0.09140625 0.34140625
0 0.36171875 0.553125 0.04453125 0.15234375
0 0.37890625 0.53203125 0.025 0.11015625
0 0.38125 0.47890625 0.01640625 0.05390625
0 0.39765625 0.74453125 0.16171875 0.50625
0 0.4328125 0.553125 0.0296875 0.18984375
0 0.484375 0.65625 0.07890625 0.3
0 0.5234375 0.615625 0.0515625 0.22734375
0 0.5140625 0.54765625 0.028125 0.1375
0 0.54140625 0.54609375 0.02578125 0.125
0 0.58203125 0.759375 0.0890625 0.47734375
0 0.58359375 0.51484375 0.0296875 0.09609375
0 0.60234375 0.54140625 0.04453125 0.12109375
0 0.60703125 0.48828125 0.01875 0.05234375
0 0.63125 0.57265625 0.0375 0.19140625
0 0.65 0.54453125 0.02734375 0.14375
0 0.66640625 0.64375 0.07265625 0.30390625
0 0.6609375 0.49765625 0.01875 0.08359375
0 0.70234375 0.59453125 0.04609375 0.21484375
0 0.70234375 0.48828125 0.02265625 0.04375
0 0.725 0.53515625 0.03515625 0.15
0 0.765625 0.55703125 0.03671875 0.16015625
0 0.79296875 0.52109375 0.01796875 0.08359375
0 0.81484375 0.51875 0.02109375 0.10859375
0 0.97734375 0.54609375 0.028125 0.11640625
0 0.94609375 0.53359375 0.03046875 0.12890625
0 0.93359375 0.53203125 0.02265625 0.10625
0 0.90859375 0.52734375 0.0328125 0.11640625
0 0.88828125 0.54453125 0.02734375 0.11015625
0 0.8671875 0.53359375 0.0234375 0.09140625
0 0.84296875 0.503125 0.01875 0.05234375
0 0.84453125 0.63671875 0.07421875 0.25625
0 0.93515625 0.796875 0.128125 0.40234375
0 0.96796875 0.53359375 0.025 0.10859375
0 0.0578125 0.446875 0.11484375 0.04375
0 0.01328125 0.56484375 0.0265625 0.0640625
0 0.1546875 0.47421875 0.0390625 0.06875
0 0.19765625 0.48125 0.025 0.05
0 0.303125 0.4625 0.15 0.05
0 0.40390625 0.46875 0.03046875 0.04140625
0 0.46796875 0.515625 0.0421875 0.08125
0 0.5203125 0.48515625 0.01796875 0.04609375
0 0.684375 0.49765625 0.0328125 0.07890625
0 0.7828125 0.471875 0.0328125 0.01875
0 0.97578125 0.39609375 0.03203125 0.12890625
0 0.99609375 0.54296875 0.00703125 0.13125
0 0.95703125 0.48359375 0.015625 0.025
0 0.884375 0.48125 0.11875 0.04609375