0 0.53046875 0.71484375 0.0390625 0.1125
0 0.59375 0.79765625 0.15 0.40234375
0 0.67265625 0.81484375 0.053125 0.3671875
0 0.6953125 0.69375 0.015625 0.0640625
0 0.70390625 0.6921875 0.01484375 0.0609375
0 0.7578125 0.7109375 0.02734375 0.11796875
0 0.80703125 0.74609375 0.05390625 0.178125
0 0.91015625 0.70546875 0.0234375 0.0640625
0 0.93125 0.7125 0.0171875 0.05546875
0 0.946875 0.703125 0.0265625 0.0859375
0 0.96796875 0.70625 0.025 0.0828125
0 0.4890625 0.67109375 0.0078125 0.0390625
0 0.55703125 0.68125 0.059375 0.065625
0 0.64609375 0.659375 0.01875 0.03671875
0 0.7140625 0.69375 0.0203125 0.04375
0 0.76953125 0.69609375 0.02734375 0.0484375
0 0.8765625 0.684375 0.05546875 0.0453125
0 0.99296875 0.703125 0.01171875 0.08046875
0 0.98359375 0.68515625 0.009375 0.01484375