0 0.80234375 0.36484375 0.13671875 0.49609375
0 0.67109375 0.440625 0.16328125 0.61484375
0 0.5109375 0.4171875 0.15703125 0.67421875
0 0.34140625 0.375 0.16953125 0.52421875
0 0.190625 0.4109375 0.16953125 0.56328125
0 0.1421875 0.58671875 0.1828125 0.3421875
0 0.28984375 0.6171875 0.15234375 0.43828125
0 0.43828125 0.54296875 0.14453125 0.2828125
0 0.6140625 0.60078125 0.17265625 0.459375
0 0.903125 0.6109375 0.15078125 0.446875
0 0.8203125 0.74453125 0.215625 0.50625
0 0.621875 0.75625 0.14765625 0.4875
0 0.46796875 0.75078125 0.15390625 0.49375
0 0.31796875 0.75078125 0.17421875 0.49375
0 0.1015625 0.740625 0.203125 0.5140625