0 0.03359375 0.33125 0.06640625 0.2875
0 0.13203125 0.7171875 0.09296875 0.38515625
0 0.11171875 0.7734375 0.15 0.44765625
0 0.3703125 0.7859375 0.21328125 0.42265625
0 0.5109375 0.7390625 0.08515625 0.40234375
0 0.52265625 0.4875 0.08828125 0.1796875
0 0.6265625 0.5578125 0.0734375 0.18984375
0 0.66015625 0.70234375 0.08359375 0.31015625
0 0.63359375 0.83359375 0.23984375 0.32734375
0 0.79296875 0.72109375 0.1734375 0.29765625
0 0.8296875 0.81484375 0.1203125 0.36484375
0 0.49296875 0.95 0.09296875 0.0953125