0 0.1140625 0.65 0.10234375 0.1703125
0 0.20078125 0.65546875 0.05 0.1859375
0 0.32265625 0.55078125 0.01875 0.0796875
0 0.3484375 0.56640625 0.02578125 0.125
0 0.39453125 0.54453125 0.015625 0.06640625
0 0.4109375 0.6203125 0.05 0.21015625
0 0.4484375 0.6109375 0.05234375 0.2328125
0 0.46875 0.52734375 0.0109375 0.03984375
0 0.4765625 0.53125 0.01328125 0.0359375
0 0.4875 0.54375 0.0140625 0.071875
0 0.54453125 0.5875 0.021875 0.18203125
0 0.55390625 0.59296875 0.04140625 0.1890625
0 0.5859375 0.5859375 0.0296875 0.17578125
0 0.603125 0.5921875 0.0359375 0.1875
0 0.70078125 0.55703125 0.02109375 0.11328125
0 0.72421875 0.54765625 0.015625 0.06796875
0 0.7359375 0.55078125 0.01796875 0.071875
0 0.74453125 0.63671875 0.09296875 0.14765625
0 0.8046875 0.659375 0.0875 0.19296875
0 0.91796875 0.64375 0.05859375 0.1859375
0 0.9421875 0.56328125 0.02890625 0.1265625
0 0.96484375 0.565625 0.01875 0.1234375
0 0.0140625 0.87890625 0.028125 0.2421875
0 0.2359375 0.54375 0.0578125 0.06796875
0 0.5109375 0.54140625 0.0203125 0.0609375
0 0.53359375 0.55703125 0.02578125 0.10625
0 0.7140625 0.55 0.015625 0.04375
0 0.97421875 0.54453125 0.015625 0.0703125
0 0.2609375 0.67421875 0.14296875 0.3828125