0 0.5875 0.46953125 0.09921875 0.09375
0 0.35546875 0.4140625 0.08125 0.15703125
0 0.22734375 0.41953125 0.04453125 0.1546875
0 0.26171875 0.41015625 0.09375 0.1734375
0 0.69609375 0.3984375 0.0109375 0.09375
0 0.75390625 0.409375 0.02109375 0.11015625
0 0.85625 0.3703125 0.02109375 0.04921875
0 0.89140625 0.3578125 0.0109375 0.03125
0 0.64375 0.409375 0.00859375 0.07265625
0 0.81796875 0.35546875 0.01953125 0.04453125
0 0.88203125 0.39765625 0.040625 0.025
0 0.9234375 0.3828125 0.01640625 0.01640625