0 0.0265625 0.71953125 0.04765625 0.078125
0 0.0984375 0.7953125 0.0796875 0.2
0 0.15703125 0.7875 0.08125 0.1953125
0 0.0921875 0.684375 0.03359375 0.05859375
0 0.1296875 0.7 0.03359375 0.0734375
0 0.07734375 0.740625 0.03515625 0.08203125
0 0.1125 0.7484375 0.0546875 0.1
0 0.3046875 0.790625 0.0828125 0.375
0 0.3984375 0.77890625 0.0734375 0.31796875
0 0.9140625 0.69453125 0.01875 0.071875
0 0.06796875 0.7265625 0.0109375 0.0203125
0 0.3796875 0.66015625 0.03515625 0.08359375
0 0.0109375 0.703125 0.02109375 0.0703125