0 0.0390625 0.615625 0.075 0.13046875
0 0.015625 0.51875 0.03125 0.08125
0 0.0671875 0.56171875 0.04921875 0.13984375
0 0.11796875 0.6125 0.11171875 0.40546875
0 0.065625 0.54140625 0.04453125 0.0953125
0 0.15625 0.58359375 0.034375 0.13125
0 0.14296875 0.49453125 0.04375 0.10625
0 0.18203125 0.52734375 0.05 0.134375
0 0.196875 0.4875 0.034375 0.103125
0 0.23046875 0.5546875 0.0484375 0.1796875
0 0.2765625 0.55546875 0.0640625 0.1765625
0 0.3171875 0.55 0.07421875 0.1796875
0 0.34921875 0.5546875 0.0578125 0.16484375
0 0.4203125 0.63359375 0.1546875 0.35625
0 0.52421875 0.62265625 0.2953125 0.5296875
0 0.6359375 0.684375 0.1453125 0.47890625
0 0.6609375 0.62265625 0.16328125 0.44140625
0 0.7546875 0.725 0.16328125 0.521875
0 0.946875 0.65234375 0.1046875 0.525
0 0.5328125 0.446875 0.0296875 0.08125
0 0.53359375 0.45390625 0.0390625 0.09453125
0 0.5453125 0.43671875 0.03515625 0.08984375
0 0.55859375 0.46796875 0.0359375 0.1296875
0 0.5640625 0.51796875 0.0453125 0.221875
0 0.65546875 0.4328125 0.040625 0.07109375
0 0.63984375 0.41640625 0.02578125 0.06875
0 0.671875 0.42890625 0.03203125 0.08515625
0 0.021875 0.2828125 0.04296875 0.1125
0 0.0171875 0.225 0.01875 0.0296875
0 0.034375 0.28828125 0.0296875 0.10859375
0 0.05625 0.25078125 0.040625 0.08984375
0 0.0875 0.25234375 0.03359375 0.084375
0 0.1125 0.24453125 0.01484375 0.02734375
0 0.13125 0.2515625 0.0296875 0.059375
0 0.18359375 0.24765625 0.03515625 0.05703125
0 0.2125 0.2515625 0.028125 0.05703125
0 0.24375 0.24453125 0.01796875 0.034375
0 0.275 0.2390625 0.03046875 0.0953125
0 0.29765625 0.25703125 0.03046875 0.071875
0 0.578125 0.40234375 0.04375 0.04609375
0 0.21640625 0.3625 0.4328125 0.24375