0 0.0578125 0.496875 0.0765625 0.20859375
0 0.16875 0.49453125 0.0453125 0.22734375
0 0.19140625 0.49609375 0.03828125 0.17265625
0 0.24609375 0.53515625 0.09140625 0.28828125
0 0.23203125 0.51796875 0.07421875 0.25390625
0 0.290625 0.48984375 0.053125 0.19140625
0 0.4203125 0.52890625 0.06640625 0.21484375
0 0.39140625 0.49453125 0.03671875 0.15703125
0 0.4515625 0.52578125 0.0640625 0.20546875
0 0.51328125 0.5296875 0.07421875 0.2265625
0 0.575 0.525 0.06640625 0.2140625
0 0.5640625 0.47265625 0.0546875 0.1875
0 0.68828125 0.50546875 0.04453125 0.1765625
0 0.91015625 0.52734375 0.07109375 0.28671875
0 0.94921875 0.50859375 0.03984375 0.17734375
0 0.87421875 0.490625 0.03828125 0.140625
0 0.5 0.59765625 1 0.14609375
0 0.96015625 0.57734375 0.07890625 0.0109375