0 0.3234375 0.5890625 0.27265625 0.2640625
0 0.32734375 0.5890625 0.26484375 0.26953125
0 0.515625 0.47421875 0.05078125 0.0890625
0 0.696875 0.59765625 0.2859375 0.4203125
0 0.784375 0.6328125 0.278125 0.446875
0 0.83125 0.5921875 0.15625 0.2078125
0 0.82734375 0.69140625 0.3421875 0.46796875
0 0.48671875 0.46015625 0.025 0.04296875
0 0.19921875 0.68828125 0.153125 0.171875
0 0.1484375 0.79296875 0.296875 0.41328125
0 0.35546875 0.471875 0.02890625 0.04296875
0 0.4765625 0.44609375 0.02265625 0.028125