0 0.234375 0.45546875 0.1359375 0.41796875
0 0.32265625 0.38046875 0.109375 0.26484375
0 0.4453125 0.353125 0.12890625 0.26640625
0 0.5703125 0.3546875 0.121875 0.21328125
0 0.6828125 0.309375 0.140625 0.27109375
0 0.7390625 0.2984375 0.21796875 0.33515625
0 0.9 0.3203125 0.178125 0.4
0 0.1265625 0.64375 0.21875 0.58046875
0 0.27578125 0.675 0.12109375 0.47734375
0 0.40234375 0.678125 0.1328125 0.35546875
0 0.45625 0.584375 0.08203125 0.44765625
0 0.525 0.46171875 0.08984375 0.203125
0 0.590625 0.46015625 0.0671875 0.18671875
0 0.64921875 0.47734375 0.09921875 0.24140625
0 0.7703125 0.46171875 0.090625 0.24921875
0 0.86640625 0.565625 0.11484375 0.4265625
0 0.4953125 0.728125 0.1609375 0.3953125
0 0.64375 0.76796875 0.1796875 0.4609375
0 0.6890625 0.7171875 0.284375 0.56171875
0 0.91875 0.69375 0.13828125 0.36171875
0 0.3421875 0.6203125 0.10390625 0.2265625
0 0.29921875 0.484375 0.03515625 0.04921875
0 0.665625 0.6578125 0.09375 0.2546875
0 0.5890625 0.63203125 0.06015625 0.23984375