0 0.128125 0.67734375 0.2328125 0.64296875
0 0.2359375 0.66015625 0.09921875 0.678125
0 0.30859375 0.6796875 0.1390625 0.6375
0 0.3421875 0.39921875 0.08046875 0.23359375
0 0.3875 0.67578125 0.1890625 0.646875
0 0.53125 0.60703125 0.16640625 0.784375
0 0.67734375 0.31015625 0.17734375 0.2359375
0 0.678125 0.6296875 0.1515625 0.7375
0 0.77734375 0.6453125 0.1234375 0.7078125
0 0.8171875 0.61640625 0.1828125 0.7640625
0 0.89453125 0.64921875 0.1453125 0.7
0 0.403125 0.36875 0.11796875 0.1109375
0 0.60234375 0.7859375 0.04375 0.3953125
0 0.3625 0.28046875 0.01796875 0.04296875
0 0.50546875 0.32265625 0.02578125 0.0703125
0 0.73046875 0.40390625 0.02578125 0.08125
0 0.96328125 0.903125 0.0703125 0.1921875