0 0.9296875 0.8125 0.13984375 0.36640625
0 0.80078125 0.840625 0.12734375 0.31875
0 0.6375 0.90859375 0.21328125 0.1828125
0 0.215625 0.81015625 0.290625 0.3796875
0 0.27578125 0.7 0.14765625 0.3546875
0 0.45234375 0.64921875 0.0890625 0.290625
0 0.38359375 0.65234375 0.08515625 0.29609375
0 0.50625 0.63203125 0.065625 0.17890625
0 0.58125 0.5875 0.05390625 0.16953125
0 0.53671875 0.5328125 0.02421875 0.10234375
0 0.6046875 0.5203125 0.028125 0.07734375
0 0.66171875 0.64375 0.12890625 0.309375
0 0.68203125 0.775 0.1578125 0.39609375
0 0.90078125 0.70703125 0.071875 0.28515625
0 0.81875 0.6203125 0.08125 0.18125
0 0.915625 0.5375 0.05390625 0.08515625
0 0.8953125 0.53359375 0.02890625 0.071875
0 0.98828125 0.57109375 0.02265625 0.134375
0 0.865625 0.58828125 0.0421875 0.14375
0 0.7734375 0.5484375 0.046875 0.10234375
0 0.759375 0.52265625 0.02421875 0.053125
0 0.85078125 0.521875 0.0203125 0.046875
0 0.821875 0.509375 0.03828125 0.05078125
0 0.87109375 0.50234375 0.0203125 0.03046875
0 0.80390625 0.51171875 0.02421875 0.05078125
0 0.78125 0.50078125 0.0203125 0.04140625
0 0.5765625 0.84921875 0.14921875 0.2984375
0 0.9875 0.64453125 0.025 0.1078125
0 0.8296875 0.51171875 0.17421875 0.065625
0 0.453125 0.534375 0.55390625 0.165625
0 0.20078125 0.15234375 0.03125 0.05859375
0 0.784375 0.125 0.0609375 0.09765625