0 0.54609375 0.60390625 0.03359375 0.08359375
0 0.4828125 0.89140625 0.04921875 0.16953125
0 0.48359375 0.96875 0.0375 0.05859375
0 0.58671875 0.9578125 0.0609375 0.0765625
0 0.590625 0.92578125 0.040625 0.0640625
0 0.73515625 0.9171875 0.0828125 0.1625
0 0.83671875 0.93671875 0.0953125 0.121875
0 0.953125 0.9109375 0.08515625 0.171875
0 0.93515625 0.859375 0.08515625 0.128125
0 0.65234375 0.88984375 0.07421875 0.15859375
0 0.82890625 0.8546875 0.08984375 0.13671875
0 0.73203125 0.8609375 0.0671875 0.09140625
0 0.82734375 0.840625 0.08671875 0.121875
0 0.91796875 0.80546875 0.0578125 0.0859375
0 0.58984375 0.8421875 0.08359375 0.16640625
0 0.528125 0.82578125 0.05546875 0.15859375
0 0.76171875 0.80390625 0.03984375 0.13671875
0 0.73359375 0.7625 0.07578125 0.15703125
0 0.81796875 0.8 0.0859375 0.18828125
0 0.9234375 0.78046875 0.06328125 0.1078125
0 0.64765625 0.7828125 0.0515625 0.25546875
0 0.58359375 0.24921875 0.01640625 0.0640625
0 0.528125 0.30234375 0.0265625 0.08203125
0 0.51015625 0.33125 0.01796875 0.12578125
0 0.43046875 0.3484375 0.0265625 0.1421875
0 0.415625 0.36640625 0.0328125 0.1640625
0 0.359375 0.31640625 0.0296875 0.07109375
0 0.3828125 0.3359375 0.0390625 0.14609375
0 0.32734375 0.328125 0.03125 0.05859375
0 0.27890625 0.325 0.01875 0.04765625
0 0.203125 0.378125 0.02734375 0.10234375
0 0.24375 0.42421875 0.034375 0.1
0 0.28046875 0.37890625 0.0265625 0.11484375
0 0.3046875 0.39453125 0.025 0.0984375
0 0.33203125 0.44609375 0.05234375 0.1078125
0 0.31015625 0.240625 0.01640625 0.0765625
0 0.2984375 0.240625 0.01171875 0.07265625
0 0.2859375 0.24375 0.0125 0.07109375
0 0.278125 0.2484375 0.01171875 0.07265625
0 0.11875 0.35390625 0.025 0.09453125
0 0.0890625 0.3140625 0.01875 0.03984375
0 0.06953125 0.31875 0.02109375 0.03828125
0 0.90234375 0.75 0.05859375 0.11328125
0 0.67734375 0.7453125 0.0328125 0.11875
0 0.59140625 0.778125 0.04609375 0.096875
0 0.6046875 0.73984375 0.040625 0.078125
0 0.9671875 0.7359375 0.06328125 0.19140625
0 0.89375 0.71953125 0.05625 0.14453125
0 0.728125 0.675 0.06796875 0.153125
0 0.60546875 0.69609375 0.03046875 0.078125
0 0.6140625 0.69375 0.0390625 0.1421875
0 0.54375 0.7375 0.0328125 0.109375
0 0.66640625 0.59765625 0.0453125 0.096875
0 0.82421875 0.5390625 0.053125 0.13359375
0 0.93359375 0.61953125 0.06796875 0.13359375
0 0.9109375 0.58671875 0.05234375 0.13671875
0 0.90546875 0.55546875 0.0515625 0.12578125
0 0.89609375 0.5375 0.05234375 0.1296875
0 0.946875 0.4765625 0.0484375 0.10234375
0 0.83671875 0.40390625 0.03984375 0.09296875
0 0.809375 0.68046875 0.05 0.11640625
0 0.76640625 0.54921875 0.04609375 0.11328125
0 0.61484375 0.24140625 0.01328125 0.0640625
0 0.66953125 0.67421875 0.0359375 0.0890625
0 0.7140625 0.6359375 0.0375 0.0890625
0 0.73515625 0.57734375 0.0328125 0.0640625
0 0.7890625 0.55390625 0.03125 0.06015625
0 0.95 0.66171875 0.07109375 0.15546875
0 0.8796875 0.62890625 0.02734375 0.053125
0 0.56328125 0.7 0.0328125 0.07109375
0 0.725 0.55625 0.028125 0.06953125
0 0.9578125 0.5046875 0.06640625 0.1078125
0 0.9890625 0.48984375 0.021875 0.0359375
0 0.975 0.56328125 0.046875 0.14453125
0 0.6296875 0.66875 0.02421875 0.09296875
0 0.67109375 0.67421875 0.0375 0.09296875
0 0.496875 0.34296875 0.02109375 0.09453125
0 0.5046875 0.9671875 0.028125 0.05859375
0 0.79453125 0.23359375 0.4109375 0.34296875
0 0.0265625 0.33828125 0.053125 0.0640625
0 0.4625 0.2125 0.20625 0.15859375
0 0.203125 0.27890625 0.1453125 0.1421875
0 0.98046875 0.86953125 0.0390625 0.17734375
0 0.66328125 0.92421875 0.06171875 0.14765625
0 0.9078125 0.5421875 0.184375 0.27734375
0 0.67734375 0.5359375 0.278125 0.26484375