0 0.10390625 0.72734375 0.1296875 0.29453125
0 0.06640625 0.56328125 0.09140625 0.175
0 0.1484375 0.6515625 0.0859375 0.2421875
0 0.20859375 0.73046875 0.0875 0.29921875
0 0.1171875 0.496875 0.0671875 0.190625
0 0.18125 0.55234375 0.0671875 0.16640625
0 0.18671875 0.4546875 0.08203125 0.178125
0 0.18203125 0.38984375 0.07734375 0.1953125
0 0.22734375 0.3265625 0.071875 0.1609375
0 0.253125 0.4265625 0.07734375 0.184375
0 0.25546875 0.546875 0.0921875 0.20390625
0 0.29140625 0.709375 0.11640625 0.25390625
0 0.2953125 0.35859375 0.06640625 0.265625
0 0.32890625 0.45625 0.06875 0.18828125
0 0.34296875 0.6109375 0.07109375 0.25859375
0 0.39375 0.66015625 0.08828125 0.2734375
0 0.3421875 0.34375 0.0734375 0.18671875
0 0.3703125 0.27421875 0.06171875 0.1734375
0 0.40625 0.40234375 0.06796875 0.19375
0 0.41796875 0.31796875 0.071875 0.17578125
0 0.43359375 0.2578125 0.07265625 0.2078125
0 0.45625 0.440625 0.0796875 0.16484375
0 0.390625 0.5109375 0.06796875 0.13203125
0 0.4515625 0.4953125 0.0640625 0.11171875
0 0.46796875 0.5953125 0.0875 0.1859375
0 0.4546875 0.72734375 0.078125 0.2796875
0 0.51953125 0.75390625 0.1 0.2703125
0 0.50390625 0.25703125 0.0640625 0.215625
0 0.5125 0.35546875 0.07734375 0.22421875
0 0.521875 0.37734375 0.0625 0.1640625
0 0.56640625 0.459375 0.06171875 0.2
0 0.52578125 0.48671875 0.0828125 0.17265625
0 0.53828125 0.57734375 0.07109375 0.190625
0 0.56328125 0.69609375 0.08125 0.28828125
0 0.57734375 0.27890625 0.0640625 0.184375
0 0.6015625 0.41640625 0.0703125 0.22890625
0 0.63125 0.48671875 0.071875 0.15859375
0 0.6140625 0.5578125 0.06328125 0.14140625
0 0.63828125 0.70546875 0.103125 0.2984375
0 0.64375 0.28046875 0.06171875 0.13984375
0 0.65078125 0.35078125 0.0578125 0.128125
0 0.66640625 0.40625 0.0578125 0.13515625
0 0.69921875 0.64453125 0.09765625 0.2671875
0 0.7046875 0.459375 0.08046875 0.15234375
0 0.72734375 0.5796875 0.06796875 0.25703125
0 0.76015625 0.64609375 0.0984375 0.33046875
0 0.80078125 0.575 0.0765625 0.30625
0 0.70078125 0.2953125 0.07421875 0.2265625
0 0.725 0.3734375 0.0703125 0.14140625
0 0.7609375 0.32734375 0.05390625 0.16171875
0 0.79140625 0.42265625 0.1 0.175
0 0.81953125 0.3265625 0.07734375 0.1484375
0 0.88515625 0.4 0.08984375 0.19921875
0 0.884375 0.46953125 0.0953125 0.21484375
0 0.92734375 0.5515625 0.08828125 0.2078125
0 0.84375 0.675 0.12265625 0.28046875
0 0.875 0.76328125 0.13828125 0.29453125