0 0.76484375 0.44140625 0.15703125 0.2390625
0 0.50859375 0.40859375 0.13984375 0.21328125
0 0.31015625 0.4421875 0.221875 0.509375
0 0.18671875 0.3984375 0.11875 0.3625
0 0.26171875 0.29375 0.07890625 0.159375
0 0.4609375 0.3421875 0.04609375 0.109375
0 0.48125 0.3359375 0.03359375 0.11875
0 0.5703125 0.33515625 0.0234375 0.053125
0 0.59453125 0.34296875 0.05390625 0.13359375
0 0.63828125 0.33828125 0.04296875 0.1421875
0 0.6671875 0.36640625 0.02421875 0.0890625
0 0.6875 0.35234375 0.04375 0.1234375
0 0.7203125 0.37109375 0.0421875 0.0859375
0 0.73828125 0.3640625 0.028125 0.1
0 0.74375 0.39765625 0.0265625 0.0375
0 0.77734375 0.359375 0.03125 0.0890625
0 0.859375 0.38046875 0.05703125 0.16875
0 0.88984375 0.3953125 0.040625 0.046875
0 0.8953125 0.3546875 0.03203125 0.09296875
0 0.0078125 0.340625 0.015625 0.10546875
0 0.08359375 0.359375 0.04921875 0.075
0 0.09921875 0.3671875 0.02421875 0.05390625
0 0.0953125 0.33828125 0.0171875 0.05546875
0 0.10859375 0.36328125 0.02421875 0.0671875
0 0.1265625 0.3671875 0.021875 0.05390625
0 0.12265625 0.34296875 0.015625 0.0328125
0 0.62265625 0.33046875 0.01484375 0.034375
0 0.7078125 0.31953125 0.0140625 0.01796875
0 0.053125 0.346875 0.01171875 0.025
0 0.5515625 0.15078125 0.01796875 0.09765625
0 0.3515625 0.11875 0.0234375 0.1046875
0 0.26875 0.1171875 0.021875 0.10078125