0 0.02578125 0.6875 0.04296875 0.11015625
0 0.0640625 0.7 0.04140625 0.2046875
0 0.08359375 0.6796875 0.03359375 0.190625
0 0.121875 0.6953125 0.053125 0.21015625
0 0.13671875 0.665625 0.03203125 0.1609375
0 0.190625 0.709375 0.04765625 0.190625
0 0.1984375 0.71015625 0.03359375 0.1671875
0 0.25 0.709375 0.034375 0.1859375
0 0.3015625 0.671875 0.02421875 0.1609375
0 0.3296875 0.69453125 0.0671875 0.20078125
0 0.35859375 0.7109375 0.04765625 0.18828125
0 0.40625 0.7265625 0.0515625 0.14296875
0 0.45234375 0.71171875 0.05078125 0.20390625
0 0.48828125 0.7234375 0.0359375 0.15390625
0 0.50625 0.6875 0.03203125 0.15703125
0 0.57109375 0.71171875 0.0546875 0.175
0 0.58359375 0.6890625 0.0203125 0.14921875
0 0.62421875 0.66484375 0.03828125 0.1390625
0 0.64296875 0.6984375 0.04375 0.18828125
0 0.66796875 0.6296875 0.034375 0.05859375
0 0.6796875 0.715625 0.0484375 0.18125
0 0.7546875 0.6984375 0.05390625 0.15078125
0 0.73515625 0.65546875 0.040625 0.11171875
0 0.8359375 0.7796875 0.06640625 0.11640625
0 0.975 0.721875 0.04921875 0.2046875
0 0.953125 0.6984375 0.05703125 0.17578125
0 0.2796875 0.70703125 0.0390625 0.203125
0 0.0921875 0.7140625 0.0140625 0.06484375
0 0.2625 0.64140625 0.01328125 0.0375
0 0.25 0.77578125 0.00625 0.034375
0 0.2625 0.75859375 0.00625 0.05546875
0 0.45234375 0.73515625 0.053125 0.05234375
0 0.34609375 0.746875 0.01796875 0.03984375
0 0.37890625 0.74296875 0.015625 0.04296875