0 0.84140625 0.659375 0.090625 0.15703125
0 0.95078125 0.76875 0.0796875 0.1484375
0 0.9859375 0.75625 0.028125 0.0875
0 0.91796875 0.73984375 0.0265625 0.07421875
0 0.74453125 0.78671875 0.0546875 0.153125
0 0.69296875 0.7234375 0.034375 0.05625
0 0.65546875 0.81171875 0.11484375 0.37578125
0 0.63046875 0.7109375 0.07421875 0.215625
0 0.5765625 0.7921875 0.0578125 0.36171875
0 0.48125 0.70078125 0.04765625 0.14765625
0 0.503125 0.70625 0.04453125 0.14609375
0 0.55546875 0.71328125 0.04375 0.1390625
0 0.51484375 0.678125 0.02734375 0.07578125
0 0.340625 0.6921875 0.03828125 0.15
0 0.2765625 0.68671875 0.06484375 0.134375
0 0.2171875 0.740625 0.0625 0.215625
0 0.28125 0.79609375 0.13203125 0.171875
0 0.25390625 0.79375 0.053125 0.1640625
0 0.14296875 0.75625 0.06015625 0.240625
0 0.1765625 0.7078125 0.03125 0.14453125
0 0.0546875 0.8015625 0.103125 0.3671875
0 0.390625 0.8046875 0.115625 0.26328125
0 0.82890625 0.8046875 0.13203125 0.3890625
0 0.89453125 0.78515625 0.03359375 0.13046875
0 0.67890625 0.7390625 0.0234375 0.04921875
0 0.23125 0.6546875 0.06328125 0.03984375
0 0.2609375 0.7390625 0.04609375 0.075