0 0.0921875 0.409375 0.03125 0.134375
0 0.09140625 0.41953125 0.0390625 0.16328125
0 0.1484375 0.41484375 0.05625 0.1765625
0 0.1859375 0.421875 0.0375 0.1546875
0 0.209375 0.41953125 0.0375 0.1546875
0 0.28125 0.45625 0.06875 0.21015625
0 0.35859375 0.46640625 0.0546875 0.1765625
0 0.39921875 0.41796875 0.0390625 0.18359375
0 0.40703125 0.41171875 0.0546875 0.17421875
0 0.471875 0.425 0.04375 0.17890625
0 0.440625 0.4171875 0.04375 0.1765625
0 0.51953125 0.421875 0.0640625 0.1765625
0 0.4984375 0.41171875 0.03125 0.1609375
0 0.55078125 0.41484375 0.0390625 0.15
0 0.5890625 0.42421875 0.0625 0.18984375
0 0.6109375 0.43046875 0.05625 0.16328125
0 0.60546875 0.35703125 0.0234375 0.046875
0 0.63203125 0.4140625 0.0453125 0.15625
0 0.64921875 0.42421875 0.0546875 0.15859375
0 0.68359375 0.42734375 0.0296875 0.1609375
0 0.69921875 0.4046875 0.0265625 0.1296875
0 0.73515625 0.428125 0.0453125 0.18125
0 0.721875 0.4203125 0.04375 0.1609375
0 0.7640625 0.42421875 0.0625 0.16796875
0 0.76171875 0.4046875 0.0328125 0.18359375
0 0.8296875 0.42265625 0.05 0.1609375
0 0.8796875 0.43828125 0.05625 0.1703125
0 0.903125 0.41640625 0.028125 0.15234375
0 0.96953125 0.39609375 0.0359375 0.11640625
0 0.98515625 0.37265625 0.0265625 0.06484375
0 0.0328125 0.34140625 0.021875 0.02421875
0 0.6703125 0.40078125 0.0125 0.0578125
0 0.70234375 0.3671875 0.0140625 0.01796875