0 0.61015625 0.3671875 0.01640625 0.0984375
0 0.63671875 0.3640625 0.02578125 0.128125
0 0.81953125 0.40078125 0.02734375 0.178125
0 0.97890625 0.5765625 0.04140625 0.38515625
0 0.8890625 0.5140625 0.07734375 0.28984375
0 0.8765625 0.45390625 0.05859375 0.19609375
0 0.7265625 0.61796875 0.071875 0.4203125
0 0.73046875 0.49453125 0.0640625 0.32578125
0 0.70625 0.45625 0.04296875 0.253125
0 0.4828125 0.44375 0.11015625 0.3828125
0 0.434375 0.50546875 0.0484375 0.29296875
0 0.453125 0.30078125 0.01328125 0.04765625
0 0.415625 0.32734375 0.01015625 0.07734375
0 0.38984375 0.3625 0.025 0.08984375
0 0.35078125 0.35234375 0.01171875 0.028125
0 0.35390625 0.3375 0.00859375 0.0203125
0 0.33984375 0.346875 0.01640625 0.10703125
0 0.33203125 0.34296875 0.00859375 0.0296875
0 0.30703125 0.44765625 0.0421875 0.2484375
0 0.29375 0.3359375 0.0125 0.07265625
0 0.2828125 0.34375 0.015625 0.09609375
0 0.28671875 0.29921875 0.01640625 0.05625
0 0.24375 0.36953125 0.02265625 0.13125
0 0.24765625 0.3546875 0.0140625 0.11171875
0 0.2140625 0.3515625 0.0203125 0.1421875
0 0.20234375 0.3359375 0.01953125 0.14921875
0 0.1875 0.340625 0.015625 0.11796875
0 0.1765625 0.340625 0.01328125 0.09921875
0 0.159375 0.31640625 0.0125 0.025
0 0.1390625 0.31875 0.0140625 0.02109375
0 0.1234375 0.31875 0.0125 0.021875
0 0.07578125 0.34375 0.01171875 0.071875
0 0.065625 0.340625 0.01640625 0.1046875
0 0.0515625 0.32890625 0.01875 0.046875
0 0.03984375 0.346875 0.01171875 0.0609375
0 0.03125 0.3578125 0.0171875 0.12734375
0 0.02265625 0.31484375 0.01015625 0.05546875
0 0.01796875 0.3515625 0.0203125 0.11953125
0 0.00546875 0.346875 0.01015625 0.07578125
0 0.05703125 0.51328125 0.05234375 0.3375
0 0.8453125 0.26484375 0.078125 0.046875
0 0.21484375 0.475 0.09296875 0.17265625
0 0.0421875 0.45546875 0.08359375 0.1109375
0 0.38984375 0.4515625 0.02265625 0.084375
0 0.3421875 0.4484375 0.01953125 0.090625
0 0.92578125 0.8875 0.1453125 0.21640625
0 0.1359375 0.4359375 0.06015625 0.015625
0 0.140625 0.38046875 0.05625 0.009375
0 0.05703125 0.7625 0.0546875 0.15078125