0 0.07265625 0.68046875 0.1453125 0.6234375
0 0.71796875 0.67578125 0.428125 0.64765625
0 0.2484375 0.56484375 0.12890625 0.30234375
0 0.3171875 0.465625 0.05 0.0828125
0 0.3734375 0.434375 0.04296875 0.0375
0 0.16953125 0.53125 0.0984375 0.246875
0 0.45703125 0.58125 0.09453125 0.3296875
0 0.62109375 0.55078125 0.17109375 0.31484375
0 0.965625 0.57421875 0.06796875 0.2671875
0 0.9234375 0.484375 0.08359375 0.06640625
0 0.290625 0.446875 0.0421875 0.0703125
0 0.14921875 0.5171875 0.07265625 0.23125
0 0.2296875 0.53515625 0.0796875 0.2328125
0 0.509375 0.4484375 0.06171875 0.06953125
0 0.621875 0.44296875 0.03203125 0.04453125
0 0.71171875 0.44140625 0.05078125 0.0625
0 0.065625 0.71484375 0.13046875 0.1203125
0 0.93671875 0.8234375 0.12109375 0.0984375
0 0.85859375 0.465625 0.0453125 0.05703125
0 0.13515625 0.39765625 0.08203125 0.03125