0 0.0859375 0.7875 0.16953125 0.4203125
0 0.26953125 0.8609375 0.128125 0.27734375
0 0.40390625 0.85625 0.13359375 0.2828125
0 0.58515625 0.88515625 0.165625 0.2296875
0 0.640625 0.84765625 0.1828125 0.3
0 0.76328125 0.6734375 0.13984375 0.2375
0 0.78671875 0.83359375 0.17578125 0.32734375
0 0.934375 0.6296875 0.128125 0.73515625
0 0.89765625 0.71328125 0.1171875 0.5734375
0 0.8265625 0.7046875 0.10703125 0.5796875
0 0.7265625 0.51640625 0.10390625 0.25234375
0 0.659375 0.6359375 0.134375 0.2671875
0 0.628125 0.6015625 0.13828125 0.3328125
0 0.53828125 0.53515625 0.09765625 0.2046875
0 0.534375 0.66875 0.16015625 0.27734375
0 0.4625 0.5078125 0.128125 0.2203125
0 0.44296875 0.75625 0.1453125 0.4828125
0 0.34609375 0.73515625 0.1265625 0.45
0 0.32578125 0.47734375 0.13984375 0.2796875
0 0.2703125 0.66640625 0.1265625 0.37265625
0 0.16484375 0.74375 0.1453125 0.5125
0 0.025 0.7390625 0.04921875 0.50234375
0 0.23984375 0.58359375 0.08828125 0.5078125
0 0.128125 0.48359375 0.12265625 0.2171875
0 0.0609375 0.52109375 0.10234375 0.3078125
0 0.015625 0.55546875 0.03125 0.4078125
0 0.06640625 0.32890625 0.125 0.30234375
0 0.15390625 0.2875 0.06796875 0.16484375
0 0.15625 0.4015625 0.109375 0.2375
0 0.20703125 0.3375 0.0453125 0.13984375
0 0.27109375 0.3234375 0.09765625 0.2421875
0 0.35859375 0.21640625 0.125 0.3671875
0 0.39453125 0.2109375 0.184375 0.1578125
0 0.50234375 0.2625 0.1203125 0.23515625
0 0.57578125 0.32109375 0.13046875 0.2421875
0 0.6203125 0.2078125 0.115625 0.23515625
0 0.40703125 0.4421875 0.0890625 0.375
0 0.47890625 0.3484375 0.0984375 0.2125
0 0.56328125 0.43125 0.09453125 0.2578125
0 0.640625 0.44765625 0.0921875 0.275
0 0.6875 0.35390625 0.08125 0.2078125
0 0.7578125 0.2734375 0.1265625 0.19765625
0 0.75234375 0.32265625 0.0796875 0.2
0 0.81171875 0.4640625 0.134375 0.37265625
0 0.83828125 0.43515625 0.07734375 0.68984375
0 0.915625 0.4796875 0.10390625 0.81015625
0 0.98828125 0.46875 0.02265625 0.14765625
0 0.87578125 0.37890625 0.06171875 0.22734375