0 0.05390625 0.603125 0.1078125 0.540625
0 0.146875 0.67734375 0.17890625 0.41015625
0 0.134375 0.58203125 0.078125 0.43125
0 0.2265625 0.59921875 0.22421875 0.4984375
0 0.29296875 0.5828125 0.08203125 0.4265625
0 0.36953125 0.59296875 0.1125 0.41328125
0 0.44609375 0.60859375 0.0875 0.35703125
0 0.503125 0.57109375 0.10859375 0.38828125
0 0.59453125 0.55546875 0.1078125 0.4234375
0 0.6921875 0.58359375 0.115625 0.3984375
0 0.78359375 0.58828125 0.1328125 0.446875
0 0.865625 0.58359375 0.1046875 0.42109375
0 0.9515625 0.59453125 0.09609375 0.4171875
0 0.73828125 0.4171875 0.046875 0.096875
0 0.68359375 0.4046875 0.07890625 0.0890625
0 0.64140625 0.55234375 0.075 0.37578125
0 0.28671875 0.40625 0.0796875 0.09296875
0 0.37421875 0.41953125 0.12109375 0.15390625
0 0.45859375 0.4125 0.04609375 0.065625
0 0.5375 0.40625 0.03515625 0.07421875