0 0.0125 0.75703125 0.02421875 0.11328125
0 0.01484375 0.68984375 0.021875 0.03984375
0 0.01875 0.71796875 0.01875 0.0484375
0 0.03046875 0.85234375 0.0609375 0.2546875
0 0.04609375 0.7453125 0.02421875 0.10234375
0 0.059375 0.7484375 0.02734375 0.13359375
0 0.07890625 0.78203125 0.0234375 0.16484375
0 0.090625 0.78203125 0.0265625 0.1828125
0 0.0984375 0.796875 0.03828125 0.1875
0 0.12578125 0.759375 0.01953125 0.140625
0 0.1375 0.73046875 0.01875 0.07265625
0 0.14765625 0.78984375 0.040625 0.17734375
0 0.1734375 0.77265625 0.025 0.1515625
0 0.18515625 0.79140625 0.028125 0.1671875
0 0.20234375 0.76171875 0.02734375 0.1359375
0 0.22109375 0.7484375 0.0203125 0.07109375
0 0.23515625 0.75390625 0.028125 0.1234375
0 0.24765625 0.78515625 0.03828125 0.1234375
0 0.23828125 0.8890625 0.0703125 0.21875
0 0.26328125 0.71875 0.02265625 0.1203125
0 0.2796875 0.7359375 0.0234375 0.08359375
0 0.2796875 0.684375 0.01953125 0.05078125
0 0.29609375 0.6953125 0.0203125 0.05546875
0 0.2921875 0.81796875 0.040625 0.23828125
0 0.3109375 0.76875 0.0234375 0.13203125
0 0.33671875 0.80078125 0.03984375 0.20703125
0 0.3328125 0.68203125 0.0125 0.03828125
0 0.3265625 0.675 0.01484375 0.06640625
0 0.34296875 0.67890625 0.0140625 0.05078125
0 0.36015625 0.88125 0.0828125 0.2375
0 0.35625 0.87421875 0.0375 0.2515625
0 0.4359375 0.9046875 0.05078125 0.1875
0 0.48515625 0.9296875 0.05625 0.140625
0 0.42265625 0.82578125 0.0484375 0.1671875
0 0.44609375 0.77421875 0.0328125 0.1078125
0 0.465625 0.85546875 0.03984375 0.18125
0 0.5015625 0.90078125 0.040625 0.19140625
0 0.4796875 0.74453125 0.02265625 0.13203125
0 0.459375 0.725 0.02421875 0.0796875
0 0.5015625 0.72109375 0.01875 0.0953125
0 0.521875 0.753125 0.0328125 0.1390625
0 0.540625 0.7296875 0.021875 0.109375
0 0.55390625 0.77421875 0.02734375 0.1671875
0 0.56484375 0.81875 0.0421875 0.19453125
0 0.57421875 0.88359375 0.046875 0.2296875
0 0.6 0.9140625 0.0640625 0.16875
0 0.5921875 0.76953125 0.02421875 0.1375
0 0.60546875 0.76640625 0.021875 0.140625
0 0.62890625 0.803125 0.0390625 0.125
0 0.65078125 0.89609375 0.0703125 0.2078125
0 0.68125 0.85546875 0.05390625 0.1703125
0 0.71953125 0.86328125 0.046875 0.27265625
0 0.68203125 0.7703125 0.0359375 0.121875
0 0.64921875 0.7234375 0.01875 0.09765625
0 0.63515625 0.71875 0.0203125 0.0953125
0 0.6234375 0.7234375 0.01875 0.090625
0 0.6109375 0.71640625 0.015625 0.08359375
0 0.665625 0.72734375 0.01640625 0.11484375
0 0.67578125 0.72265625 0.01953125 0.08515625
0 0.6921875 0.6921875 0.0171875 0.05546875
0 0.7296875 0.77578125 0.0265625 0.16328125
0 0.74921875 0.76953125 0.02265625 0.13359375
0 0.759375 0.71015625 0.015625 0.0609375
0 0.7859375 0.77265625 0.0265625 0.140625
0 0.7984375 0.78203125 0.025 0.16171875
0 0.815625 0.76796875 0.02265625 0.12734375
0 0.81875 0.8046875 0.04296875 0.17890625
0 0.8296875 0.696875 0.021875 0.05703125
0 0.82890625 0.67734375 0.01640625 0.05703125
0 0.85078125 0.878125 0.071875 0.22265625
0 0.8734375 0.8015625 0.04609375 0.19453125
0 0.89921875 0.7859375 0.025 0.10078125
0 0.9 0.73671875 0.03515625 0.078125
0 0.915625 0.72890625 0.02734375 0.09375
0 0.93671875 0.7875 0.0296875 0.16328125
0 0.8484375 0.7625 0.02734375 0.14765625
0 0.91796875 0.87890625 0.05078125 0.23828125
0 0.978125 0.8015625 0.0421875 0.21875
0 0.615625 0.51796875 0.009375 0.03828125
0 0.490625 0.7296875 0.015625 0.09921875
0 0.4453125 0.6953125 0.01953125 0.0625
0 0.4328125 0.7234375 0.021875 0.07265625
0 0.3109375 0.684375 0.021875 0.03984375
0 0.309375 0.7078125 0.01875 0.0484375
0 0.2125 0.72109375 0.01875 0.06796875
0 0.22734375 0.69921875 0.01640625 0.03828125
0 0.16015625 0.76171875 0.015625 0.15625
0 0.11484375 0.7640625 0.0203125 0.140625
0 0.8828125 0.71875 0.01953125 0.05703125
0 0.321875 0.48203125 0.0734375 0.090625
0 0.1078125 0.965625 0.05625 0.06875
0 0.32734375 0.725 0.01640625 0.08671875
0 0.6828125 0.95859375 0.053125 0.0828125
0 0.965625 0.68125 0.06875 0.08203125
0 0.9625 0.75078125 0.0171875 0.0609375
0 0.896875 0.65625 0.06953125 0.0890625
0 0.77890625 0.65390625 0.16328125 0.08359375
0 0.56328125 0.66015625 0.26875 0.0609375
0 0.39140625 0.6828125 0.0765625 0.1375
0 0.128125 0.66640625 0.25625 0.08671875
0 0.30234375 0.64296875 0.09453125 0.046875
0 0.12421875 0.18359375 0.0546875 0.140625
0 0.7828125 0.94375 0.09453125 0.10625
0 0.76484375 0.8703125 0.06640625 0.04375
0 0.9125 0.9828125 0.159375 0.03125
0 0.9640625 0.90234375 0.0578125 0.04140625
0 0.8984375 0.91484375 0.03515625 0.04140625
0 0.5328125 0.90625 0.04375 0.1875
0 0.50390625 0.784375 0.0234375 0.04140625
0 0.6578125 0.80625 0.0265625 0.07109375
0 0.7078125 0.703125 0.0375 0.02578125
0 0.5765625 0.70859375 0.021875 0.03984375
0 0.39453125 0.7828125 0.0484375 0.0625
0 0.46171875 0.75859375 0.02265625 0.059375
0 0.38671875 0.34609375 0.01953125 0.10078125