0 0.12265625 0.63828125 0.06640625 0.1640625
0 0.0625 0.60234375 0.07109375 0.22578125
0 0.184375 0.6515625 0.08515625 0.153125
0 0.221875 0.63203125 0.04296875 0.14296875
0 0.2515625 0.64375 0.05234375 0.15625
0 0.30546875 0.63828125 0.059375 0.15390625
0 0.3609375 0.64140625 0.04765625 0.1359375
0 0.41484375 0.64140625 0.065625 0.13515625
0 0.4671875 0.646875 0.046875 0.13671875
0 0.5140625 0.65390625 0.05703125 0.13515625
0 0.56640625 0.6453125 0.0515625 0.140625
0 0.61015625 0.64765625 0.05625 0.1578125
0 0.66484375 0.653125 0.05078125 0.14765625
0 0.7203125 0.66484375 0.0609375 0.14140625
0 0.77265625 0.65546875 0.05859375 0.14296875
0 0.8234375 0.6625 0.0578125 0.146875
0 0.1140625 0.5609375 0.0484375 0.1140625
0 0.165625 0.57265625 0.04453125 0.1546875
0 0.21328125 0.55625 0.04921875 0.11796875
0 0.2703125 0.596875 0.0453125 0.184375
0 0.3109375 0.55625 0.04296875 0.12421875
0 0.3546875 0.5875 0.05 0.20234375
0 0.39765625 0.57578125 0.04375 0.1734375
0 0.43984375 0.5953125 0.04140625 0.18203125
0 0.478125 0.59375 0.05234375 0.19609375
0 0.521875 0.55859375 0.0453125 0.1515625
0 0.56171875 0.5984375 0.0453125 0.19140625
0 0.60625 0.5890625 0.04453125 0.16796875
0 0.646875 0.59375 0.053125 0.209375
0 0.68984375 0.5984375 0.05703125 0.21953125
0 0.73359375 0.5890625 0.04453125 0.16171875
0 0.775 0.57421875 0.04921875 0.13828125
0 0.803125 0.57109375 0.034375 0.13359375
0 0.83359375 0.60859375 0.05546875 0.22890625
0 0.8671875 0.61640625 0.03515625 0.2078125
0 0.91484375 0.61875 0.05546875 0.23984375
0 0.89765625 0.6078125 0.04609375 0.21171875
0 0.95390625 0.60859375 0.0484375 0.22578125
0 0.92421875 0.51171875 0.03125 0.05390625
0 0.86484375 0.51953125 0.03671875 0.05390625
0 0.82109375 0.5109375 0.0234375 0.0515625
0 0.778125 0.51484375 0.03203125 0.0484375
0 0.75390625 0.56171875 0.03203125 0.12734375
0 0.7296875 0.496875 0.02578125 0.0375
0 0.7140625 0.52265625 0.02421875 0.06640625
0 0.66953125 0.509375 0.028125 0.05078125
0 0.625 0.5515625 0.03203125 0.10859375
0 0.584375 0.590625 0.03125 0.19921875
0 0.553125 0.50703125 0.04453125 0.07109375
0 0.49921875 0.55390625 0.034375 0.14609375
0 0.46015625 0.51953125 0.0234375 0.03671875
0 0.41953125 0.53671875 0.021875 0.1078125
0 0.37421875 0.55390625 0.02421875 0.1296875
0 0.33203125 0.50546875 0.02890625 0.05546875
0 0.27578125 0.54140625 0.04609375 0.10546875
0 0.23671875 0.53828125 0.0375 0.1203125
0 0.19140625 0.5296875 0.0328125 0.08984375
0 0.13984375 0.5671875 0.0296875 0.16640625
0 0.1734375 0.5953125 0.05546875 0.10859375
0 0.01328125 0.5515625 0.0265625 0.15625