0 0.04765625 0.68515625 0.09453125 0.44609375
0 0.1609375 0.671875 0.14140625 0.47890625
0 0.18125 0.6703125 0.084375 0.43359375
0 0.2515625 0.615625 0.04921875 0.24765625
0 0.27578125 0.67578125 0.06796875 0.3734375
0 0.3484375 0.68515625 0.13515625 0.44921875
0 0.4953125 0.71875 0.1828125 0.38125
0 0.678125 0.70390625 0.1125 0.384375
0 0.77734375 0.68125 0.11953125 0.459375
0 0.8453125 0.66640625 0.09375 0.4828125
0 0.634375 0.5984375 0.0640625 0.21953125
0 0.678125 0.540625 0.07109375 0.11328125
0 0.728125 0.54453125 0.04453125 0.128125
0 0.7125 0.5328125 0.0203125 0.0984375
0 0.68984375 0.509375 0.03671875 0.0921875
0 0.67109375 0.47109375 0.01171875 0.0296875
0 0.58359375 0.528125 0.059375 0.0859375
0 0.36171875 0.52890625 0.02265625 0.06484375
0 0.384375 0.54296875 0.021875 0.1078125
0 0.41484375 0.50859375 0.0296875 0.06484375
0 0.19296875 0.5265625 0.05703125 0.08828125
0 0.5 0.515625 0.14765625 0.0828125
0 0.6046875 0.5125 0.03203125 0.04921875
0 0.7625 0.44765625 0.01796875 0.0296875
0 0.8515625 0.10625 0.05625 0.2125