0 0.96484375 0.69921875 0.0421875 0.29296875
0 0.90546875 0.690625 0.06796875 0.3109375
0 0.775 0.6421875 0.03515625 0.1765625
0 0.753125 0.67421875 0.07265625 0.30546875
0 0.69609375 0.5921875 0.053125 0.12578125
0 0.6890625 0.6859375 0.08046875 0.16875
0 0.6078125 0.665625 0.04140625 0.2796875
0 0.57734375 0.67578125 0.0734375 0.32265625
0 0.515625 0.66015625 0.078125 0.33359375
0 0.49609375 0.61875 0.0484375 0.2265625
0 0.459375 0.5609375 0.03828125 0.12265625
0 0.43828125 0.6640625 0.0546875 0.3109375
0 0.38125 0.65234375 0.059375 0.30078125
0 0.34921875 0.65703125 0.06484375 0.309375
0 0.21796875 0.6359375 0.05546875 0.2625
0 0.16640625 0.60546875 0.04921875 0.2234375
0 0.13828125 0.590625 0.03984375 0.2234375
0 0.0640625 0.65390625 0.1171875 0.4609375
0 0.56328125 0.55 0.06015625 0.05625
0 0.790625 0.70390625 0.38203125 0.290625
0 0.18359375 0.8390625 0.2 0.1734375