0 0.6984375 0.72421875 0.11015625 0.41328125
0 0.64765625 0.70546875 0.0515625 0.3578125
0 0.59375 0.69296875 0.0703125 0.3671875
0 0.528125 0.6703125 0.0953125 0.3265625
0 0.43828125 0.77109375 0.07421875 0.25703125
0 0.1546875 0.71875 0.1046875 0.4625
0 0.29375 0.80703125 0.1375 0.3484375
0 0.39296875 0.84140625 0.11640625 0.265625
0 0.50546875 0.86640625 0.1078125 0.21171875
0 0.621875 0.86796875 0.140625 0.22890625
0 0.85625 0.56796875 0.2359375 0.46640625
0 0.084375 0.56484375 0.165625 0.765625
0 0.4671875 0.43828125 0.52109375 0.634375