0 0.40625 0.79296875 0.35234375 0.4140625
0 0.6734375 0.7640625 0.22890625 0.39765625
0 0.8859375 0.6125 0.228125 0.25078125
0 0.940625 0.51640625 0.11796875 0.14765625
0 0.24375 0.7171875 0.27109375 0.3859375
0 0.440625 0.64296875 0.16484375 0.30078125
0 0.56171875 0.6140625 0.12734375 0.26796875
0 0.76796875 0.56875 0.0984375 0.24921875
0 0.8390625 0.56953125 0.0953125 0.20546875
0 0.8828125 0.48203125 0.0734375 0.10234375
0 0.75078125 0.48984375 0.08828125 0.121875
0 0.1984375 0.6375 0.16640625 0.334375
0 0.3875 0.5609375 0.1234375 0.184375
0 0.096875 0.575 0.10859375 0.31015625
0 0.25625 0.43671875 0.09453125 0.25546875
0 0.94765625 0.8640625 0.10234375 0.271875
0 0.8078125 0.4625 0.04453125 0.0953125