0 0.06640625 0.81953125 0.1328125 0.3578125
0 0.04296875 0.72109375 0.046875 0.0875
0 0.01640625 0.70703125 0.028125 0.07890625
0 0.01484375 0.70390625 0.0296875 0.07265625
0 0.12578125 0.7203125 0.025 0.0546875
0 0.1546875 0.7453125 0.03359375 0.11875
0 0.18203125 0.7453125 0.05703125 0.1578125
0 0.20078125 0.7578125 0.04453125 0.1703125
0 0.2140625 0.7609375 0.05234375 0.1828125
0 0.2453125 0.7515625 0.02734375 0.14375
0 0.25546875 0.76015625 0.059375 0.1578125
0 0.303125 0.8046875 0.06796875 0.27890625
0 0.34140625 0.828125 0.08828125 0.30625
0 0.284375 0.72421875 0.01796875 0.09375
0 0.33515625 0.6984375 0.0125 0.0265625
0 0.36953125 0.69921875 0.01640625 0.0515625
0 0.38046875 0.7453125 0.0375 0.14375
0 0.3921875 0.73984375 0.01796875 0.1046875
0 0.396875 0.6984375 0.01484375 0.0375
0 0.40546875 0.6984375 0.01171875 0.0296875
0 0.4140625 0.74296875 0.02421875 0.12109375
0 0.43203125 0.76015625 0.034375 0.1703125
0 0.440625 0.7390625 0.02109375 0.12734375
0 0.45703125 0.740625 0.01484375 0.1140625
0 0.47734375 0.765625 0.0421875 0.1609375
0 0.49765625 0.7203125 0.0125 0.05390625
0 0.515625 0.74921875 0.0265625 0.12890625
0 0.5046875 0.70546875 0.01171875 0.02109375
0 0.54140625 0.75390625 0.03046875 0.1203125
0 0.53671875 0.74453125 0.021875 0.11875
0 0.5453125 0.7484375 0.021875 0.1046875
0 0.5609375 0.74765625 0.02265625 0.11015625
0 0.5921875 0.76953125 0.0375 0.1484375
0 0.60625 0.7359375 0.0171875 0.09375
0 0.6265625 0.7484375 0.02421875 0.1171875
0 0.646875 0.75390625 0.0265625 0.1078125
0 0.66171875 0.7484375 0.02578125 0.10625
0 0.67109375 0.7484375 0.03828125 0.1109375
0 0.6921875 0.759375 0.0296875 0.13359375
0 0.7078125 0.7546875 0.02421875 0.09609375
0 0.73125 0.7640625 0.02578125 0.1078125
0 0.740625 0.7484375 0.0203125 0.0890625
0 0.75390625 0.7453125 0.015625 0.08125
0 0.77578125 0.72578125 0.0265625 0.05390625
0 0.7921875 0.73984375 0.025 0.0796875
0 0.7765625 0.8140625 0.06171875 0.2046875
0 0.821875 0.83515625 0.12421875 0.32734375
0 0.8046875 0.73984375 0.0171875 0.0671875
0 0.85390625 0.7765625 0.0421875 0.14375
0 0.88515625 0.77890625 0.06171875 0.17265625
0 0.9453125 0.82109375 0.078125 0.25234375
0 0.91328125 0.7796875 0.04453125 0.14375
0 0.9859375 0.8078125 0.028125 0.2171875
0 0.9734375 0.7921875 0.03203125 0.15
0 0.5 0.82265625 1 0.3546875
0 0.21875 0.30546875 0.35546875 0.27109375
0 0.6390625 0.528125 0.315625 0.2390625