0 0.15234375 0.12890625 0.0921875 0.23515625
0 0.08984375 0.290625 0.1375 0.2671875
0 0.15234375 0.290625 0.0796875 0.2859375
0 0.234375 0.3109375 0.1359375 0.2765625
0 0.28359375 0.21796875 0.0796875 0.18671875
0 0.3984375 0.22734375 0.075 0.16328125
0 0.5015625 0.29375 0.10234375 0.3390625
0 0.5859375 0.29296875 0.1109375 0.2859375
0 0.6328125 0.33515625 0.13984375 0.29296875
0 0.78359375 0.3640625 0.2203125 0.3828125
0 0.93203125 0.6140625 0.1359375 0.703125
0 0.71640625 0.6625 0.3796875 0.6703125
0 0.2046875 0.61953125 0.3203125 0.76015625
0 0.22265625 0.60859375 0.36015625 0.77890625
0 0.28984375 0.42421875 0.0375 0.1109375
0 0.1796875 0.4125 0.0203125 0.06484375
0 0.97421875 0.359375 0.0515625 0.253125