0 0.071875 0.85546875 0.14296875 0.2890625
0 0.2265625 0.79765625 0.1796875 0.2890625
0 0.4515625 0.81015625 0.21328125 0.21953125
0 0.67265625 0.8140625 0.20859375 0.21171875
0 0.90078125 0.85546875 0.1984375 0.2890625
0 0.05078125 0.715625 0.1015625 0.125
0 0.1515625 0.715625 0.10703125 0.11953125
0 0.34296875 0.73203125 0.153125 0.1921875
0 0.628125 0.70546875 0.09296875 0.159375
0 0.8390625 0.7046875 0.121875 0.13203125
0 0.9703125 0.7359375 0.059375 0.234375
0 0.04765625 0.68828125 0.08203125 0.125
0 0.146875 0.665625 0.06328125 0.09453125
0 0.215625 0.653125 0.0484375 0.0796875
0 0.2875 0.67578125 0.06484375 0.11953125
0 0.34140625 0.66328125 0.0796875 0.125
0 0.39765625 0.67578125 0.071875 0.08515625
0 0.44765625 0.634375 0.06171875 0.07734375
0 0.50078125 0.66953125 0.06796875 0.0921875
0 0.62265625 0.64375 0.05859375 0.08984375
0 0.5578125 0.64453125 0.078125 0.096875
0 0.72109375 0.6234375 0.05859375 0.08515625
0 0.26484375 0.5140625 0.046875 0.0796875
0 0.40859375 0.5734375 0.053125 0.075
0 0.50234375 0.575 0.0453125 0.0625
0 0.60703125 0.57109375 0.05703125 0.06484375
0 0.684375 0.5734375 0.05859375 0.06484375
0 0.896875 0.67578125 0.08671875 0.09453125
0 0.20234375 0.63984375 0.04140625 0.08203125
0 0.303125 0.628125 0.03671875 0.06484375
0 0.80546875 0.6421875 0.0453125 0.08203125
0 0.77265625 0.6671875 0.025 0.05703125