0 0.20703125 0.64921875 0.1140625 0.29765625
0 0.30546875 0.63359375 0.09296875 0.28671875
0 0.38203125 0.64140625 0.07578125 0.24609375
0 0.4484375 0.665625 0.10703125 0.22265625
0 0.56171875 0.68046875 0.15078125 0.23515625
0 0.7015625 0.684375 0.1453125 0.228125
0 0.18203125 0.58515625 0.13203125 0.440625
0 0.290625 0.5578125 0.10078125 0.29765625
0 0.34921875 0.53828125 0.06015625 0.1484375
0 0.409375 0.54609375 0.084375 0.24921875
0 0.49296875 0.559375 0.115625 0.30078125
0 0.56875 0.50625 0.078125 0.16953125
0 0.62734375 0.5953125 0.07734375 0.27109375
0 0.6625 0.515625 0.046875 0.1890625
0 0.70234375 0.5796875 0.090625 0.1859375
0 0.740625 0.50859375 0.0609375 0.1890625
0 0.78515625 0.60703125 0.1046875 0.37890625