0 0.86875 0.7453125 0.23515625 0.4984375
0 0.93984375 0.65546875 0.0546875 0.0578125
0 0.74453125 0.66640625 0.0609375 0.06171875
0 0.665625 0.67265625 0.07890625 0.0625
0 0.5984375 0.67578125 0.04453125 0.05625
0 0.525 0.68984375 0.03359375 0.0421875
0 0.0171875 0.36640625 0.03359375 0.04609375
0 0.0484375 0.36640625 0.0265625 0.046875
0 0.12890625 0.3796875 0.04296875 0.0484375
0 0.12890625 0.49375 0.053125 0.0734375
0 0.01875 0.51484375 0.03671875 0.0359375
0 0.0609375 0.5171875 0.04453125 0.03125
0 0.0609375 0.50859375 0.0421875 0.04765625
0 0.06796875 0.478125 0.05859375 0.0921875
0 0.015625 0.459375 0.02890625 0.06875
0 0.01640625 0.396875 0.0328125 0.05078125
0 0.034375 0.41015625 0.03515625 0.03125
0 0.04140625 0.4625 0.03515625 0.0859375
0 0.096875 0.4640625 0.03671875 0.0625
0 0.115625 0.51953125 0.028125 0.03125
0 0.103125 0.55546875 0.0390625 0.08515625
0 0.28671875 0.51484375 0.04296875 0.05
0 0.31875 0.51875 0.0375 0.03984375
0 0.26015625 0.509375 0.0296875 0.05859375
0 0.090625 0.36484375 0.0359375 0.03984375
0 0.0859375 0.38203125 0.02890625 0.0421875
0 0.10078125 0.4078125 0.03125 0.05546875
0 0.13515625 0.4046875 0.03515625 0.04375
0 0.0625 0.3796875 0.0375 0.0453125
0 0.06640625 0.40234375 0.0390625 0.0484375
0 0.06796875 0.42890625 0.0296875 0.0671875
0 0.1328125 0.43984375 0.021875 0.03203125
0 0.28515625 0.3859375 0.03984375 0.06640625
0 0.32890625 0.378125 0.0296875 0.0578125
0 0.37578125 0.76875 0.05703125 0.17578125
0 0.28984375 0.68671875 0.02421875 0.0265625
0 0.3140625 0.8109375 0.1484375 0.14921875
0 0.2109375 0.5875 0.1546875 0.746875
0 0.43359375 0.5390625 0.34765625 0.7046875
0 0.35390625 0.778125 0.1984375 0.26875
0 0.815625 0.3375 0.0375 0.0546875
0 0.86484375 0.31171875 0.03203125 0.03828125
0 0.89140625 0.32578125 0.03984375 0.05546875
0 0.98359375 0.30234375 0.0328125 0.0484375
0 0.525 0.4328125 0.03359375 0.06171875
0 0.5125 0.38515625 0.03515625 0.0421875
0 0.559375 0.36875 0.04453125 0.08125
0 0.6203125 0.34375 0.015625 0.009375
0 0.64921875 0.3765625 0.03359375 0.06953125
0 0.684375 0.34375 0.0140625 0.0171875
0 0.7109375 0.346875 0.015625 0.01484375
0 0.71875 0.40703125 0.04375 0.0421875
0 0.6203125 0.42109375 0.03203125 0.05
0 0.61328125 0.44140625 0.0328125 0.05625
0 0.55 0.44375 0.03671875 0.05078125
0 0.76171875 0.46796875 0.04375 0.0640625
0 0.73515625 0.44453125 0.0375 0.05859375
0 0.75625 0.4296875 0.03359375 0.05078125
0 0.79453125 0.45 0.0375 0.075
0 0.79921875 0.43046875 0.04453125 0.059375
0 0.8484375 0.484375 0.0484375 0.0640625
0 0.91953125 0.434375 0.04609375 0.1078125
0 0.84453125 0.40546875 0.0359375 0.0359375
0 0.8671875 0.42109375 0.02578125 0.05546875
0 0.815625 0.3875 0.025 0.0796875
0 0.86328125 0.3546875 0.03515625 0.02734375
0 0.89296875 0.35234375 0.0328125 0.0359375
0 0.93203125 0.3515625 0.0390625 0.04296875
0 0.9671875 0.34453125 0.0296875 0.04375
0 0.984375 0.35546875 0.03125 0.0328125
0 0.95859375 0.3546875 0.03515625 0.03984375
0 0.92890625 0.33515625 0.0375 0.05546875
0 0.93984375 0.31953125 0.0390625 0.05859375
0 0.8484375 0.3546875 0.02265625 0.02421875
0 0.98984375 0.31171875 0.01796875 0.02421875
0 0.99375 0.34296875 0.01171875 0.0390625
0 0.1265625 0.4171875 0.028125 0.0296875
0 0.2796875 0.4625 0.0765625 0.04375
0 0.37265625 0.48203125 0.06796875 0.11796875
0 0.29921875 0.4078125 0.07109375 0.040625
0 0.0375 0.69296875 0.075 0.0671875
0 0.60859375 0.4703125 0.2390625 0.10859375
0 0.96796875 0.46796875 0.0515625 0.04375
0 0.7765625 0.48203125 0.08671875 0.03203125
0 0.2140625 0.38984375 0.02421875 0.0515625