0 0.19453125 0.68828125 0.02265625 0.0640625
0 0.240625 0.6875 0.07109375 0.08671875
0 0.24453125 0.684375 0.075 0.07734375
0 0.271875 0.690625 0.05078125 0.0890625
0 0.4078125 0.6546875 0.078125 0.1640625
0 0.4546875 0.6453125 0.05390625 0.1671875
0 0.48359375 0.646875 0.0265625 0.15234375
0 0.71796875 0.79921875 0.05546875 0.33125
0 0.7921875 0.80234375 0.0703125 0.33671875
0 0.80859375 0.6859375 0.0140625 0.03984375
0 0.8234375 0.7328125 0.0265625 0.121875
0 0.8421875 0.6984375 0.03046875 0.08203125
0 0.875 0.73203125 0.03125 0.134375
0 0.9109375 0.72734375 0.02265625 0.1203125
0 0.9171875 0.73515625 0.0390625 0.12265625
0 0.93203125 0.72734375 0.01640625 0.10546875
0 0.94453125 0.6984375 0.01875 0.0640625
0 0.9578125 0.73828125 0.0359375 0.12578125
0 0.978125 0.7234375 0.0203125 0.10546875
0 0.98671875 0.7390625 0.0265625 0.1203125
0 0.028125 0.665625 0.04296875 0.16875
0 0.2953125 0.69453125 0.0375 0.08359375
0 0.4578125 0.696875 0.040625 0.0734375
0 0.77421875 0.6921875 0.0140625 0.04375
0 0.8609375 0.6828125 0.009375 0.028125