0 0.171875 0.63671875 0.19375 0.6
0 0.0875 0.36953125 0.14765625 0.3734375
0 0.15859375 0.3015625 0.10234375 0.2953125
0 0.25078125 0.4984375 0.14140625 0.728125
0 0.3546875 0.50078125 0.13125 0.3640625
0 0.32421875 0.2890625 0.09140625 0.30234375
0 0.3890625 0.35390625 0.1203125 0.32421875
0 0.5 0.6328125 0.17265625 0.625
0 0.5015625 0.3390625 0.12890625 0.31484375
0 0.44921875 0.2328125 0.09140625 0.18984375
0 0.5578125 0.2484375 0.09375 0.19921875
0 0.61171875 0.5296875 0.12890625 0.671875
0 0.66328125 0.65546875 0.15859375 0.546875
0 0.671875 0.2515625 0.08359375 0.159375
0 0.7296875 0.38125 0.12734375 0.42578125
0 0.7796875 0.675 0.23359375 0.6359375
0 0.78203125 0.35859375 0.07890625 0.29375
0 0.8484375 0.36796875 0.0828125 0.26484375
0 0.828125 0.2390625 0.07109375 0.18828125
0 0.928125 0.3796875 0.1265625 0.35703125