0 0.965625 0.8046875 0.06640625 0.3875
0 0.9328125 0.70390625 0.02734375 0.09453125
0 0.9171875 0.73515625 0.02109375 0.090625
0 0.946875 0.82265625 0.10625 0.35390625
0 0.8671875 0.80625 0.0875 0.384375
0 0.8296875 0.66015625 0.05625 0.14296875
0 0.79921875 0.834375 0.078125 0.32890625
0 0.7921875 0.6703125 0.03828125 0.10703125
0 0.73359375 0.80390625 0.078125 0.3890625
0 0.6921875 0.77578125 0.05078125 0.3125
0 0.72109375 0.6421875 0.01875 0.040625
0 0.671875 0.7109375 0.01953125 0.153125
0 0.5859375 0.66015625 0.021875 0.05703125
0 0.575 0.65078125 0.04296875 0.0765625
0 0.53984375 0.8125 0.05625 0.225
0 0.4875 0.8140625 0.05078125 0.21953125
0 0.490625 0.8015625 0.04296875 0.196875
0 0.44375 0.74921875 0.03515625 0.10703125
0 0.39765625 0.81015625 0.0421875 0.2234375
0 0.36328125 0.728125 0.0265625 0.1390625
0 0.3375 0.778125 0.04296875 0.225
0 0.31015625 0.72734375 0.028125 0.15390625
0 0.28203125 0.7546875 0.0578125 0.2734375
0 0.2171875 0.74609375 0.0546875 0.24453125
0 0.2015625 0.6859375 0.021875 0.1359375
0 0.17578125 0.7296875 0.0328125 0.215625
0 0.1484375 0.740625 0.0453125 0.2109375
0 0.134375 0.709375 0.02421875 0.1734375
0 0.1125 0.73671875 0.05390625 0.22109375
0 0.0828125 0.74296875 0.04140625 0.20546875
0 0.0390625 0.796875 0.078125 0.403125
0 0.99296875 0.759375 0.0140625 0.271875
0 0.9484375 0.6453125 0.02578125 0.0625
0 0.78203125 0.8765625 0.0203125 0.1
0 0.6859375 0.6484375 0.01953125 0.0609375
0 0.6328125 0.68046875 0.065625 0.08359375
0 0.55390625 0.6484375 0.015625 0.0390625
0 0.7640625 0.653125 0.0171875 0.08359375
0 0.378125 0.696875 0.02734375 0.0765625
0 0.32109375 0.6828125 0.05625 0.0875