0 0.08984375 0.615625 0.17734375 0.7640625
0 0.21875 0.58828125 0.103125 0.690625
0 0.27109375 0.30703125 0.04453125 0.109375
0 0.303125 0.57890625 0.12890625 0.55703125
0 0.36796875 0.5390625 0.0703125 0.51171875
0 0.38046875 0.31171875 0.03828125 0.1046875
0 0.4171875 0.57265625 0.11171875 0.55
0 0.4546875 0.35703125 0.05 0.14765625
0 0.503125 0.5765625 0.0859375 0.54296875
0 0.51953125 0.3265625 0.04140625 0.109375
0 0.5515625 0.53359375 0.0515625 0.44296875
0 0.57109375 0.27890625 0.07578125 0.15703125
0 0.58125 0.58359375 0.0796875 0.51875
0 0.61875 0.5296875 0.0484375 0.53125
0 0.65078125 0.584375 0.12421875 0.61171875
0 0.7265625 0.54140625 0.084375 0.49765625
0 0.7515625 0.6359375 0.1171875 0.51875
0 0.7765625 0.39375 0.04453125 0.13125
0 0.82890625 0.65 0.1375 0.63828125
0 0.9703125 0.58984375 0.059375 0.4421875
0 0.0125 0.60703125 0.02421875 0.34765625