0 0.7078125 0.81015625 0.071875 0.3796875
0 0.046875 0.8375 0.09296875 0.3203125
0 0.0890625 0.86328125 0.065625 0.2734375
0 0.125 0.8296875 0.03984375 0.2125
0 0.14296875 0.84375 0.034375 0.228125
0 0.165625 0.86875 0.05078125 0.2625
0 0.36796875 0.85390625 0.09609375 0.28828125
0 0.640625 0.7765625 0.0546875 0.27890625
0 0.65234375 0.78984375 0.05078125 0.2203125
0 0.3984375 0.8125 0.053125 0.246875
0 0.109375 0.81796875 0.0296875 0.15234375
0 0.63671875 0.6953125 0.0359375 0.05625
0 0.48671875 0.971875 0.06640625 0.05625
0 0.4203125 0.80078125 0.04375 0.22265625
0 0.35546875 0.84140625 0.04375 0.31640625
0 0.25546875 0.92578125 0.15859375 0.1484375
0 0.09921875 0.94296875 0.046875 0.08203125
0 0.0078125 0.72578125 0.015625 0.1359375