0 0.125 0.6875 0.10546875 0.42890625
0 0.190625 0.71640625 0.07109375 0.35703125
0 0.24921875 0.71640625 0.1 0.36171875
0 0.32421875 0.71171875 0.08984375 0.3796875
0 0.43359375 0.66875 0.1359375 0.44453125
0 0.5609375 0.64609375 0.13125 0.47109375
0 0.6609375 0.70390625 0.0796875 0.34609375
0 0.72734375 0.6875 0.08046875 0.36640625
0 0.79921875 0.65625 0.10078125 0.41953125
0 0.9421875 0.528125 0.1 0.56953125
0 0.87109375 0.55234375 0.09609375 0.546875
0 0.78046875 0.46328125 0.096875 0.359375
0 0.69609375 0.49140625 0.084375 0.3796875
0 0.61328125 0.5046875 0.075 0.35703125
0 0.54609375 0.453125 0.0921875 0.30390625
0 0.4625 0.55546875 0.09375 0.50859375
0 0.37890625 0.57734375 0.0796875 0.5109375
0 0.303125 0.48359375 0.08671875 0.3546875
0 0.215625 0.50234375 0.096875 0.36171875
0 0.1359375 0.4640625 0.09921875 0.3078125
0 0.06796875 0.58359375 0.096875 0.56484375
0 0.0625 0.45078125 0.1234375 0.73203125
0 0.15390625 0.27421875 0.0875 0.33515625
0 0.2125 0.28828125 0.07578125 0.34375
0 0.2734375 0.28828125 0.075 0.3796875
0 0.34765625 0.27578125 0.084375 0.390625
0 0.42265625 0.26796875 0.07578125 0.3703125
0 0.48125 0.46796875 0.071875 0.6140625
0 0.6078125 0.3046875 0.07421875 0.3234375
0 0.671875 0.340625 0.071875 0.4171875
0 0.73671875 0.29921875 0.07109375 0.33515625
0 0.8203125 0.31953125 0.08984375 0.45546875
0 0.9 0.24921875 0.0765625 0.328125
0 0.5546875 0.171875 0.07265625 0.2453125