0 0.1203125 0.56171875 0.153125 0.51328125
0 0.2203125 0.56953125 0.128125 0.39765625
0 0.31953125 0.5140625 0.109375 0.28359375
0 0.38515625 0.5140625 0.09765625 0.3046875
0 0.4671875 0.52109375 0.096875 0.2765625
0 0.5015625 0.57421875 0.15078125 0.3765625
0 0.5828125 0.521875 0.175 0.3171875
0 0.6734375 0.53359375 0.1109375 0.43984375
0 0.75625 0.484375 0.0890625 0.2359375
0 0.828125 0.53828125 0.0828125 0.48515625
0 0.878125 0.596875 0.1390625 0.4671875
0 0.70703125 0.7015625 0.20625 0.39375
0 0.659375 0.734375 0.1109375 0.228125
0 0.57421875 0.7265625 0.103125 0.240625
0 0.4671875 0.71484375 0.1296875 0.28203125
0 0.33203125 0.7453125 0.1796875 0.28359375
0 0.30234375 0.728125 0.2171875 0.2640625
0 0.1890625 0.3265625 0.0796875 0.21171875
0 0.27890625 0.3015625 0.09609375 0.14453125
0 0.3390625 0.31953125 0.0296875 0.15625
0 0.253125 0.34296875 0.08203125 0.3859375
0 0.315625 0.315625 0.0796875 0.2609375
0 0.371875 0.328125 0.06171875 0.2234375
0 0.40625 0.315625 0.07578125 0.28828125
0 0.4671875 0.325 0.0609375 0.259375
0 0.5234375 0.32265625 0.07109375 0.2671875
0 0.5796875 0.3171875 0.07421875 0.271875
0 0.628125 0.321875 0.0671875 0.17265625
0 0.68125 0.2953125 0.07265625 0.2390625
0 0.73984375 0.35390625 0.06015625 0.28359375
0 0.79140625 0.33828125 0.075 0.2328125
0 0.67578125 0.53125 0.1328125 0.43828125