0 0.69453125 0.6203125 0.10859375 0.54921875
0 0.440625 0.56796875 0.11015625 0.44765625
0 0.3625 0.52734375 0.07890625 0.3765625
0 0.2890625 0.5640625 0.115625 0.4109375
0 0.27734375 0.54765625 0.0703125 0.35703125
0 0.21640625 0.553125 0.0953125 0.38984375
0 0.165625 0.6828125 0.146875 0.63046875
0 0.07890625 0.68515625 0.14921875 0.615625
0 0.02265625 0.60625 0.04453125 0.51640625
0 0.0921875 0.47109375 0.01875 0.0359375
0 0.115625 0.8 0.1953125 0.1796875
0 0.1640625 0.3703125 0.05703125 0.03828125