0 0.771875 0.2296875 0.01953125 0.08828125
0 0.75234375 0.228125 0.01484375 0.0828125
0 0.7421875 0.2296875 0.01796875 0.07578125
0 0.71328125 0.20859375 0.01796875 0.0390625
0 0.69609375 0.23046875 0.01328125 0.05859375
0 0.67890625 0.21640625 0.02421875 0.07890625
0 0.64375 0.221875 0.021875 0.0609375
0 0.55234375 0.33984375 0.0296875 0.0890625
0 0.59453125 0.3234375 0.02578125 0.0703125
0 0.51875 0.33359375 0.03046875 0.06640625
0 0.521875 0.34765625 0.0359375 0.0609375
0 0.75625 0.3109375 0.01640625 0.04296875
0 0.77734375 0.3109375 0.02421875 0.0390625
0 0.91875 0.7625 0.08203125 0.47421875
0 0.78203125 0.57265625 0.05859375 0.2875
0 0.83203125 0.54140625 0.0421875 0.19921875
0 0.7078125 0.5546875 0.08203125 0.19609375
0 0.715625 0.79453125 0.17421875 0.40546875
0 0.5609375 0.74375 0.10078125 0.5125
0 0.409375 0.77890625 0.175 0.4421875
0 0.5375 0.63515625 0.0703125 0.3640625
0 0.62734375 0.44921875 0.0453125 0.1078125
0 0.6453125 0.5453125 0.0625 0.21171875
0 0.49765625 0.484375 0.046875 0.17578125
0 0.4765625 0.640625 0.07421875 0.33984375
0 0.38125 0.5828125 0.05078125 0.18984375
0 0.41328125 0.5015625 0.04921875 0.146875
0 0.3203125 0.66875 0.1125 0.29609375
0 0.12734375 0.83125 0.15234375 0.3375
0 0.228125 0.6984375 0.10234375 0.23515625
0 0.128125 0.57734375 0.07421875 0.38125
0 0.13359375 0.1890625 0.03203125 0.0671875
0 0.19140625 0.17890625 0.03671875 0.0796875
0 0.32734375 0.2 0.03125 0.0953125
0 0.42421875 0.2671875 0.0296875 0.0890625
0 0.43671875 0.3296875 0.03046875 0.0953125
0 0.18203125 0.559375 0.05390625 0.21484375
0 0.209375 0.503125 0.040625 0.20625
0 0.27109375 0.496875 0.04765625 0.16640625
0 0.30078125 0.5625 0.059375 0.2109375
0 0.3453125 0.49140625 0.0515625 0.18359375
0 0.58515625 0.44296875 0.0546875 0.1234375
0 0.76796875 0.43984375 0.04609375 0.11640625
0 0.95546875 0.61875 0.05390625 0.22734375
0 0.22734375 0.1859375 0.0296875 0.05703125
0 0.28828125 0.18671875 0.0234375 0.05703125
0 0.30625 0.19921875 0.0203125 0.0796875
0 0.3640625 0.25625 0.0234375 0.1
0 0.359375 0.1953125 0.01328125 0.05625
0 0.41875 0.3375 0.025 0.0515625
0 0.1 0.3703125 0.01875 0.03671875
0 0.1203125 0.36796875 0.025 0.05546875
0 0.1421875 0.409375 0.025 0.0703125
0 0.1640625 0.43125 0.0296875 0.06015625
0 0.19453125 0.3875 0.021875 0.04921875
0 0.17734375 0.38125 0.028125 0.07265625
0 0.25 0.45390625 0.0296875 0.128125
0 0.25078125 0.41328125 0.0375 0.090625
0 0.2515625 0.38203125 0.034375 0.07578125
0 0.284375 0.43671875 0.0328125 0.1484375
0 0.3 0.4046875 0.0296875 0.11171875
0 0.303125 0.36796875 0.03515625 0.06015625
0 0.32265625 0.43125 0.03125 0.09921875
0 0.340625 0.39296875 0.01796875 0.0328125
0 0.36875 0.42890625 0.0296875 0.1203125
0 0.34609375 0.36328125 0.0390625 0.07890625
0 0.3890625 0.4328125 0.0296875 0.10859375
0 0.38828125 0.36796875 0.0203125 0.075
0 0.4125 0.3578125 0.0171875 0.04765625
0 0.42578125 0.403125 0.0265625 0.0828125
0 0.44921875 0.434375 0.0421875 0.13046875
0 0.4703125 0.421875 0.03125 0.1203125
0 0.51328125 0.4234375 0.03046875 0.11796875
0 0.471875 0.3890625 0.0234375 0.1234375
0 0.496875 0.3765625 0.0296875 0.059375
0 0.5296875 0.396875 0.02578125 0.059375
0 0.559375 0.403125 0.0328125 0.10703125
0 0.56796875 0.365625 0.03203125 0.06640625
0 0.571875 0.34296875 0.03046875 0.0875
0 0.61875 0.3421875 0.01796875 0.053125
0 0.62421875 0.4234375 0.034375 0.1203125
0 0.65703125 0.40390625 0.0265625 0.075
0 0.6734375 0.4765625 0.0359375 0.10390625
0 0.6875 0.415625 0.05 0.1203125
0 0.721875 0.4 0.046875 0.1265625
0 0.65 0.3875 0.03515625 0.10703125
0 0.65546875 0.32109375 0.0140625 0.04140625
0 0.67890625 0.32734375 0.01875 0.05703125
0 0.66796875 0.31328125 0.015625 0.03125
0 0.81796875 0.45078125 0.0328125 0.09140625
0 0.84765625 0.50859375 0.034375 0.16015625
0 0.90390625 0.49453125 0.07265625 0.13984375
0 0.9390625 0.4875 0.03828125 0.07265625
0 0.9625 0.48984375 0.02265625 0.0625
0 0.98359375 0.5671875 0.0328125 0.190625
0 0.8984375 0.37578125 0.0484375 0.159375
0 0.9484375 0.3671875 0.025 0.08125
0 0.85078125 0.33515625 0.0296875 0.05234375
0 0.853125 0.38359375 0.025 0.05859375
0 0.8515625 0.421875 0.028125 0.0390625
0 0.8140625 0.39296875 0.02265625 0.0359375
0 0.8328125 0.3453125 0.01875 0.0703125
0 0.790625 0.38203125 0.0296875 0.09609375
0 0.80234375 0.3703125 0.01640625 0.0546875
0 0.78671875 0.3171875 0.01640625 0.04375
0 0.87578125 0.36328125 0.0171875 0.05078125
0 0.87890625 0.33359375 0.01484375 0.02421875
0 0.39609375 0.2734375 0.0203125 0.06484375
0 0.1375 0.37109375 0.0171875 0.028125
0 0.484375 0.3515625 0.01015625 0.03515625
0 0.5953125 0.36796875 0.01796875 0.06484375
0 0.63203125 0.315625 0.021875 0.0453125
0 0.71484375 0.32578125 0.06171875 0.06015625
0 0.96015625 0.4015625 0.075 0.125
0 0.80703125 0.328125 0.03125 0.0359375
0 0.8515625 0.3515625 0.0234375 0.028125
0 0.9203125 0.33671875 0.0109375 0.02265625
0 0.6203125 0.3078125 0.0109375 0.02109375
0 0.37734375 0.365625 0.01796875 0.01953125