0 0.89921875 0.56875 0.2 0.8625
0 0.809375 0.40234375 0.12265625 0.30859375
0 0.675 0.621875 0.36484375 0.75625
0 0.4984375 0.60234375 0.20390625 0.79453125
0 0.13671875 0.72578125 0.2734375 0.54765625
0 0.196875 0.69375 0.21640625 0.54140625
0 0.2765625 0.7578125 0.1296875 0.22578125
0 0.303125 0.58671875 0.18046875 0.42734375
0 0.1796875 0.36640625 0.08828125 0.15625
0 0.215625 0.3625 0.06015625 0.16875
0 0.3625 0.46015625 0.08671875 0.18984375
0 0.05234375 0.63828125 0.1046875 0.29296875
0 0.034375 0.4328125 0.06796875 0.09921875
0 0.19375 0.46484375 0.05546875 0.19453125
0 0.41015625 0.3921875 0.0328125 0.071875
0 0.125 0.42109375 0.11640625 0.1
0 0.3328125 0.378125 0.04453125 0.0375