0 0.9109375 0.53046875 0.08359375 0.22265625
0 0.83671875 0.57421875 0.14921875 0.25546875
0 0.74296875 0.5703125 0.14453125 0.23828125
0 0.771875 0.53125 0.0578125 0.14140625
0 0.64296875 0.61171875 0.071875 0.1828125
0 0.6859375 0.5265625 0.06640625 0.17421875
0 0.9640625 0.48828125 0.053125 0.15859375
0 0.68515625 0.45 0.05234375 0.07265625
0 0.590625 0.475 0.0546875 0.10859375
0 0.5453125 0.4796875 0.04140625 0.10703125
0 0.46328125 0.5140625 0.0625 0.15859375
0 0.40078125 0.4984375 0.07109375 0.165625
0 0.35390625 0.52578125 0.0859375 0.234375
0 0.1796875 0.5015625 0.0359375 0.103125
0 0.15859375 0.51953125 0.05546875 0.07734375
0 0.1046875 0.51328125 0.0453125 0.10546875
0 0.071875 0.52734375 0.0453125 0.13125
0 0.040625 0.56484375 0.05234375 0.153125
0 0.13671875 0.60625 0.16015625 0.22578125
0 0.1875 0.62421875 0.0578125 0.1140625
0 0.22578125 0.6015625 0.06015625 0.15546875
0 0.28984375 0.60703125 0.121875 0.23828125
0 0.3171875 0.72265625 0.18359375 0.3203125
0 0.52734375 0.6859375 0.18984375 0.35859375
0 0.2359375 0.5140625 0.05859375 0.065625
0 0.29921875 0.48984375 0.04140625 0.096875
0 0.74921875 0.459375 0.0296875 0.084375
0 0.79921875 0.43984375 0.02421875 0.0796875
0 0.303125 0.653125 0.12578125 0.23125
0 0.5265625 0.23125 0.06640625 0.13125
0 0.79921875 0.340625 0.09765625 0.12578125
0 0.8625 0.428125 0.071875 0.053125
0 0.984375 0.4171875 0.021875 0.09296875
0 0.9375 0.44921875 0.03671875 0.053125