0 0.4578125 0.3953125 0.0265625 0.071875
0 0.5015625 0.37890625 0.0296875 0.08828125
0 0.51875 0.321875 0.0390625 0.07421875
0 0.30546875 0.59453125 0.11015625 0.5484375
0 0.4265625 0.41484375 0.0890625 0.13671875
0 0.5421875 0.584375 0.08125 0.5328125
0 0.353125 0.66015625 0.1140625 0.5390625
0 0.4984375 0.6421875 0.12109375 0.58359375
0 0.61171875 0.640625 0.14140625 0.58046875
0 0.2859375 0.7109375 0.18828125 0.578125
0 0.415625 0.7015625 0.1578125 0.59609375
0 0.49140625 0.71015625 0.24921875 0.5796875
0 0.63203125 0.71875 0.10234375 0.5625
0 0.71171875 0.70703125 0.13671875 0.58359375
0 0.85234375 0.6921875 0.178125 0.61328125