0 0.81796875 0.628125 0.1125 0.384375
0 0.759375 0.57265625 0.0609375 0.35390625
0 0.70546875 0.6328125 0.09921875 0.38671875
0 0.6578125 0.54609375 0.09453125 0.32421875
0 0.60546875 0.6125 0.1140625 0.38515625
0 0.5515625 0.53671875 0.07265625 0.36484375
0 0.5078125 0.61484375 0.08359375 0.3609375
0 0.48125 0.5359375 0.08046875 0.3515625
0 0.4359375 0.61328125 0.096875 0.3703125
0 0.3890625 0.546875 0.06953125 0.33671875
0 0.3390625 0.62578125 0.128125 0.3875
0 0.315625 0.48203125 0.084375 0.21640625
0 0.2375 0.44765625 0.10234375 0.16171875
0 0.23984375 0.63359375 0.13046875 0.353125
0 0.4765625 0.38359375 0.52578125 0.09375
0 0.13515625 0.75625 0.19375 0.1171875