0 0.6375 0.5578125 0.2984375 0.7171875
0 0.26875 0.55234375 0.32265625 0.70625
0 0.37421875 0.51953125 0.18359375 0.5765625
0 0.425 0.5015625 0.12109375 0.5375
0 0.53125 0.49296875 0.14296875 0.5234375
0 0.81953125 0.47421875 0.18828125 0.528125
0 0.58359375 0.2 0.08359375 0.08203125
0 0.61484375 0.1375 0.07734375 0.14453125
0 0.47421875 0.2015625 0.11484375 0.15625
0 0.6078125 0.06328125 0.05390625 0.06015625
0 0.57421875 0.08359375 0.0375 0.04140625
0 0.70859375 0.56484375 0.0984375 0.58046875
0 0.5125 0.21796875 0.0609375 0.0625
0 0.65 0.2375 0.040625 0.06796875
0 0.28828125 0.253125 0.0265625 0.0515625
0 0.58984375 0.01640625 0.0609375 0.0328125
0 0.36875 0.190625 0.08359375 0.08671875
0 0.49609375 0.0859375 0.0671875 0.0734375