0 0.08125 0.39921875 0.06796875 0.23125
0 0.1875 0.3984375 0.05390625 0.2
0 0.27734375 0.3875 0.04375 0.18046875
0 0.38046875 0.41953125 0.04453125 0.07265625
0 0.4640625 0.34921875 0.028125 0.13515625
0 0.49296875 0.3453125 0.0265625 0.14453125
0 0.57734375 0.33359375 0.03046875 0.071875
0 0.63671875 0.315625 0.015625 0.0234375
0 0.64296875 0.325 0.0203125 0.0578125
0 0.72421875 0.36328125 0.05703125 0.14375
0 0.71796875 0.3671875 0.04453125 0.1484375
0 0.67421875 0.38671875 0.06875 0.14140625
0 0.6265625 0.409375 0.0890625 0.21328125
0 0.5296875 0.4421875 0.0859375 0.2265625
0 0.45078125 0.48125 0.12734375 0.27109375
0 0.3125 0.509375 0.1484375 0.365625
0 0.17421875 0.62421875 0.1609375 0.459375
0 0.81953125 0.48359375 0.0984375 0.33671875
0 0.86875 0.4296875 0.103125 0.290625
0 0.8546875 0.35078125 0.0421875 0.20859375
0 0.625 0.396875 0.075 0.1640625
0 0.69140625 0.321875 0.021875 0.01875