0 0.103125 0.3375 0.07109375 0.25390625
0 0.15859375 0.4015625 0.11875 0.1234375
0 0.265625 0.39609375 0.103125 0.1328125
0 0.34140625 0.38046875 0.04453125 0.14140625
0 0.284375 0.3359375 0.1125 0.25625
0 0.19609375 0.3203125 0.09140625 0.209375
0 0.5015625 0.3328125 0.0671875 0.27109375
0 0.54296875 0.34140625 0.0796875 0.24765625
0 0.75234375 0.28671875 0.05078125 0.0875
0 0.7125 0.2734375 0.06015625 0.090625
0 0.75078125 0.2890625 0.04609375 0.0953125
0 0.7515625 0.2859375 0.04765625 0.08359375
0 0.9421875 0.3328125 0.0953125 0.25546875
0 0.07890625 0.40390625 0.040625 0.1140625
0 0.1375 0.303125 0.028125 0.0921875
0 0.346875 0.43046875 0.03828125 0.0640625
0 0.5734375 0.30234375 0.03359375 0.0921875
0 0.7 0.27890625 0.03671875 0.0375
0 0.96328125 0.3703125 0.0703125 0.29921875