0 0.95390625 0.5140625 0.08125 0.378125
0 0.90859375 0.49765625 0.0609375 0.32890625
0 0.8640625 0.47890625 0.0625 0.31015625
0 0.82890625 0.49453125 0.0640625 0.25234375
0 0.7921875 0.50625 0.021875 0.20234375
0 0.74375 0.5125 0.09453125 0.17265625
0 0.70078125 0.46953125 0.05390625 0.21328125
0 0.64765625 0.44921875 0.0421875 0.16484375
0 0.6171875 0.46875 0.02578125 0.17734375
0 0.5796875 0.46640625 0.01796875 0.16328125
0 0.5671875 0.4609375 0.025 0.17421875
0 0.54921875 0.46171875 0.03125 0.159375
0 0.52578125 0.45390625 0.0234375 0.15546875
0 0.47890625 0.45390625 0.02578125 0.14375
0 0.43125 0.45546875 0.0421875 0.14765625
0 0.30625 0.46953125 0.05234375 0.1375
0 0.22265625 0.52109375 0.07265625 0.303125
0 0.18046875 0.51484375 0.04609375 0.265625
0 0.12421875 0.57578125 0.103125 0.40625
0 0.05546875 0.68984375 0.1109375 0.43359375
0 0.03515625 0.44375 0.02734375 0.075
0 0.03671875 0.4421875 0.02890625 0.07421875
0 0.98671875 0.64140625 0.025 0.18515625
0 0.51015625 0.49140625 0.0265625 0.078125
0 0.07578125 0.43515625 0.08671875 0.08828125
0 0.09140625 0.61875 0.03203125 0.1875
0 0.15546875 0.69453125 0.02734375 0.07109375