0 0.8109375 0.54140625 0.05390625 0.18203125
0 0.87578125 0.51796875 0.03828125 0.0796875
0 0.21796875 0.9578125 0.046875 0.08359375
0 0.2625 0.96796875 0.03984375 0.0640625
0 0.21171875 0.9 0.05390625 0.1765625
0 0.24765625 0.89296875 0.05234375 0.12890625
0 0.284375 0.88671875 0.04609375 0.2265625
0 0.2609375 0.8015625 0.02890625 0.06953125
0 0.29375 0.76953125 0.04453125 0.10546875
0 0.32109375 0.77890625 0.03828125 0.21953125
0 0.32109375 0.61640625 0.0109375 0.0234375
0 0.30546875 0.60390625 0.02578125 0.05703125
0 0.34140625 0.64453125 0.03515625 0.0875
0 0.34921875 0.6140625 0.02890625 0.0734375
0 0.33984375 0.56015625 0.034375 0.09765625
0 0.36640625 0.61953125 0.028125 0.0859375
0 0.37109375 0.571875 0.02734375 0.075
0 0.3375 0.93828125 0.0515625 0.121875
0 0.3359375 0.8828125 0.04921875 0.11640625
0 0.38125 0.95078125 0.0515625 0.0984375
0 0.4296875 0.93984375 0.06015625 0.11953125
0 0.41484375 0.884375 0.06015625 0.1515625
0 0.38125 0.8609375 0.04609375 0.17734375
0 0.35390625 0.79375 0.03515625 0.1984375
0 0.428125 0.76015625 0.02421875 0.12265625
0 0.39453125 0.7 0.03828125 0.15546875
0 0.38359375 0.6265625 0.0265625 0.06796875
0 0.4328125 0.6046875 0.028125 0.0734375
0 0.44921875 0.8875 0.053125 0.22265625
0 0.48046875 0.81953125 0.06171875 0.2296875
0 0.4640625 0.71796875 0.03125 0.1046875
0 0.43359375 0.7359375 0.0390625 0.15390625
0 0.49609375 0.65703125 0.0328125 0.06328125
0 0.50546875 0.6234375 0.0328125 0.078125
0 0.49609375 0.609375 0.0390625 0.1375
0 0.4765625 0.57734375 0.03515625 0.14296875
0 0.45234375 0.5765625 0.04140625 0.171875
0 0.515625 0.56015625 0.03125 0.15
0 0.5203125 0.8859375 0.05546875 0.2265625
0 0.5390625 0.77109375 0.04921875 0.16328125
0 0.54765625 0.653125 0.04375 0.13046875
0 0.53828125 0.60859375 0.03984375 0.16015625
0 0.5515625 0.54609375 0.03984375 0.153125
0 0.53125 0.503125 0.028125 0.090625
0 0.5296875 0.4609375 0.0234375 0.0515625
0 0.54921875 0.46875 0.02578125 0.06328125
0 0.56484375 0.91015625 0.06640625 0.13203125
0 0.5984375 0.8609375 0.03984375 0.14921875
0 0.58828125 0.79296875 0.04296875 0.09453125
0 0.5734375 0.7359375 0.0484375 0.15859375
0 0.6453125 0.95078125 0.05703125 0.09765625
0 0.653125 0.93203125 0.0515625 0.1359375
0 0.6484375 0.85859375 0.05 0.1140625
0 0.62578125 0.8640625 0.040625 0.23671875
0 0.61796875 0.74375 0.0421875 0.10859375
0 0.6 0.66640625 0.0328125 0.05859375
0 0.60234375 0.61953125 0.0375 0.11640625
0 0.60546875 0.56484375 0.03671875 0.08828125
0 0.609375 0.5390625 0.0359375 0.0859375
0 0.59296875 0.5546875 0.02734375 0.1453125
0 0.5734375 0.53359375 0.03046875 0.15390625
0 0.56796875 0.45390625 0.025 0.0640625
0 0.69140625 0.9140625 0.059375 0.171875
0 0.6609375 0.77734375 0.04453125 0.115625
0 0.68359375 0.775 0.04609375 0.203125
0 0.646875 0.73046875 0.0328125 0.11953125
0 0.634375 0.6515625 0.04609375 0.09921875
0 0.66015625 0.64140625 0.0375 0.16484375
0 0.6390625 0.5796875 0.034375 0.0984375
0 0.60859375 0.49375 0.02421875 0.0796875
0 0.6328125 0.4515625 0.02421875 0.13359375
0 0.53359375 0.46171875 0.02421875 0.1015625
0 0.534375 0.4046875 0.0296875 0.07265625
0 0.54453125 0.96875 0.04609375 0.0609375
0 0.171875 0.99296875 0.01875 0.0125
0 0.39765625 0.475 0.06640625 0.2234375
0 0.54765625 0.28203125 0.2328125 0.4375