0 0.71640625 0.53046875 0.3046875 0.9359375
0 0.5015625 0.5828125 0.2421875 0.834375
0 0.92421875 0.6640625 0.15 0.66875
0 0.04140625 0.53203125 0.0828125 0.5390625
0 0.08671875 0.8140625 0.1421875 0.371875
0 0.0921875 0.4390625 0.1640625 0.45390625
0 0.2015625 0.48203125 0.0890625 0.265625
0 0.19453125 0.7796875 0.1296875 0.440625
0 0.2640625 0.4703125 0.14296875 0.46953125
0 0.27734375 0.77890625 0.1171875 0.43984375
0 0.35546875 0.7953125 0.1015625 0.37734375
0 0.378125 0.0875 0.5515625 0.175