0 0.71953125 0.4625 0.265625 0.37421875
0 0.95546875 0.37421875 0.08203125 0.35234375
0 0.88515625 0.41875 0.07109375 0.19375
0 0.89609375 0.2828125 0.0765625 0.1765625
0 0.8078125 0.3515625 0.1171875 0.3640625
0 0.72421875 0.23828125 0.0640625 0.109375
0 0.6640625 0.33984375 0.0671875 0.2421875
0 0.65234375 0.2234375 0.02734375 0.078125
0 0.62109375 0.33515625 0.053125 0.259375
0 0.575 0.32421875 0.0765625 0.2796875
0 0.57109375 0.34375 0.0875 0.29765625
0 0.5109375 0.33359375 0.0703125 0.29140625
0 0.45625 0.32578125 0.05703125 0.2703125
0 0.3953125 0.3046875 0.06640625 0.27421875
0 0.3609375 0.3078125 0.0453125 0.23828125
0 0.321875 0.265625 0.04921875 0.12890625
0 0.26796875 0.23828125 0.06796875 0.14921875
0 0.27734375 0.33203125 0.065625 0.303125
0 0.22265625 0.3515625 0.11328125 0.403125
0 0.18828125 0.3203125 0.075 0.290625
0 0.14296875 0.34921875 0.0796875 0.28828125
0 0.10625 0.21953125 0.053125 0.0984375
0 0.09140625 0.3671875 0.1109375 0.446875
0 0.13984375 0.4140625 0.0578125 0.29140625
0 0.0609375 0.4578125 0.121875 0.6625
0 0.934375 0.31328125 0.0578125 0.16953125
0 0.85859375 0.234375 0.025 0.04921875
0 0.7703125 0.265625 0.04609375 0.12890625
0 0.5 0.278125 0.02578125 0.12109375
0 0.43046875 0.31171875 0.025 0.175
0 0.04453125 0.2171875 0.0328125 0.06875
0 0.96953125 0.48046875 0.0609375 0.18671875
0 0.98828125 0.30078125 0.0234375 0.1703125
0 0.93203125 0.2515625 0.0328125 0.046875
0 0.87109375 0.23984375 0.01328125 0.0203125
0 0.69375 0.2453125 0.0375 0.05390625
0 0.48046875 0.2359375 0.03359375 0.0296875
0 0.51015625 0.21953125 0.00859375 0.01640625
0 0.42734375 0.2328125 0.02109375 0.03359375
0 0.3015625 0.21796875 0.046875 0.03984375
0 0.37421875 0.21484375 0.02421875 0.03125
0 0.234375 0.20703125 0.00859375 0.01796875
0 0.07578125 0.19921875 0.0265625 0.0640625