0 0.0609375 0.61875 0.06875 0.25234375
0 0.08046875 0.84140625 0.08359375 0.3171875
0 0.13515625 0.78125 0.07890625 0.4328125
0 0.078125 0.52109375 0.0234375 0.07734375
0 0.0953125 0.44140625 0.034375 0.2125
0 0.1 0.39609375 0.04453125 0.19765625
0 0.1421875 0.3640625 0.02421875 0.1828125
0 0.15859375 0.3734375 0.034375 0.1875
0 0.19375 0.38359375 0.0296875 0.1625
0 0.20625 0.29765625 0.0296875 0.1203125
0 0.25078125 0.3609375 0.03203125 0.1328125
0 0.2640625 0.40390625 0.01875 0.07734375
0 0.275 0.3546875 0.0296875 0.16484375
0 0.30078125 0.51484375 0.03125 0.125
0 0.35859375 0.32109375 0.0234375 0.14765625
0 0.478125 0.62890625 0.03671875 0.1921875
0 0.553125 0.7421875 0.046875 0.3203125
0 0.58671875 0.68359375 0.0421875 0.3078125
0 0.59140625 0.63515625 0.0390625 0.28984375
0 0.53359375 0.54375 0.04765625 0.12265625
0 0.52734375 0.46484375 0.0296875 0.21015625
0 0.60859375 0.5 0.03671875 0.2453125
0 0.65390625 0.4578125 0.04140625 0.2
0 0.68515625 0.50234375 0.0390625 0.2296875
0 0.69921875 0.40234375 0.03984375 0.175
0 0.71796875 0.55 0.05234375 0.25
0 0.6859375 0.7375 0.06875 0.36484375
0 0.62578125 0.8078125 0.06328125 0.35
0 0.65625 0.72890625 0.01875 0.1078125
0 0.74921875 0.4453125 0.03125 0.2
0 0.7625 0.48984375 0.02890625 0.13984375
0 0.796875 0.44140625 0.03125 0.15234375
0 0.821875 0.41015625 0.03125 0.15
0 0.84375 0.4515625 0.04765625 0.12265625
0 0.87421875 0.5046875 0.03984375 0.225
0 0.9234375 0.5671875 0.0421875 0.225
0 0.94140625 0.5875 0.04921875 0.2703125
0 0.9609375 0.71640625 0.071875 0.2921875
0 0.9796875 0.8109375 0.0375 0.34765625
0 0.90703125 0.9140625 0.1296875 0.1671875
0 0.53984375 0.40859375 0.021875 0.12734375
0 0.56640625 0.36640625 0.0265625 0.12734375
0 0.615625 0.38515625 0.02890625 0.125
0 0.58671875 0.31015625 0.0265625 0.1046875
0 0.60390625 0.3046875 0.02578125 0.11015625
0 0.628125 0.3140625 0.02109375 0.0828125
0 0.63671875 0.35859375 0.0265625 0.12734375
0 0.6578125 0.3375 0.021875 0.11484375
0 0.684375 0.2890625 0.0265625 0.1421875
0 0.69921875 0.2765625 0.021875 0.12265625
0 0.71484375 0.28359375 0.02109375 0.12265625
0 0.7359375 0.3734375 0.0203125 0.12265625
0 0.7625 0.35625 0.01875 0.07265625
0 0.77421875 0.43359375 0.03359375 0.19765625
0 0.7609375 0.49140625 0.02890625 0.1328125
0 0.79296875 0.40390625 0.03125 0.12265625
0 0.934375 0.4234375 0.01796875 0.07265625
0 0.8796875 0.34375 0.0234375 0.10234375
0 0.8625 0.32109375 0.02578125 0.07734375
0 0.2109375 0.2640625 0.02578125 0.0921875
0 0.2765625 0.225 0.015625 0.075
0 0.29609375 0.24609375 0.01875 0.1171875
0 0.82421875 0.23984375 0.01328125 0.05
0 0.79296875 0.2328125 0.0234375 0.06484375
0 0.80546875 0.2078125 0.015625 0.06484375
0 0.01171875 0.5234375 0.0234375 0.12265625
0 0.33046875 0.14375 0.01640625 0.0875
0 0.48671875 0.16015625 0.1640625 0.16484375
0 0.4265625 0.3078125 0.046875 0.1203125
0 0.37890625 0.16875 0.00859375 0.05234375
0 0.26875 0.27890625 0.05078125 0.09765625
0 0.99375 0.88984375 0.01015625 0.0703125
0 0.64375 0.20859375 0.06328125 0.2125
0 0.78125 0.29140625 0.10703125 0.1171875
0 0.72890625 0.1796875 0.10859375 0.11015625
0 0.865625 0.38125 0.0625 0.1125
0 0.9203125 0.32734375 0.01875 0.0703125
0 0.23125 0.23984375 0.0265625 0.1296875
0 0.1796875 0.25234375 0.02109375 0.11484375