0 0.95859375 0.72421875 0.0796875 0.3234375
0 0.89453125 0.69765625 0.09375 0.34609375
0 0.8078125 0.69453125 0.13046875 0.34375
0 0.746875 0.67109375 0.1 0.3234375
0 0.6671875 0.67890625 0.090625 0.3125
0 0.59453125 0.7140625 0.06796875 0.20546875
0 0.55546875 0.5984375 0.0765625 0.1203125
0 0.4953125 0.66875 0.0828125 0.234375
0 0.29453125 0.659375 0.090625 0.296875
0 0.2296875 0.66875 0.078125 0.30546875
0 0.14453125 0.690625 0.1140625 0.3015625
0 0.0625 0.596875 0.08125 0.24765625
0 0.13984375 0.534375 0.0890625 0.1765625
0 0.20703125 0.52421875 0.07109375 0.16953125
0 0.25703125 0.515625 0.04765625 0.13828125
0 0.328125 0.59453125 0.078125 0.31953125
0 0.3859375 0.57578125 0.17421875 0.36171875
0 0.440625 0.575 0.06796875 0.31484375
0 0.47421875 0.53828125 0.05078125 0.28125
0 0.5171875 0.50078125 0.06640625 0.22578125
0 0.60234375 0.51875 0.06171875 0.18046875
0 0.5671875 0.47421875 0.04296875 0.1453125
0 0.6734375 0.503125 0.103125 0.19453125
0 0.73671875 0.5078125 0.04765625 0.16328125
0 0.771875 0.5109375 0.090625 0.16484375
0 0.84453125 0.528125 0.06015625 0.15390625
0 0.92578125 0.5234375 0.1171875 0.19453125
0 0.978125 0.49453125 0.04375 0.1390625
0 0.89375 0.49140625 0.06328125 0.14765625
0 0.909375 0.6828125 0.18125 0.63359375
0 0.809375 0.45859375 0.05390625 0.11796875
0 0.80625 0.43671875 0.05390625 0.09140625
0 0.765625 0.40859375 0.03671875 0.0578125
0 0.72578125 0.425 0.0796875 0.12734375
0 0.6890625 0.409375 0.05703125 0.1046875
0 0.63203125 0.44609375 0.04765625 0.13359375
0 0.59921875 0.40390625 0.04609375 0.0984375
0 0.44453125 0.4015625 0.03828125 0.09375
0 0.41015625 0.41875 0.03359375 0.078125
0 0.35703125 0.43046875 0.03828125 0.0625
0 0.30078125 0.4578125 0.04296875 0.1203125
0 0.27734375 0.46953125 0.03359375 0.09609375
0 0.23515625 0.44609375 0.06328125 0.13359375
0 0.1734375 0.43984375 0.04609375 0.08515625
0 0.1453125 0.465625 0.0875 0.12734375
0 0.06484375 0.4734375 0.0796875 0.11640625
0 0.02890625 0.58671875 0.05703125 0.27265625
0 0.39453125 0.36015625 0.03671875 0.0515625
0 0.49921875 0.828125 0.9984375 0.20078125