0 0.6375 0.6734375 0.22890625 0.65078125
0 0.4796875 0.69453125 0.16640625 0.60859375
0 0.3421875 0.6875 0.1828125 0.62265625
0 0.1234375 0.715625 0.246875 0.565625
0 0.08515625 0.6421875 0.1296875 0.715625
0 0.25625 0.36484375 0.07734375 0.12265625
0 0.25625 0.6421875 0.08515625 0.53828125
0 0.32265625 0.34140625 0.1 0.09765625
0 0.4140625 0.4703125 0.09609375 0.24296875
0 0.94375 0.47265625 0.11015625 0.70234375
0 0.7984375 0.5484375 0.28125 0.90078125
0 0.7765625 0.12421875 0.0859375 0.1375
0 0.9 0.27734375 0.0671875 0.10234375
0 0.640625 0.26640625 0.10234375 0.253125
0 0.54921875 0.3625 0.159375 0.4875
0 0.525 0.36328125 0.10078125 0.490625
0 0.3828125 0.23828125 0.17578125 0.30234375
0 0.45625 0.20078125 0.07109375 0.16171875
0 0.31640625 0.22265625 0.08125 0.19375
0 0.2125 0.37734375 0.0515625 0.22578125
0 0.24140625 0.29765625 0.03125 0.06640625
0 0.2734375 0.25234375 0.02890625 0.11015625
0 0.24375 0.25546875 0.0359375 0.10703125
0 0.23125 0.25625 0.03046875 0.03515625
0 0.1625 0.278125 0.0453125 0.175
0 0.1453125 0.36953125 0.0609375 0.20078125
0 0.09921875 0.25078125 0.04375 0.10703125
0 0.0875 0.24921875 0.02421875 0.084375
0 0.05859375 0.26796875 0.0390625 0.12109375
0 0.0203125 0.2890625 0.03984375 0.16953125
0 0.18828125 0.31484375 0.0296875 0.09140625
0 0.990625 0.17265625 0.01875 0.10390625
0 0.46484375 0.38046875 0.059375 0.059375