0 0.89140625 0.61015625 0.13515625 0.61796875
0 0.77109375 0.596875 0.15 0.63203125
0 0.6546875 0.60625 0.1734375 0.67421875
0 0.5328125 0.5953125 0.1203125 0.62578125
0 0.41953125 0.5953125 0.16015625 0.63359375
0 0.353125 0.5640625 0.09453125 0.596875
0 0.2578125 0.63515625 0.15 0.61640625
0 0.0640625 0.56328125 0.128125 0.5953125
0 0.178125 0.52578125 0.14765625 0.59765625
0 0.25078125 0.54296875 0.12421875 0.58203125
0 0.865625 0.4890625 0.134375 0.6453125
0 0.72265625 0.45 0.1078125 0.5375
0 0.59140625 0.30390625 0.0703125 0.19453125
0 0.47734375 0.3125 0.09140625 0.22109375
0 0.37578125 0.278125 0.071875 0.146875
0 0.30859375 0.27734375 0.0609375 0.13671875
0 0.628125 0.2765625 0.05703125 0.084375
0 0.52890625 0.26796875 0.07578125 0.1296875
0 0.5453125 0.215625 0.12109375 0.184375
0 0.27890625 0.225 0.0484375 0.1125
0 0.46328125 0.24765625 0.1 0.1359375
0 0.384375 0.171875 0.0453125 0.08203125
0 0.315625 0.196875 0.08046875 0.14140625
0 0.1921875 0.265625 0.1078125 0.12890625
0 0.12734375 0.328125 0.07890625 0.2125
0 0.4078125 0.24375 0.04453125 0.1234375
0 0.42734375 0.2296875 0.03359375 0.115625
0 0.346875 0.18515625 0.0421875 0.04296875
0 0.040625 0.31171875 0.08125 0.1203125