0 0.00625 0.646875 0.0125 0.0796875
0 0.00859375 0.66953125 0.01640625 0.0703125
0 0.025 0.66015625 0.02578125 0.065625
0 0.0421875 0.66796875 0.01796875 0.06015625
0 0.05859375 0.66640625 0.0203125 0.07421875
0 0.07265625 0.6515625 0.01875 0.04140625
0 0.0828125 0.6640625 0.0234375 0.065625
0 0.0984375 0.6640625 0.0234375 0.05859375
0 0.11484375 0.6703125 0.0234375 0.07578125
0 0.1296875 0.6703125 0.0203125 0.0796875
0 0.140625 0.66875 0.02578125 0.0828125
0 0.15390625 0.66796875 0.02109375 0.08125
0 0.16640625 0.66875 0.0234375 0.0828125
0 0.18203125 0.66640625 0.021875 0.0640625
0 0.19765625 0.64921875 0.015625 0.03984375
0 0.21484375 0.67421875 0.0234375 0.06875
0 0.22578125 0.675 0.0140625 0.0640625
0 0.24609375 0.66875 0.0234375 0.07578125
0 0.26640625 0.64375 0.015625 0.0359375
0 0.278125 0.659375 0.028125 0.0640625
0 0.2953125 0.6609375 0.02578125 0.07734375
0 0.3140625 0.6609375 0.01640625 0.0640625
0 0.32578125 0.64921875 0.015625 0.0359375
0 0.33984375 0.66015625 0.02421875 0.06171875
0 0.3625 0.725 0.02421875 0.053125
0 0.41875 0.709375 0.01328125 0.02578125
0 0.40703125 0.72265625 0.0140625 0.0515625
0 0.46328125 0.71484375 0.01328125 0.02578125
0 0.49140625 0.7140625 0.0125 0.034375
0 0.5109375 0.7140625 0.0140625 0.02734375
0 0.5046875 0.709375 0.01015625 0.0296875
0 0.57421875 0.65625 0.02109375 0.07421875
0 0.5921875 0.6421875 0.015625 0.0359375
0 0.6046875 0.63984375 0.01640625 0.02421875
0 0.61875 0.64375 0.015625 0.0359375
0 0.63203125 0.66875 0.01796875 0.07265625
0 0.6453125 0.65703125 0.01640625 0.05859375
0 0.67578125 0.6578125 0.015625 0.0671875
0 0.665625 0.6609375 0.0203125 0.07421875
0 0.65546875 0.67265625 0.01796875 0.06875
0 0.68828125 0.67265625 0.01640625 0.07578125
0 0.7 0.65859375 0.01796875 0.07265625
0 0.7140625 0.6609375 0.021875 0.07421875
0 0.728125 0.6609375 0.01875 0.07421875
0 0.7453125 0.65859375 0.02109375 0.06875
0 0.7609375 0.659375 0.01875 0.0640625
0 0.7796875 0.66015625 0.02421875 0.065625
0 0.78828125 0.65703125 0.01640625 0.06171875
0 0.8 0.64140625 0.01796875 0.034375
0 0.81796875 0.659375 0.0234375 0.07421875
0 0.83125 0.64453125 0.0203125 0.03828125
0 0.85 0.65859375 0.021875 0.06875
0 0.8625 0.65859375 0.021875 0.065625
0 0.878125 0.6609375 0.0296875 0.06015625
0 0.89765625 0.66015625 0.021875 0.06875
0 0.9140625 0.65859375 0.03359375 0.07265625
0 0.9375 0.6640625 0.0265625 0.065625
0 0.95078125 0.6609375 0.02578125 0.0671875
0 0.965625 0.659375 0.02421875 0.0703125
0 0.98359375 0.659375 0.021875 0.07421875
0 0.5796875 0.78671875 0.021875 0.06015625
0 0.6625 0.784375 0.02578125 0.06875
0 0.6734375 0.79296875 0.021875 0.04140625
0 0.6953125 0.80078125 0.0265625 0.0984375
0 0.2515625 0.7703125 0.02109375 0.08984375
0 0.03125 0.95 0.0625 0.1
0 0.078125 0.940625 0.08203125 0.11875
0 0.07578125 0.871875 0.02890625 0.053125
0 0.0890625 0.91015625 0.0375 0.096875
0 0.07109375 0.84921875 0.0421875 0.0640625
0 0.16640625 0.95703125 0.065625 0.0859375
0 0.14140625 0.95078125 0.04921875 0.0984375
0 0.1171875 0.92578125 0.0546875 0.13125
0 0.12578125 0.8734375 0.05078125 0.0703125
0 0.1203125 0.8265625 0.0265625 0.04296875
0 0.2703125 0.921875 0.13203125 0.153125
0 0.184375 0.8421875 0.0421875 0.08828125
0 0.19921875 0.86953125 0.08359375 0.13984375
0 0.2328125 0.815625 0.04140625 0.0796875
0 0.2125 0.9328125 0.08671875 0.134375
0 0.31484375 0.94140625 0.0453125 0.1171875
0 0.265625 0.84765625 0.02421875 0.053125
0 0.28515625 0.83671875 0.03203125 0.053125
0 0.3171875 0.84765625 0.02578125 0.0640625
0 0.30859375 0.83203125 0.021875 0.046875
0 0.24921875 0.840625 0.02890625 0.0640625
0 0.34453125 0.86953125 0.05078125 0.17421875
0 0.36953125 0.825 0.028125 0.06015625
0 0.3625 0.91953125 0.05078125 0.084375
0 0.36640625 0.86796875 0.02578125 0.0359375
0 0.34140625 0.93125 0.01875 0.0515625
0 0.3890625 0.84296875 0.034375 0.0828125
0 0.40703125 0.934375 0.06875 0.13125
0 0.47265625 0.9453125 0.0703125 0.10859375
0 0.42421875 0.8953125 0.04921875 0.13984375
0 0.51484375 0.93828125 0.0328125 0.1234375
0 0.5140625 0.93125 0.03359375 0.11015625
0 0.47734375 0.85859375 0.01640625 0.04140625
0 0.46640625 0.83671875 0.034375 0.084375
0 0.5046875 0.87734375 0.0546875 0.13828125
0 0.51328125 0.84140625 0.021875 0.03828125
0 0.553125 0.8671875 0.0296875 0.0484375
0 0.54296875 0.93359375 0.034375 0.11171875
0 0.58203125 0.9328125 0.078125 0.13125
0 0.5984375 0.8953125 0.034375 0.0703125
0 0.58046875 0.84140625 0.01640625 0.03125
0 0.60859375 0.85 0.01875 0.034375
0 0.6046875 0.8734375 0.03203125 0.05703125
0 0.6453125 0.91640625 0.06640625 0.146875
0 0.65859375 0.84921875 0.0375 0.07421875
0 0.68359375 0.890625 0.04296875 0.11171875
0 0.725 0.93828125 0.071875 0.1234375
0 0.728125 0.83828125 0.05 0.09296875
0 0.77421875 0.88046875 0.034375 0.05
0 0.8140625 0.87734375 0.04453125 0.0859375
0 0.8328125 0.94609375 0.071875 0.1078125
0 0.86328125 0.859375 0.0375 0.046875
0 0.8890625 0.95625 0.06796875 0.084375
0 0.9109375 0.8765625 0.028125 0.05703125
0 0.93984375 0.9453125 0.05078125 0.10859375
0 0.9203125 0.9015625 0.028125 0.04140625
0 0.97421875 0.859375 0.0265625 0.04296875
0 0.99296875 0.85078125 0.0109375 0.0296875
0 0.9765625 0.81328125 0.0203125 0.0359375
0 0.99296875 0.8234375 0.0125 0.0640625
0 0.06171875 0.6484375 0.01015625 0.034375
0 0.6359375 0.9421875 0.05234375 0.115625
0 0.64140625 0.95546875 0.0671875 0.0890625
0 0.36796875 0.66640625 0.046875 0.0671875
0 0.37578125 0.71328125 0.0140625 0.0296875
0 0.71796875 0.634375 0.0078125 0.0171875
0 0.99453125 0.64140625 0.0109375 0.0484375
0 0.3921875 0.75625 0.01796875 0.09453125
0 0.44140625 0.75546875 0.03359375 0.0859375
0 0.47109375 0.75546875 0.02890625 0.09296875
0 0.54609375 0.76875 0.05703125 0.15546875
0 0.5640625 0.6765625 0.0125 0.0296875
0 0.5015625 0.7703125 0.034375 0.09296875
0 0.58984375 0.790625 0.021875 0.08828125
0 0.4125 0.7796875 0.02578125 0.065625
0 0.32265625 0.76796875 0.1234375 0.04296875
0 0.196875 0.7828125 0.09296875 0.05546875
0 0.05546875 0.81328125 0.1109375 0.0671875
0 0.13046875 0.8046875 0.0390625 0.01171875
0 0.153125 0.8359375 0.0421875 0.0515625
0 0.01015625 0.98984375 0.0203125 0.0203125
0 0.02578125 0.87265625 0.0515625 0.0515625
0 0.1515625 0.98984375 0.065625 0.0203125
0 0.2453125 0.9921875 0.0421875 0.015625
0 0.29921875 0.8015625 0.0765625 0.02734375
0 0.425 0.82265625 0.05 0.0484375
0 0.45625 0.86796875 0.0296875 0.046875
0 0.6265625 0.825 0.05078125 0.046875
0 0.6890625 0.9734375 0.0703125 0.053125
0 0.75390625 0.81796875 0.0921875 0.0984375
0 0.775 0.946875 0.065625 0.10625
0 0.8609375 0.815625 0.12578125 0.03828125
0 0.83828125 0.88046875 0.028125 0.09140625
0 0.87578125 0.89921875 0.046875 0.053125
0 0.89296875 0.85234375 0.0234375 0.03984375
0 0.95234375 0.86328125 0.05546875 0.0640625
0 0.978125 0.93984375 0.04296875 0.1203125
0 0.57734375 0.91953125 0.04140625 0.0640625
0 0.38515625 0.96796875 0.11875 0.06015625
0 0.30859375 0.8765625 0.02421875 0.0296875