0 0.06171875 0.609375 0.1234375 0.671875
0 0.10546875 0.3140625 0.065625 0.19609375
0 0.1609375 0.61171875 0.1140625 0.671875
0 0.16953125 0.31015625 0.05546875 0.17734375
0 0.16875 0.22421875 0.08828125 0.22109375
0 0.24453125 0.584375 0.13046875 0.7359375
0 0.228125 0.51015625 0.1078125 0.67890625
0 0.3484375 0.6 0.11796875 0.721875
0 0.4375 0.62265625 0.0765625 0.65390625
0 0.5234375 0.621875 0.1203125 0.67890625
0 0.615625 0.60390625 0.1 0.7015625
0 0.70625 0.61875 0.1078125 0.69453125
0 0.80234375 0.6125 0.1203125 0.70625
0 0.88984375 0.646875 0.0875 0.61953125
0 0.95859375 0.61875 0.0796875 0.6625
0 0.33515625 0.26640625 0.10625 0.209375
0 0.4359375 0.26875 0.1078125 0.29140625
0 0.5359375 0.278125 0.11015625 0.21875
0 0.63203125 0.46484375 0.09765625 0.65625
0 0.71796875 0.2765625 0.1 0.22109375
0 0.821875 0.27890625 0.084375 0.22578125
0 0.28671875 0.20234375 0.0625 0.24609375
0 0.375 0.18828125 0.065625 0.1984375
0 0.49453125 0.20703125 0.0734375 0.259375
0 0.62734375 0.171875 0.11640625 0.2296875
0 0.7328125 0.18359375 0.11171875 0.20234375