0 0.034375 0.75234375 0.06875 0.4890625
0 0.1328125 0.74140625 0.11015625 0.5125
0 0.13125 0.57109375 0.0984375 0.22109375
0 0.20859375 0.65703125 0.0859375 0.42265625
0 0.2328125 0.65390625 0.0671875 0.37109375
0 0.2625 0.60546875 0.0484375 0.35625
0 0.29375 0.60078125 0.0375 0.34375
0 0.32890625 0.678125 0.09765625 0.63984375
0 0.4140625 0.66015625 0.0859375 0.32890625
0 0.38828125 0.58984375 0.0296875 0.19140625
0 0.43515625 0.5875 0.03203125 0.19609375
0 0.43984375 0.534375 0.03046875 0.13515625
0 0.46796875 0.584375 0.03515625 0.22265625
0 0.47890625 0.60234375 0.05390625 0.3
0 0.553125 0.59140625 0.03671875 0.19140625
0 0.50625 0.65234375 0.0953125 0.325
0 0.603125 0.63984375 0.0796875 0.375
0 0.58125 0.61640625 0.0703125 0.35859375
0 0.56484375 0.50546875 0.015625 0.04375
0 0.4921875 0.42890625 0.01328125 0.025
0 0.5078125 0.44765625 0.01796875 0.05390625
0 0.5359375 0.434375 0.0109375 0.01875
0 0.64296875 0.56015625 0.0375 0.1625
0 0.67421875 0.56015625 0.03203125 0.15
0 0.6640625 0.48984375 0.01875 0.0625
0 0.69921875 0.54140625 0.025 0.125
0 0.696875 0.48046875 0.02734375 0.07265625
0 0.72890625 0.478125 0.0328125 0.06484375
0 0.728125 0.54921875 0.034375 0.16015625
0 0.7546875 0.553125 0.03515625 0.15625
0 0.7640625 0.49453125 0.028125 0.11875
0 0.79296875 0.475 0.0296875 0.12109375
0 0.803125 0.54296875 0.0328125 0.15234375
0 0.76328125 0.44375 0.02578125 0.0625
0 0.71640625 0.47734375 0.025 0.12890625
0 0.80546875 0.46484375 0.0296875 0.0625
0 0.82890625 0.4875 0.02734375 0.11640625
0 0.8453125 0.53046875 0.03203125 0.12734375
0 0.87890625 0.55546875 0.0296875 0.16015625
0 0.9046875 0.55234375 0.0296875 0.17109375
0 0.9296875 0.55390625 0.028125 0.1625
0 0.946875 0.56171875 0.04921875 0.16484375
0 0.90703125 0.5375 0.02578125 0.15
0 0.8953125 0.45703125 0.03515625 0.10625
0 0.925 0.45859375 0.01875 0.10859375
0 0.87578125 0.46328125 0.02109375 0.09375
0 0.8625 0.47265625 0.0140625 0.075
0 0.97890625 0.47109375 0.02109375 0.07890625
0 0.99375 0.46875 0.0109375 0.0875
0 0.9703125 0.47734375 0.0109375 0.07109375
0 0.64765625 0.45546875 0.01875 0.07265625
0 0.63125 0.48125 0.02265625 0.10390625
0 0.6078125 0.43125 0.02578125 0.04140625
0 0.621875 0.45546875 0.0140625 0.08125
0 0.66328125 0.44609375 0.0140625 0.07109375
0 0.6828125 0.465625 0.0234375 0.08125
0 0.70390625 0.440625 0.02578125 0.07734375
0 0.7390625 0.45625 0.02578125 0.09609375
0 0.74921875 0.446875 0.01328125 0.06875
0 0.86640625 0.4625 0.01328125 0.09140625
0 0.940625 0.55859375 0.0109375 0.15390625
0 0.95234375 0.45546875 0.02265625 0.04765625
0 0.88828125 0.434375 0.06953125 0.03515625
0 0.82734375 0.45234375 0.0421875 0.075
0 0.7375 0.41328125 0.07890625 0.03984375
0 0.5953125 0.42734375 0.015625 0.04140625
0 0.68125 0.42421875 0.034375 0.03984375