0 0.0203125 0.85625 0.03984375 0.27890625
0 0.0421875 0.696875 0.04609375 0.115625
0 0.0796875 0.853125 0.140625 0.29296875
0 0.1609375 0.746875 0.04296875 0.0984375
0 0.1625 0.6734375 0.02109375 0.05859375
0 0.20390625 0.71875 0.0765625 0.1984375
0 0.228125 0.834375 0.1296875 0.32109375
0 0.30703125 0.821875 0.0515625 0.325
0 0.41484375 0.79375 0.1578125 0.409375
0 0.4625 0.76640625 0.06171875 0.246875
0 0.50625 0.82265625 0.05390625 0.31796875
0 0.5359375 0.7828125 0.0421875 0.24609375
0 0.64296875 0.753125 0.0453125 0.15859375
0 0.68125 0.85703125 0.1203125 0.2859375
0 0.7625 0.8296875 0.0703125 0.340625
0 0.8390625 0.81015625 0.13046875 0.3765625
0 0.19765625 0.67109375 0.034375 0.0640625
0 0.35 0.7390625 0.025 0.15859375
0 0.4171875 0.71875 0.0953125 0.14296875
0 0.78828125 0.71875 0.4234375 0.1125
0 0.5 0.7859375 0.0578125 0.31953125