0 0.77421875 0.759375 0.259375 0.4796875
0 0.853125 0.60078125 0.10234375 0.35078125
0 0.903125 0.5265625 0.0984375 0.42265625
0 0.71171875 0.63671875 0.1953125 0.71171875
0 0.575 0.49453125 0.1078125 0.40859375
0 0.6109375 0.3828125 0.04921875 0.20390625
0 0.5375 0.409375 0.04453125 0.22890625
0 0.5015625 0.38046875 0.06171875 0.1578125
0 0.459375 0.6328125 0.18828125 0.66640625
0 0.2921875 0.59296875 0.19140625 0.8125
0 0.3984375 0.3453125 0.07109375 0.18984375
0 0.4765625 0.371875 0.07578125 0.175
0 0.35546875 0.33046875 0.03359375 0.06015625
0 0.36640625 0.3171875 0.0203125 0.0328125
0 0.34453125 0.3203125 0.0171875 0.03515625
0 0.396875 0.30234375 0.01328125 0.02109375
0 0.3359375 0.31796875 0.0171875 0.03046875