0 0.78671875 0.56640625 0.425 0.8640625
0 0.2984375 0.5203125 0.38515625 0.95703125
0 0.0953125 0.6421875 0.13671875 0.715625
0 0.6140625 0.61328125 0.36875 0.7734375
0 0.5734375 0.59921875 0.18046875 0.8015625
0 0.909375 0.54609375 0.17890625 0.90546875
0 0.0296875 0.53359375 0.05 0.25859375
0 0.0390625 0.71171875 0.078125 0.5765625
0 0.53046875 0.28984375 0.0796875 0.14296875
0 0.86875 0.30078125 0.04609375 0.05390625
0 0.665625 0.825 0.025 0.06953125
0 0.82734375 0.62421875 0.0796875 0.384375