0 0.934375 0.784375 0.128125 0.4265625
0 0.903125 0.78515625 0.128125 0.4296875
0 0.97890625 0.61953125 0.0421875 0.0890625
0 0.96953125 0.61171875 0.0296875 0.11875
0 0.99140625 0.58125 0.0171875 0.090625
0 0.8984375 0.60234375 0.0265625 0.05234375
0 0.90625 0.5984375 0.04921875 0.09765625
0 0.9296875 0.6265625 0.02265625 0.1046875
0 0.82734375 0.71875 0.0546875 0.16171875
0 0.85234375 0.640625 0.0171875 0.1140625
0 0.8421875 0.68125 0.025 0.090625
0 0.83125 0.6703125 0.0203125 0.11640625
0 0.815625 0.82109375 0.15859375 0.35234375
0 0.7296875 0.8546875 0.09296875 0.290625
0 0.74765625 0.8359375 0.05625 0.3
0 0.73828125 0.66171875 0.02109375 0.04296875
0 0.78203125 0.65390625 0.025 0.05
0 0.725 0.6953125 0.0203125 0.08125
0 0.6796875 0.8109375 0.053125 0.21640625
0 0.65703125 0.81796875 0.0625 0.19296875
0 0.6875 0.70390625 0.02265625 0.0640625
0 0.6734375 0.690625 0.02109375 0.04296875
0 0.64296875 0.80625 0.046875 0.240625
0 0.63671875 0.8484375 0.1 0.30234375
0 0.575 0.86328125 0.0453125 0.26875
0 0.5828125 0.70859375 0.0265625 0.0546875
0 0.5546875 0.81171875 0.05078125 0.2046875
0 0.425 0.8796875 0.07578125 0.2359375
0 0.384375 0.88828125 0.046875 0.2234375
0 0.37578125 0.88828125 0.06171875 0.21875
0 0.203125 0.82109375 0.028125 0.0953125
0 0.09296875 0.90390625 0.0375 0.13125
0 0.0453125 0.90390625 0.03203125 0.09296875
0 0.2171875 0.61796875 0.0265625 0.0640625
0 0.28125 0.60703125 0.02421875 0.06640625
0 0.46640625 0.58359375 0.034375 0.05703125
0 0.44296875 0.590625 0.0203125 0.05703125
0 0.58359375 0.57109375 0.028125 0.05234375
0 0.878125 0.7359375 0.05703125 0.24765625
0 0.91640625 0.58671875 0.01484375 0.02109375
0 0.76171875 0.64140625 0.0171875 0.02109375
0 0.70703125 0.68125 0.01328125 0.03828125
0 0.65078125 0.69609375 0.02109375 0.0453125
0 0.50234375 0.7359375 0.06796875 0.0859375
0 0.45703125 0.78828125 0.0265625 0.06171875
0 0.0125 0.9140625 0.025 0.08125
0 0.07421875 0.88671875 0.025 0.059375
0 0.40234375 0.7546875 0.015625 0.0234375
0 0.84375 0.53203125 0.015625 0.03125
0 0.98828125 0.490625 0.0203125 0.02890625