0 0.959375 0.78671875 0.06875 0.23046875
0 0.8859375 0.8546875 0.10625 0.28671875
0 0.83359375 0.8578125 0.0640625 0.19921875
0 0.8015625 0.76171875 0.053125 0.1859375
0 0.74140625 0.68984375 0.0390625 0.12265625
0 0.73359375 0.8515625 0.1078125 0.29296875
0 0.659375 0.8078125 0.0875 0.2953125
0 0.5640625 0.7671875 0.021875 0.165625
0 0.53984375 0.759375 0.0453125 0.2484375
0 0.409375 0.7984375 0.0625 0.3
0 0.29375 0.83359375 0.103125 0.315625
0 0.05859375 0.76953125 0.0765625 0.18828125
0 0.14453125 0.71171875 0.0515625 0.0984375
0 0.20703125 0.715625 0.0515625 0.103125
0 0.26015625 0.7453125 0.0515625 0.1921875
0 0.3375 0.66015625 0.01875 0.040625
0 0.6328125 0.66640625 0.025 0.09375
0 0.69140625 0.66796875 0.0265625 0.10078125
0 0.70546875 0.6734375 0.0171875 0.09375
0 0.77890625 0.72265625 0.0421875 0.165625
0 0.81640625 0.65625 0.0515625 0.13203125
0 0.26875 0.62890625 0.15625 0.08515625
0 0.13046875 0.52421875 0.1078125 0.2484375
0 0.27421875 0.48515625 0.1390625 0.07578125
0 0.6328125 0.63984375 0.19375 0.14296875
0 0.0390625 0.61953125 0.078125 0.11171875
0 0.39609375 0.48203125 0.0234375 0.06484375
0 0.67890625 0.2828125 0.0171875 0.046875
0 0.77578125 0.5 0.0765625 0.06484375
0 0.85546875 0.49296875 0.0203125 0.05625
0 0.3828125 0.671875 0.04375 0.10078125
0 0.471875 0.621875 0.128125 0.040625