0 0.92421875 0.590625 0.14765625 0.5875
0 0.80546875 0.5640625 0.15234375 0.61328125
0 0.0640625 0.61015625 0.12734375 0.778125
0 0.19375 0.57265625 0.31328125 0.85234375
0 0.3328125 0.55078125 0.0953125 0.57421875
0 0.37265625 0.48046875 0.06015625 0.42265625
0 0.40390625 0.4171875 0.09296875 0.415625
0 0.46015625 0.44375 0.08515625 0.3734375
0 0.5109375 0.41796875 0.06953125 0.3734375
0 0.53984375 0.40078125 0.06015625 0.3515625
0 0.5578125 0.409375 0.0546875 0.3265625
0 0.13125 0.1953125 0.0578125 0.096875
0 0.31796875 0.2109375 0.0421875 0.084375
0 0.340625 0.1890625 0.03828125 0.09453125
0 0.3921875 0.16796875 0.0421875 0.0671875
0 0.37890625 0.24375 0.05546875 0.096875
0 0.43359375 0.40859375 0.046875 0.34609375
0 0.45390625 0.3125 0.0375 0.1078125
0 0.4953125 0.4 0.0625 0.340625
0 0.61640625 0.321875 0.0796875 0.2640625
0 0.50859375 0.19765625 0.03828125 0.065625
0 0.4765625 0.2046875 0.03125 0.06015625
0 0.41015625 0.20625 0.0375 0.0640625
0 0.44140625 0.2296875 0.046875 0.09140625
0 0.5828125 0.265625 0.04296875 0.19765625
0 0.640625 0.25078125 0.034375 0.23359375
0 0.65859375 0.26015625 0.03828125 0.2171875
0 0.728125 0.2390625 0.0390625 0.20703125
0 0.73125 0.26015625 0.0453125 0.21015625
0 0.8359375 0.259375 0.028125 0.1796875
0 0.803125 0.25234375 0.05625 0.2109375
0 0.90625 0.246875 0.046875 0.2421875
0 0.971875 0.2484375 0.040625 0.19765625
0 0.96953125 0.3390625 0.0609375 0.428125
0 0.3375 0.23125 0.675 0.275