0 0.93359375 0.54921875 0.13125 0.54609375
0 0.878125 0.634375 0.0796875 0.41875
0 0.7828125 0.515625 0.103125 0.4296875
0 0.60703125 0.45859375 0.075 0.32890625
0 0.29375 0.525 0.0703125 0.44375
0 0.3859375 0.55078125 0.06875 0.2140625
0 0.33203125 0.54140625 0.06484375 0.26953125
0 0.88203125 0.38046875 0.03203125 0.09453125
0 0.9046875 0.04453125 0.096875 0.0890625
0 0.021875 0.30390625 0.04296875 0.26953125
0 0.5078125 0.4328125 0.0546875 0.13359375
0 0.5921875 0.38515625 0.03828125 0.09765625