0 0.878125 0.43359375 0.2109375 0.32421875
0 0.62265625 0.35390625 0.15859375 0.209375
0 0.278125 0.3921875 0.25703125 0.6
0 0.08046875 0.33125 0.1609375 0.334375
0 0.1734375 0.2796875 0.01953125 0.0375
0 0.390625 0.28828125 0.040625 0.08671875
0 0.45703125 0.30703125 0.0234375 0.03984375
0 0.5171875 0.29609375 0.05703125 0.09140625
0 0.5453125 0.2921875 0.0296875 0.0984375
0 0.61640625 0.29296875 0.01640625 0.04296875
0 0.63984375 0.296875 0.04453125 0.1015625
0 0.68984375 0.31171875 0.015625 0.07578125
0 0.66328125 0.2890625 0.0125 0.025
0 0.715625 0.2953125 0.021875 0.05234375
0 0.72734375 0.30625 0.0328125 0.09140625
0 0.7453125 0.32890625 0.0359375 0.05625
0 0.76484375 0.34375 0.03203125 0.03125
0 0.75546875 0.30625 0.0328125 0.06171875
0 0.78203125 0.325 0.0234375 0.0703125
0 0.79765625 0.32109375 0.03359375 0.08046875
0 0.82265625 0.3421875 0.028125 0.05625
0 0.70703125 0.33046875 0.03671875 0.04296875
0 0.67578125 0.29453125 0.03671875 0.11015625
0 0.0109375 0.296875 0.021875 0.0890625
0 0.83203125 0.35625 0.025 0.0390625