0 0.484375 0.51953125 0.09765625 0.2953125
0 0.49453125 0.47890625 0.06328125 0.27109375
0 0.45 0.49140625 0.03515625 0.1484375
0 0.4171875 0.50625 0.06875 0.2953125
0 0.40546875 0.48359375 0.03671875 0.26328125
0 0.3609375 0.5140625 0.084375 0.33359375
0 0.33984375 0.4890625 0.07265625 0.3359375
0 0.2734375 0.5 0.08125 0.34296875
0 0.30078125 0.48671875 0.0390625 0.24453125
0 0.23359375 0.4875 0.04375 0.23671875
0 0.19296875 0.484375 0.0671875 0.29296875
0 0.13515625 0.48984375 0.05703125 0.253125
0 0.18828125 0.48828125 0.05390625 0.22890625
0 0.209375 0.37734375 0.01875 0.03125
0 0.66875 0.4140625 0.159375 0.025
0 0.86015625 0.32421875 0.03515625 0.0875
0 0.1 0.39921875 0.0390625 0.02421875