0 0.73515625 0.81640625 0.1703125 0.365625
0 0.5640625 0.88671875 0.12578125 0.225
0 0.42109375 0.85234375 0.1265625 0.2953125
0 0.12265625 0.88984375 0.22578125 0.21953125
0 0.52734375 0.67578125 0.08671875 0.2203125
0 0.25 0.8390625 0.15859375 0.31875
0 0.41875 0.60078125 0.03203125 0.06484375
0 0.34140625 0.85 0.09765625 0.2984375
0 0.17421875 0.784375 0.08984375 0.16171875
0 0.07890625 0.775 0.1546875 0.1890625
0 0.0296875 0.7671875 0.05859375 0.140625
0 0.3953125 0.70859375 0.053125 0.1390625
0 0.45234375 0.67109375 0.03828125 0.07109375
0 0.3046875 0.65703125 0.040625 0.04453125
0 0.240625 0.6234375 0.04921875 0.0890625
0 0.27421875 0.634375 0.02421875 0.0390625
0 0.3140625 0.60625 0.02578125 0.0734375
0 0.46484375 0.61640625 0.02890625 0.053125
0 0.45234375 0.6078125 0.0265625 0.034375
0 0.42421875 0.6203125 0.04375 0.05078125
0 0.7109375 0.5921875 0.04453125 0.084375
0 0.771875 0.6625 0.0859375 0.24921875
0 0.57265625 0.6453125 0.05 0.06796875
0 0.640625 0.6484375 0.0484375 0.1140625
0 0.74765625 0.6046875 0.02421875 0.03671875
0 0.940625 0.6390625 0.05 0.0515625
0 0.15078125 0.640625 0.13359375 0.13671875
0 0.35234375 0.625 0.04375 0.10859375
0 0.46328125 0.65546875 0.028125 0.05546875
0 0.60546875 0.6171875 0.028125 0.05078125
0 0.6765625 0.59765625 0.03125 0.06640625
0 0.74296875 0.584375 0.01328125 0.02109375
0 0.8828125 0.71875 0.23359375 0.39140625