0 0.0171875 0.909375 0.034375 0.1796875
0 0.0546875 0.90625 0.053125 0.18671875
0 0.10078125 0.90078125 0.07265625 0.196875
0 0.1296875 0.88359375 0.028125 0.165625
0 0.14453125 0.79453125 0.01953125 0.1234375
0 0.36171875 0.934375 0.03125 0.13046875
0 0.3890625 0.94296875 0.03125 0.1125
0 0.4171875 0.90234375 0.03515625 0.13984375
0 0.40859375 0.821875 0.01015625 0.08125
0 0.42109375 0.8203125 0.01171875 0.0734375
0 0.60859375 0.81953125 0.021875 0.140625
0 0.6890625 0.8265625 0.025 0.11640625
0 0.7984375 0.88671875 0.02734375 0.09375
0 0.8046875 0.884375 0.03125 0.0859375
0 0.94609375 0.87109375 0.0125 0.08984375
0 0.96875 0.8765625 0.0140625 0.0921875
0 0.98984375 0.840625 0.01328125 0.04296875
0 0.9375 0.8375 0.00390625 0.01875
0 0.9953125 0.84140625 0.00234375 0.01328125