0 0.884375 0.6171875 0.2296875 0.578125
0 0.45390625 0.59921875 0.15078125 0.62109375
0 0.73046875 0.66796875 0.24921875 0.47734375
0 0.66171875 0.64140625 0.20703125 0.4546875
0 0.6078125 0.55859375 0.20703125 0.378125
0 0.5859375 0.5328125 0.17265625 0.3390625
0 0.5609375 0.4640625 0.096875 0.21171875
0 0.096875 0.6734375 0.19375 0.465625
0 0.1421875 0.65234375 0.2140625 0.43359375
0 0.171875 0.5640625 0.2234375 0.41875
0 0.27890625 0.49921875 0.1890625 0.27890625
0 0.31484375 0.43984375 0.09765625 0.3359375
0 0.2625 0.42578125 0.0734375 0.3390625
0 0.33046875 0.34375 0.04453125 0.1203125
0 0.58828125 0.3625 0.075 0.21328125
0 0.6125 0.328125 0.040625 0.15078125
0 0.5 0.34140625 0.025 0.10078125
0 0.54453125 0.38359375 0.0546875 0.2109375
0 0.4265625 0.29296875 0.06640625 0.10078125
0 0.38984375 0.3328125 0.01484375 0.06328125
0 0.35546875 0.36171875 0.0171875 0.05859375
0 0.37890625 0.31171875 0.01015625 0.0609375
0 0.50078125 0.30859375 0.05234375 0.0421875
0 0.01875 0.72421875 0.0359375 0.08203125