0 0.0203125 0.528125 0.01484375 0.0734375
0 0.034375 0.53125 0.0125 0.065625
0 0.046875 0.53125 0.0125 0.07109375
0 0.06015625 0.5296875 0.0171875 0.0765625
0 0.16953125 0.55703125 0.0125 0.06640625
0 0.17578125 0.54921875 0.01875 0.084375
0 0.2546875 0.54921875 0.01328125 0.059375
0 0.21875 0.53671875 0.0171875 0.0484375
0 0.196875 0.53671875 0.01171875 0.04609375
0 0.31875 0.5734375 0.02421875 0.1140625
0 0.340625 0.546875 0.01796875 0.05390625
0 0.3765625 0.55390625 0.02578125 0.0859375
0 0.7421875 0.64375 0.06328125 0.134375
0 0.3734375 0.82109375 0.10546875 0.35546875
0 0.46875 0.846875 0.11953125 0.303125
0 0.63828125 0.834375 0.190625 0.32890625
0 0.6625 0.91953125 0.10234375 0.15546875
0 0.95625 0.6203125 0.0375 0.1015625
0 0.98515625 0.69375 0.0296875 0.28125
0 0.946875 0.84296875 0.1046875 0.3109375
0 0.88671875 0.875 0.1546875 0.246875
0 0.934375 0.69921875 0.0828125 0.12890625
0 0.0078125 0.52890625 0.01484375 0.05859375
0 0.1 0.52734375 0.0640625 0.05703125