0 0.02265625 0.71171875 0.04453125 0.38828125
0 0.07265625 0.69140625 0.096875 0.41796875
0 0.0984375 0.5171875 0.05078125 0.19375
0 0.18359375 0.459375 0.02734375 0.09765625
0 0.20390625 0.534375 0.0484375 0.19609375
0 0.24296875 0.5671875 0.059375 0.24140625
0 0.28828125 0.57734375 0.06875 0.24140625
0 0.2671875 0.465625 0.0390625 0.08984375
0 0.2859375 0.4515625 0.03125 0.09375
0 0.30625 0.4390625 0.025 0.071875
0 0.3125 0.45390625 0.028125 0.08046875
0 0.32890625 0.4640625 0.04453125 0.0859375
0 0.32890625 0.57109375 0.053125 0.21796875
0 0.36015625 0.51484375 0.0375 0.20625
0 0.35625 0.4328125 0.02578125 0.065625
0 0.3890625 0.515625 0.028125 0.1625
0 0.40859375 0.57109375 0.05546875 0.23125
0 0.446875 0.55859375 0.0515625 0.25234375
0 0.5125 0.56015625 0.07265625 0.28671875
0 0.56484375 0.51796875 0.0453125 0.1796875
0 0.60390625 0.5515625 0.05234375 0.25546875
0 0.6828125 0.68203125 0.134375 0.44296875
0 0.67109375 0.49296875 0.078125 0.11796875
0 0.75 0.596875 0.071875 0.278125
0 0.80703125 0.4671875 0.0328125 0.12109375
0 0.8640625 0.490625 0.04453125 0.146875
0 0.925 0.5203125 0.0515625 0.21953125
0 0.9453125 0.7 0.109375 0.403125
0 0.74921875 0.42421875 0.0171875 0.03125
0 0.7265625 0.47578125 0.03515625 0.13359375
0 0.7 0.465625 0.03125 0.1015625
0 0.675 0.425 0.0203125 0.0328125
0 0.64609375 0.453125 0.02734375 0.1015625
0 0.221875 0.55234375 0.02734375 0.165625
0 0.36875 0.4703125 0.02734375 0.1390625
0 0.46953125 0.5140625 0.02890625 0.15
0 0.5453125 0.47890625 0.03828125 0.1515625
0 0.74921875 0.44375 0.015625 0.03828125
0 0.46015625 0.43046875 0.021875 0.03984375
0 0.47734375 0.4546875 0.025 0.08125
0 0.49609375 0.44140625 0.028125 0.06875
0 0.94296875 0.52265625 0.07578125 0.1453125
0 0.57734375 0.434375 0.09296875 0.06640625
0 0.55 0.375 0.0359375 0.0484375
0 0.43984375 0.428125 0.13671875 0.06640625
0 0.51953125 0.4109375 0.0234375 0.02421875
0 0.37890625 0.315625 0.0171875 0.034375
0 0.26796875 0.25 0.07421875 0.2109375