0 0.10078125 0.52734375 0.07890625 0.1875
0 0.21796875 0.5265625 0.08828125 0.175
0 0.29765625 0.52734375 0.0484375 0.1671875
0 0.359375 0.51953125 0.06015625 0.1765625
0 0.42265625 0.52421875 0.07109375 0.1625
0 0.52890625 0.5171875 0.0703125 0.1625
0 0.59140625 0.5453125 0.06484375 0.0921875
0 0.73125 0.47265625 0.02578125 0.078125
0 0.75 0.48046875 0.0390625 0.0921875
0 0.7953125 0.5078125 0.075 0.15546875
0 0.9265625 0.478125 0.06796875 0.203125
0 0.80078125 0.44296875 0.046875 0.2375
0 0.58671875 0.46640625 0.078125 0.278125
0 0.4625 0.48203125 0.0703125 0.27265625
0 0.68515625 0.45390625 0.35078125 0.9078125
0 0.99609375 0.45 0.0078125 0.03125