0 0.39296875 0.759375 0.1921875 0.35234375
0 0.590625 0.7734375 0.20078125 0.36015625
0 0.75 0.69375 0.1703125 0.31328125
0 0.83125 0.61953125 0.1140625 0.2078125
0 0.85 0.58515625 0.12421875 0.23828125
0 0.9015625 0.5796875 0.09921875 0.21171875
0 0.9515625 0.5734375 0.096875 0.221875
0 0.95234375 0.509375 0.0953125 0.14296875
0 0.81015625 0.496875 0.1078125 0.15234375
0 0.72265625 0.4453125 0.07578125 0.15625
0 0.6046875 0.38671875 0.06328125 0.24609375
0 0.5265625 0.44921875 0.08125 0.1296875
0 0.44453125 0.45078125 0.07890625 0.1296875
0 0.4171875 0.46484375 0.13203125 0.14296875
0 0.35234375 0.46875 0.1171875 0.1421875
0 0.2796875 0.4828125 0.0953125 0.1375
0 0.228125 0.50625 0.0921875 0.146875
0 0.1890625 0.4390625 0.03984375 0.06171875
0 0.1921875 0.51875 0.1296875 0.1484375
0 0.11328125 0.55546875 0.0609375 0.16328125
0 0.059375 0.57265625 0.11875 0.2265625
0 0.08515625 0.671875 0.1703125 0.31875
0 0.18984375 0.68828125 0.16171875 0.278125
0 0.1765625 0.77734375 0.2609375 0.36796875
0 0.46875 0.47734375 0.03515625 0.05234375