0 0.84453125 0.7 0.1515625 0.525
0 0.740625 0.63359375 0.09296875 0.3171875
0 0.63203125 0.69375 0.16875 0.6078125
0 0.52421875 0.65390625 0.1296875 0.4578125
0 0.4203125 0.6296875 0.0484375 0.175
0 0.35859375 0.6265625 0.06875 0.2328125
0 0.30390625 0.63515625 0.05546875 0.2203125
0 0.23046875 0.61015625 0.04609375 0.1296875
0 0.2734375 0.62890625 0.03515625 0.15234375
0 0.18359375 0.61875 0.03671875 0.12265625
0 0.15703125 0.62265625 0.04453125 0.1203125
0 0.115625 0.6359375 0.03515625 0.12265625
0 0.071875 0.65 0.0890625 0.3046875
0 0.44296875 0.5859375 0.03671875 0.07734375
0 0.2984375 0.625 0.240625 0.1546875
0 0.56171875 0.73984375 0.04296875 0.08515625