0 0.93125 0.865625 0.134375 0.265625
0 0.83359375 0.84140625 0.1421875 0.3171875
0 0.75859375 0.86875 0.09453125 0.26171875
0 0.9546875 0.709375 0.08984375 0.2921875
0 0.87578125 0.7515625 0.12109375 0.24140625
0 0.95703125 0.5546875 0.05234375 0.15625
0 0.90234375 0.596875 0.07421875 0.31640625
0 0.84921875 0.63125 0.0859375 0.2109375
0 0.778125 0.69140625 0.0984375 0.29375
0 0.81875 0.5328125 0.06171875 0.16171875
0 0.6703125 0.7921875 0.13125 0.4125
0 0.6296875 0.775 0.0859375 0.45
0 0.5328125 0.76875 0.121875 0.459375
0 0.47421875 0.74765625 0.0890625 0.50078125
0 0.41484375 0.75859375 0.07421875 0.48203125
0 0.3296875 0.6984375 0.11875 0.60234375
0 0.95859375 0.478125 0.08046875 0.17734375
0 0.92734375 0.4484375 0.06015625 0.18046875
0 0.7484375 0.575 0.05078125 0.17890625
0 0.71328125 0.60625 0.07109375 0.25625
0 0.6953125 0.49140625 0.08359375 0.16171875
0 0.74140625 0.4875 0.0703125 0.1921875
0 0.81796875 0.47578125 0.08046875 0.1484375
0 0.85703125 0.46640625 0.05078125 0.1484375
0 0.79453125 0.43125 0.04453125 0.16171875
0 0.8609375 0.38125 0.07109375 0.1484375
0 0.903125 0.38828125 0.0359375 0.109375
0 0.95859375 0.37734375 0.0421875 0.10703125
0 0.87578125 0.29453125 0.04140625 0.10703125
0 0.92421875 0.3125 0.04140625 0.1390625
0 0.9828125 0.2984375 0.0328125 0.0921875
0 0.6390625 0.51796875 0.05703125 0.109375
0 0.59140625 0.58125 0.053125 0.19765625
0 0.61328125 0.49140625 0.0390625 0.10546875
0 0.634375 0.440625 0.02890625 0.05234375
0 0.58203125 0.44765625 0.04765625 0.10703125
0 0.67109375 0.4375 0.05625 0.1453125
0 0.70234375 0.39921875 0.05 0.146875
0 0.64375 0.39140625 0.046875 0.1015625
0 0.64296875 0.3890625 0.0421875 0.09609375
0 0.62421875 0.3578125 0.04140625 0.1203125
0 0.66953125 0.31796875 0.03828125 0.08671875
0 0.71328125 0.359375 0.03046875 0.09453125
0 0.7078125 0.32890625 0.0453125 0.10703125
0 0.7453125 0.38359375 0.04765625 0.10703125
0 0.66015625 0.2859375 0.02890625 0.071875
0 0.63359375 0.2375 0.0265625 0.0453125
0 0.71640625 0.2828125 0.0265625 0.075
0 0.73984375 0.3 0.0390625 0.1109375
0 0.775 0.334375 0.0421875 0.1
0 0.79453125 0.434375 0.0734375 0.246875
0 0.79140625 0.2671875 0.0359375 0.075
0 0.834375 0.32578125 0.03828125 0.11328125
0 0.81015625 0.2796875 0.02578125 0.0625
0 0.81796875 0.303125 0.01875 0.0640625
0 0.49296875 0.521875 0.05703125 0.13203125
0 0.3953125 0.6546875 0.05 0.3859375
0 0.425 0.4765625 0.05703125 0.14296875
0 0.44296875 0.46640625 0.03515625 0.0921875
0 0.5671875 0.428125 0.03046875 0.09609375
0 0.534375 0.45546875 0.046875 0.14296875
0 0.521875 0.4859375 0.06171875 0.184375
0 0.47109375 0.428125 0.040625 0.1109375
0 0.54609375 0.3953125 0.03828125 0.128125
0 0.46484375 0.39375 0.05234375 0.08671875
0 0.428125 0.38671875 0.05546875 0.0921875
0 0.51640625 0.36171875 0.0421875 0.09453125
0 0.57421875 0.32109375 0.0453125 0.1
0 0.6015625 0.30390625 0.040625 0.10703125
0 0.59765625 0.2625 0.0375 0.065625
0 0.5578125 0.303125 0.02734375 0.0640625
0 0.5515625 0.275 0.02109375 0.09453125
0 0.503125 0.34375 0.0328125 0.084375
0 0.52734375 0.315625 0.0359375 0.07734375
0 0.55703125 0.30234375 0.02578125 0.05859375
0 0.56328125 0.2609375 0.015625 0.0359375
0 0.53203125 0.275 0.02578125 0.0828125
0 0.4875 0.271875 0.02421875 0.07734375
0 0.4828125 0.3125 0.03046875 0.075
0 0.48359375 0.3703125 0.03203125 0.1109375
0 0.4453125 0.36171875 0.0296875 0.07890625
0 0.4625 0.32734375 0.02265625 0.06796875
0 0.434375 0.33671875 0.0265625 0.0640625
0 0.45 0.29296875 0.02109375 0.05078125
0 0.43671875 0.29453125 0.01796875 0.03203125
0 0.41640625 0.31953125 0.03046875 0.0546875
0 0.46171875 0.2578125 0.02421875 0.07890625
0 0.4421875 0.26015625 0.0234375 0.071875
0 0.42890625 0.24453125 0.02265625 0.04921875
0 0.39453125 0.296875 0.0359375 0.10703125
0 0.3421875 0.2671875 0.02578125 0.06015625
0 0.3609375 0.32578125 0.04375 0.1359375
0 0.34375 0.28359375 0.01875 0.05078125
0 0.359375 0.45390625 0.03203125 0.075
0 0.28046875 0.63828125 0.05859375 0.40703125
0 0.246875 0.6453125 0.0671875 0.4765625
0 0.32109375 0.35625 0.0390625 0.090625
0 0.32421875 0.31171875 0.0296875 0.084375
0 0.30078125 0.32109375 0.0328125 0.10703125
0 0.32109375 0.26640625 0.0328125 0.065625
0 0.28359375 0.27890625 0.02421875 0.071875
0 0.26953125 0.284375 0.0234375 0.05625
0 0.27421875 0.35 0.03515625 0.09453125
0 0.2453125 0.359375 0.03359375 0.1203125
0 0.23046875 0.31484375 0.03359375 0.09765625
0 0.265625 0.41796875 0.03046875 0.109375
0 0.2609375 0.33984375 0.02734375 0.0734375
0 0.2015625 0.47578125 0.03203125 0.0921875
0 0.21875 0.38671875 0.0484375 0.0921875
0 0.19140625 0.35859375 0.04765625 0.084375
0 0.18671875 0.5234375 0.3625 0.94921875
0 0.2171875 0.5140625 0.0375 0.221875
0 0.6078125 0.7328125 0.059375 0.3765625
0 0.6796875 0.559375 0.03828125 0.06796875
0 0.98828125 0.69921875 0.0234375 0.0890625
0 0.99375 0.5640625 0.0125 0.059375
0 0.9890625 0.41328125 0.02109375 0.1
0 0.86484375 0.41171875 0.0328125 0.1
0 0.9359375 0.3203125 0.128125 0.0640625
0 0.97109375 0.24453125 0.053125 0.07890625
0 0.5828125 0.3609375 0.0859375 0.06953125
0 0.609375 0.43515625 0.02421875 0.03359375
0 0.5546875 0.528125 0.0484375 0.0734375
0 0.15234375 0.33203125 0.0421875 0.0921875
0 0.1875 0.31328125 0.02265625 0.028125
0 0.2703125 0.2421875 0.01875 0.028125
0 0.38046875 0.24609375 0.059375 0.046875
0 0.309375 0.23828125 0.01875 0.046875
0 0.2484375 0.2734375 0.02265625 0.05234375
0 0.33671875 0.3578125 0.0203125 0.075
0 0.396875 0.39140625 0.0375 0.15078125
0 0.37109375 0.390625 0.0171875 0.03203125
0 0.35234375 0.3296875 0.0125 0.02265625
0 0.63515625 0.27421875 0.040625 0.0625
0 0.47109375 0.29765625 0.0140625 0.05625
0 0.4796875 0.2421875 0.0140625 0.04296875
0 0.4265625 0.39921875 0.02109375 0.03046875
0 0.50625 0.25859375 0.02265625 0.084375
0 0.52421875 0.27109375 0.01796875 0.01484375
0 0.290625 0.39296875 0.02578125 0.0921875
0 0.18046875 0.39921875 0.03046875 0.04921875
0 0.0203125 0.4671875 0.040625 0.50859375
0 0.19921875 0.221875 0.0296875 0.05625