0 0.103125 0.7109375 0.19765625 0.57578125
0 0.21953125 0.6046875 0.0734375 0.478125
0 0.3265625 0.6515625 0.075 0.5140625
0 0.36875 0.6296875 0.0625 0.446875
0 0.4328125 0.66640625 0.29609375 0.665625
0 0.62421875 0.69921875 0.19453125 0.60078125
0 0.6765625 0.61953125 0.075 0.39453125
0 0.76171875 0.675 0.1890625 0.64765625
0 0.94765625 0.6953125 0.103125 0.60703125
0 0.8921875 0.47109375 0.03203125 0.09296875
0 0.90703125 0.47578125 0.03515625 0.0859375
0 0.2734375 0.6875 0.12890625 0.621875
0 0.525 0.4734375 0.0296875 0.046875
0 0.4046875 0.4484375 0.02890625 0.0875