0 0.49921875 0.8234375 0.38984375 0.35078125
0 0.82578125 0.771875 0.125 0.4546875
0 0.8453125 0.728125 0.08984375 0.42421875
0 0.7875 0.54609375 0.075 0.10078125
0 0.76640625 0.7109375 0.05390625 0.378125
0 0.7234375 0.76484375 0.1046875 0.44140625
0 0.703125 0.6984375 0.07734375 0.3875
0 0.6484375 0.75234375 0.10703125 0.42890625
0 0.6015625 0.7109375 0.07578125 0.3765625
0 0.5734375 0.55703125 0.04140625 0.11796875
0 0.56171875 0.7125 0.05703125 0.3265625
0 0.5265625 0.75078125 0.125 0.4640625
0 0.42421875 0.75234375 0.0859375 0.4640625
0 0.46875 0.57890625 0.059375 0.1109375
0 0.46328125 0.5421875 0.04921875 0.0890625
0 0.3421875 0.75078125 0.12890625 0.43125
0 0.24765625 0.75 0.0828125 0.44453125
0 0.21640625 0.73046875 0.1296875 0.41015625
0 0.20859375 0.6921875 0.09296875 0.4046875
0 0.2890625 0.696875 0.05703125 0.34921875
0 0.325 0.7078125 0.06171875 0.3375
0 0.37734375 0.5625 0.0578125 0.084375
0 0.40390625 0.571875 0.02734375 0.05546875
0 0.3140625 0.74921875 0.0796875 0.4