0 0.04140625 0.61640625 0.0828125 0.2015625
0 0.0859375 0.54453125 0.07265625 0.1515625
0 0.06328125 0.47578125 0.04609375 0.0671875
0 0.125 0.628125 0.1078125 0.25078125
0 0.14375 0.6265625 0.18828125 0.371875
0 0.32421875 0.5484375 0.08828125 0.2453125
0 0.20546875 0.74140625 0.20625 0.5171875
0 0.3390625 0.76484375 0.17734375 0.46875
0 0.425 0.52578125 0.11796875 0.20078125
0 0.46328125 0.68671875 0.12578125 0.334375
0 0.56953125 0.76796875 0.140625 0.46328125
0 0.67734375 0.765625 0.1546875 0.46875
0 0.62734375 0.52890625 0.1859375 0.21796875
0 0.690625 0.5375 0.08515625 0.20390625
0 0.76953125 0.65078125 0.1046875 0.40625
0 0.76796875 0.615625 0.10546875 0.35078125
0 0.79609375 0.44453125 0.1125 0.16875
0 0.528125 0.459375 0.36953125 0.184375
0 0.85625 0.65234375 0.28671875 0.6921875
0 0.4140625 0.909375 0.36171875 0.18046875