0 0.0296875 0.43671875 0.059375 0.221875
0 0.20234375 0.6703125 0.21640625 0.65625
0 0.15078125 0.6203125 0.10078125 0.5421875
0 0.1953125 0.3078125 0.07421875 0.2453125
0 0.38203125 0.5625 0.0421875 0.49609375
0 0.42890625 0.63515625 0.1375 0.62734375
0 0.3921875 0.34765625 0.04609375 0.0765625
0 0.63671875 0.6484375 0.159375 0.7
0 0.640625 0.29453125 0.06015625 0.090625
0 0.7828125 0.578125 0.11875 0.63671875
0 0.93515625 0.6359375 0.1265625 0.728125
0 0.70859375 0.3078125 0.09453125 0.434375
0 0.58125 0.28515625 0.10078125 0.50546875
0 0.6984375 0.1109375 0.1171875 0.221875
0 0.50859375 0.06015625 0.190625 0.1203125
0 0.13828125 0.509375 0.05234375 0.0984375
0 0.0421875 0.68125 0.08046875 0.43125