0 0.25859375 0.59296875 0.0875 0.3
0 0.3203125 0.5890625 0.08203125 0.28828125
0 0.54609375 0.5953125 0.071875 0.28125
0 0.04375 0.52265625 0.065625 0.21328125
0 0.08671875 0.51953125 0.034375 0.1953125
0 0.12890625 0.5171875 0.0234375 0.159375
0 0.1484375 0.5625 0.05703125 0.22578125
0 0.2125 0.5265625 0.04765625 0.20703125
0 0.27890625 0.5359375 0.0421875 0.24921875
0 0.3359375 0.453125 0.034375 0.05546875
0 0.38125 0.5359375 0.06171875 0.22109375
0 0.42734375 0.52265625 0.05 0.20625
0 0.4625 0.5328125 0.05234375 0.2078125
0 0.509375 0.53125 0.05 0.21953125
0 0.553125 0.51171875 0.05234375 0.18671875
0 0.5703125 0.4421875 0.025 0.05
0 0.59609375 0.52890625 0.0515625 0.1890625
0 0.63984375 0.52265625 0.03828125 0.20234375
0 0.675 0.47265625 0.0375 0.09921875
0 0.71015625 0.51875 0.04140625 0.1984375
0 0.784375 0.51328125 0.05390625 0.1984375
0 0.62265625 0.4609375 0.02890625 0.09140625
0 0.25390625 0.4484375 0.30234375 0.0703125
0 0.6546875 0.44765625 0.021875 0.0421875
0 0.725 0.44140625 0.01953125 0.04296875
0 0.8953125 0.55 0.20859375 0.26171875
0 0.8515625 0.3984375 0.296875 0.04375