0 0.71171875 0.41171875 0.059375 0.23125
0 0.753125 0.34140625 0.0546875 0.19375
0 0.67265625 0.54609375 0.07578125 0.271875
0 0.775 0.246875 0.04296875 0.096875
0 0.4203125 0.6546875 0.11015625 0.5703125
0 0.51640625 0.6 0.134375 0.53359375
0 0.75390625 0.171875 0.028125 0.0578125
0 0.8046875 0.2671875 0.05390625 0.240625
0 0.77578125 0.1140625 0.0375 0.08828125
0 0.790625 0.13359375 0.02421875 0.0484375
0 0.8296875 0.18125 0.0453125 0.17734375
0 0.834375 0.13984375 0.04609375 0.14765625
0 0.85390625 0.08125 0.03984375 0.07265625
0 0.86796875 0.0703125 0.0375 0.1015625
0 0.675 0.31171875 0.04296875 0.046875
0 0.653125 0.3890625 0.06171875 0.14765625
0 0.721875 0.3390625 0.05390625 0.27421875
0 0.296875 0.63359375 0.15859375 0.6578125
0 0.46953125 0.42109375 0.07265625 0.046875
0 0.9625 0.4703125 0.075 0.11328125
0 0.778125 0.2015625 0.02578125 0.03359375
0 0.87421875 0.0171875 0.10703125 0.0328125
0 0.8984375 0.0671875 0.034375 0.0609375
0 0.59375 0.47421875 0.075 0.18203125
0 0.1140625 0.64453125 0.175 0.60234375
0 0.2328125 0.44921875 0.06015625 0.1234375
0 0.57421875 0.6515625 0.0734375 0.04140625
0 0.34765625 0.70234375 0.06015625 0.4875