0 0.24765625 0.62578125 0.17265625 0.415625
0 0.38359375 0.58046875 0.109375 0.353125
0 0.4640625 0.559375 0.090625 0.36640625
0 0.5609375 0.6 0.10546875 0.36640625
0 0.52109375 0.52265625 0.07109375 0.29296875
0 0.6578125 0.4953125 0.05703125 0.0984375
0 0.63046875 0.48984375 0.04140625 0.08203125
0 0.60546875 0.453125 0.059375 0.21953125
0 0.7171875 0.390625 0.03046875 0.115625
0 0.69921875 0.396875 0.03046875 0.1109375
0 0.96796875 0.46328125 0.05703125 0.1734375
0 0.9765625 0.48984375 0.046875 0.2484375
0 0.9828125 0.3265625 0.02421875 0.075
0 0.63203125 0.4078125 0.03203125 0.0984375
0 0.64453125 0.3421875 0.015625 0.084375
0 0.58203125 0.46640625 0.06484375 0.228125
0 0.49296875 0.4453125 0.05234375 0.20390625
0 0.4046875 0.4296875 0.059375 0.14609375
0 0.365625 0.4 0.02890625 0.06953125
0 0.2921875 0.40859375 0.05078125 0.14140625
0 0.25546875 0.3890625 0.03515625 0.08046875
0 0.23515625 0.36171875 0.01796875 0.02890625
0 0.21953125 0.42421875 0.04453125 0.1875
0 0.17890625 0.43125 0.0625 0.1984375
0 0.13203125 0.446875 0.07890625 0.16640625
0 0.14375 0.39296875 0.02890625 0.09140625
0 0.1046875 0.35703125 0.015625 0.05859375
0 0.05078125 0.371875 0.046875 0.07890625
0 0.31484375 0.3328125 0.01015625 0.0515625
0 0.33671875 0.33046875 0.015625 0.05
0 0.27890625 0.3046875 0.0125 0.040625
0 0.97265625 0.29375 0.05390625 0.0765625
0 0.62734375 0.33515625 0.025 0.06796875
0 0.50390625 0.3640625 0.1125 0.06640625
0 0.39296875 0.415625 0.103125 0.17109375
0 0.13203125 0.34609375 0.08515625 0.075
0 0.22265625 0.334375 0.0375 0.03046875
0 0.2859375 0.334375 0.015625 0.02109375
0 0.01015625 0.3890625 0.01953125 0.04140625
0 0.259375 0.340625 0.01484375 0.01796875
0 0.20234375 0.28515625 0.0125 0.034375
0 0.2953125 0.309375 0.01171875 0.0265625
0 0.30546875 0.3625 0.02421875 0.04140625
0 0.32421875 0.43046875 0.025 0.096875
0 0.19765625 0.3515625 0.01484375 0.025
0 0.27265625 0.846875 0.18203125 0.09453125
0 0.6046875 0.81484375 0.134375 0.12890625