0 0.0625 0.7015625 0.12109375 0.56640625
0 0.07890625 0.44453125 0.053125 0.14140625
0 0.1125 0.63984375 0.0796875 0.4765625
0 0.14140625 0.4296875 0.05703125 0.15
0 0.16875 0.70390625 0.115625 0.5046875
0 0.2 0.65703125 0.0640625 0.4796875
0 0.22109375 0.43671875 0.053125 0.1234375
0 0.228125 0.46015625 0.0578125 0.10703125
0 0.23125 0.6421875 0.053125 0.421875
0 0.27578125 0.4359375 0.06875 0.1546875
0 0.26171875 0.63046875 0.0765625 0.378125
0 0.2953125 0.4625 0.03671875 0.08828125
0 0.32421875 0.61953125 0.08125 0.371875
0 0.33515625 0.45859375 0.06328125 0.096875
0 0.35703125 0.4234375 0.06328125 0.1234375
0 0.38125 0.60546875 0.06640625 0.36796875
0 0.40078125 0.39453125 0.07421875 0.10859375
0 0.41484375 0.43984375 0.0453125 0.1
0 0.42578125 0.65234375 0.071875 0.39140625
0 0.44921875 0.39453125 0.034375 0.03828125
0 0.44765625 0.484375 0.078125 0.15859375
0 0.47109375 0.4453125 0.03984375 0.0765625
0 0.475 0.66484375 0.065625 0.3265625
0 0.5 0.42265625 0.05546875 0.11484375
0 0.51640625 0.46953125 0.06875 0.11171875
0 0.52578125 0.66953125 0.065625 0.31484375
0 0.55546875 0.41953125 0.02890625 0.08515625
0 0.5703125 0.5765625 0.07578125 0.353125
0 0.56015625 0.66484375 0.046875 0.2734375
0 0.58203125 0.434375 0.015625 0.0484375
0 0.6046875 0.46640625 0.03671875 0.11328125
0 0.6265625 0.43359375 0.0359375 0.06640625
0 0.625 0.6109375 0.07890625 0.3046875
0 0.603125 0.67109375 0.05546875 0.2546875
0 0.6578125 0.5734375 0.06875 0.35
0 0.66953125 0.55078125 0.04140625 0.33515625
0 0.70390625 0.45234375 0.0390625 0.11484375
0 0.7140625 0.6140625 0.07421875 0.34140625
0 0.73671875 0.5546875 0.05078125 0.33671875
0 0.75859375 0.434375 0.02890625 0.0484375
0 0.78203125 0.57109375 0.06640625 0.36484375
0 0.8171875 0.62578125 0.07890625 0.35859375
0 0.840625 0.46640625 0.04296875 0.1
0 0.88203125 0.61484375 0.0875 0.39296875
0 0.94140625 0.6203125 0.1078125 0.4265625
0 0.7609375 0.365625 0.03203125 0.06796875
0 0.55 0.3703125 0.04453125 0.06015625