0 0.09609375 0.8484375 0.09765625 0.3015625
0 0.13984375 0.571875 0.02421875 0.03203125
0 0.17890625 0.578125 0.028125 0.0375
0 0.2203125 0.56953125 0.0140625 0.0484375
0 0.27421875 0.5609375 0.02421875 0.04921875
0 0.23359375 0.678125 0.03515625 0.0703125
0 0.27890625 0.703125 0.06328125 0.13125
0 0.23359375 0.82890625 0.06640625 0.259375
0 0.26640625 0.8578125 0.0953125 0.284375
0 0.32265625 0.66484375 0.03828125 0.18125
0 0.36953125 0.709375 0.046875 0.1953125
0 0.40234375 0.6859375 0.03046875 0.18046875
0 0.42578125 0.696875 0.05546875 0.2265625
0 0.453125 0.734375 0.06796875 0.209375
0 0.45546875 0.62890625 0.0375 0.08046875
0 0.50234375 0.71015625 0.04453125 0.178125
0 0.32890625 0.5796875 0.01953125 0.05625
0 0.3390625 0.578125 0.021875 0.06796875
0 0.34921875 0.5453125 0.021875 0.040625
0 0.35 0.47734375 0.00703125 0.01328125
0 0.36328125 0.4765625 0.01171875 0.021875
0 0.38203125 0.48125 0.0109375 0.0140625
0 0.390625 0.4796875 0.01015625 0.0203125
0 0.40234375 0.48671875 0.015625 0.0421875
0 0.4015625 0.55859375 0.02578125 0.09375
0 0.42265625 0.55078125 0.025 0.071875
0 0.41484375 0.5125 0.01796875 0.02265625
0 0.41171875 0.496875 0.01796875 0.0296875
0 0.41953125 0.5 0.0078125 0.03125
0 0.42734375 0.5046875 0.0171875 0.03984375
0 0.44609375 0.50625 0.01640625 0.0453125
0 0.44921875 0.49140625 0.00859375 0.02421875
0 0.45234375 0.540625 0.021875 0.065625
0 0.4578125 0.48828125 0.01015625 0.0140625
0 0.4609375 0.5109375 0.01171875 0.03046875
0 0.4734375 0.48828125 0.0125 0.021875
0 0.471875 0.50234375 0.015625 0.02578125
0 0.4734375 0.50703125 0.0125 0.015625
0 0.465625 0.56328125 0.0328125 0.03515625
0 0.465625 0.59140625 0.02734375 0.0734375
0 0.48515625 0.51484375 0.01328125 0.05078125
0 0.4953125 0.50078125 0.01484375 0.02890625
0 0.4953125 0.5390625 0.02109375 0.0703125
0 0.49296875 0.5875 0.03203125 0.04765625
0 0.490625 0.66953125 0.03984375 0.18984375
0 0.50703125 0.49140625 0.01171875 0.03125
0 0.51015625 0.496875 0.02109375 0.0171875
0 0.5140625 0.53046875 0.01953125 0.071875
0 0.5234375 0.53984375 0.0171875 0.0421875
0 0.52890625 0.63984375 0.04375 0.1421875
0 0.54140625 0.5375 0.02578125 0.0453125
0 0.54765625 0.5109375 0.0203125 0.05
0 0.55078125 0.62578125 0.03125 0.14375
0 0.534375 0.634375 0.03125 0.1390625
0 0.57109375 0.5203125 0.0171875 0.0515625
0 0.5828125 0.51640625 0.015625 0.04765625
0 0.575 0.6359375 0.0359375 0.14921875
0 0.58359375 0.61875 0.028125 0.13828125
0 0.60625 0.63046875 0.03359375 0.13046875
0 0.60234375 0.5171875 0.02421875 0.046875
0 0.6390625 0.590625 0.02265625 0.07890625
0 0.6640625 0.565625 0.02890625 0.0609375
0 0.6796875 0.55625 0.021875 0.04296875
0 0.684375 0.53515625 0.0203125 0.04453125
0 0.70703125 0.54453125 0.0265625 0.06015625
0 0.71953125 0.546875 0.021875 0.07421875
0 0.73828125 0.55390625 0.0140625 0.05703125
0 0.74765625 0.53828125 0.0296875 0.090625
0 0.76328125 0.53671875 0.01875 0.0875
0 0.78359375 0.53359375 0.015625 0.0375
0 0.79765625 0.55703125 0.01953125 0.090625
0 0.7875 0.58671875 0.046875 0.1046875
0 0.8078125 0.534375 0.01796875 0.05
0 0.81640625 0.52578125 0.0140625 0.04609375
0 0.83359375 0.54140625 0.0203125 0.06796875
0 0.84921875 0.54296875 0.01796875 0.0703125
0 0.8734375 0.5625 0.02265625 0.0625
0 0.9 0.54609375 0.02421875 0.071875
0 0.91328125 0.56015625 0.03046875 0.05
0 0.9203125 0.53046875 0.0171875 0.040625
0 0.959375 0.62890625 0.0796875 0.25546875
0 0.7484375 0.775 0.07265625 0.290625
0 0.6296875 0.83984375 0.1109375 0.29921875
0 0.625 0.5828125 0.02265625 0.09375
0 0.5546875 0.4796875 0.01484375 0.02578125
0 0.57265625 0.478125 0.01171875 0.03828125
0 0.92890625 0.53046875 0.01953125 0.0265625
0 0.93984375 0.56328125 0.01171875 0.03046875
0 0.93984375 0.52109375 0.01171875 0.025
0 0.984375 0.52578125 0.0140625 0.02421875
0 0.7109375 0.359375 0.01953125 0.0796875
0 0.96484375 0.165625 0.0671875 0.33125
0 0.715625 0.62265625 0.02109375 0.0328125
0 0.3859375 0.5171875 0.021875 0.046875
0 0.53203125 0.50546875 0.01875 0.0578125
0 0.52109375 0.56640625 0.03671875 0.0390625
0 0.73828125 0.50390625 0.3125 0.125
0 0.5625 0.46875 0.0390625 0.03515625