0 0.0703125 0.52890625 0.078125 0.26171875
0 0.1109375 0.4703125 0.0734375 0.35703125
0 0.12734375 0.5234375 0.09765625 0.27890625
0 0.178125 0.49140625 0.059375 0.303125
0 0.2 0.53359375 0.10703125 0.2734375
0 0.25234375 0.4984375 0.0484375 0.29375
0 0.28203125 0.5265625 0.09765625 0.28984375
0 0.33359375 0.4875 0.06171875 0.31953125
0 0.3734375 0.528125 0.071875 0.284375
0 0.390625 0.47890625 0.07578125 0.340625
0 0.459375 0.4921875 0.071875 0.3265625
0 0.5328125 0.478125 0.08125 0.35625
0 0.61484375 0.53125 0.08203125 0.2859375
0 0.60859375 0.4796875 0.08125 0.3515625
0 0.68046875 0.47734375 0.06953125 0.34609375
0 0.71171875 0.528125 0.0828125 0.30390625
0 0.7421875 0.490625 0.05234375 0.31875
0 0.79609375 0.528125 0.084375 0.2828125
0 0.7953125 0.45390625 0.07578125 0.29140625
0 0.87109375 0.528125 0.096875 0.3203125
0 0.87109375 0.47109375 0.07109375 0.3546875
0 0.93984375 0.51640625 0.084375 0.30078125