0 0.03984375 0.725 0.028125 0.05390625
0 0.0578125 0.73125 0.03671875 0.06875
0 0.08046875 0.7125 0.02421875 0.03515625
0 0.13046875 0.7109375 0.01875 0.03828125
0 0.15 0.7046875 0.01953125 0.03125
0 0.35859375 0.6921875 0.01015625 0.0125
0 0.39609375 0.6953125 0.01015625 0.00859375
0 0.4203125 0.696875 0.00859375 0.009375
0 0.42578125 0.703125 0.01171875 0.025
0 0.43359375 0.69765625 0.00859375 0.0125
0 0.4421875 0.7015625 0.01640625 0.0203125
0 0.45390625 0.70390625 0.0109375 0.028125
0 0.46328125 0.71015625 0.01640625 0.025
0 0.4765625 0.7046875 0.0109375 0.028125
0 0.48203125 0.7078125 0.01875 0.03046875
0 0.50390625 0.70390625 0.015625 0.02578125
0 0.5234375 0.69609375 0.01015625 0.0109375
0 0.37421875 0.4359375 0.10703125 0.12109375
0 0.80234375 0.5671875 0.015625 0.04453125
0 0.721875 0.53125 0.0140625 0.05078125
0 0.7234375 0.6921875 0.21796875 0.0125
0 0.5640625 0.69453125 0.05234375 0.01171875
0 0.5328125 0.6828125 0.0234375 0.01171875
0 0.38359375 0.69609375 0.01328125 0.00546875
0 0.1234375 0.6890625 0.0171875 0.0078125
0 0.01328125 0.71875 0.0265625 0.0640625
0 0.0484375 0.703125 0.00625 0.015625
0 0.54765625 0.7484375 0.0890625 0.03671875
0 0.8234375 0.54921875 0.01328125 0.015625
0 0.81796875 0.57109375 0.00625 0.0109375
0 0.92109375 0.6984375 0.04453125 0.0109375
0 0.8375 0.703125 0.03046875 0.0078125
0 0.253125 0.69375 0.0296875 0.0109375