0 0.25703125 0.73125 0.21484375 0.4015625
0 0.4640625 0.71015625 0.2890625 0.4609375
0 0.86875 0.70234375 0.125 0.12109375
0 0.9703125 0.60625 0.059375 0.090625
0 0.93359375 0.6 0.0609375 0.07734375
0 0.8609375 0.59140625 0.0828125 0.06953125
0 0.88046875 0.590625 0.05390625 0.0703125
0 0.8984375 0.56875 0.0359375 0.05859375
0 0.78046875 0.56875 0.046875 0.07109375
0 0.8203125 0.5640625 0.02734375 0.0484375
0 0.85078125 0.5515625 0.03125 0.0359375
0 0.7453125 0.571875 0.03984375 0.0734375
0 0.72421875 0.56328125 0.02578125 0.03984375
0 0.67578125 0.5609375 0.04296875 0.06953125
0 0.6703125 0.6109375 0.12265625 0.0953125
0 0.621875 0.609375 0.1140625 0.09375
0 0.08515625 0.63203125 0.1109375 0.0984375
0 0.0953125 0.63203125 0.09140625 0.0953125
0 0.140625 0.603125 0.06796875 0.06328125
0 0.18984375 0.590625 0.04375 0.046875
0 0.31796875 0.575 0.0359375 0.053125
0 0.3609375 0.55703125 0.034375 0.04375
0 0.89765625 0.56875 0.034375 0.0578125
0 0.98984375 0.5515625 0.01953125 0.03828125
0 0.6671875 0.5578125 0.18203125 0.0671875
0 0.40859375 0.27265625 0.0765625 0.0734375
0 0.2140625 0.58125 0.04140625 0.028125
0 0.09765625 0.55625 0.19453125 0.0296875
0 0.640625 0.45078125 0.07578125 0.03984375
0 0.3828125 0.540625 0.059375 0.0359375
0 0.528125 0.540625 0.08984375 0.05390625