0 0.36875 0.1625 0.0640625 0.13984375
0 0.4140625 0.19140625 0.07578125 0.14375
0 0.32890625 0.23125 0.08828125 0.1671875
0 0.26796875 0.2296875 0.0765625 0.1515625
0 0.253125 0.265625 0.078125 0.12890625
0 0.20546875 0.31484375 0.071875 0.33984375
0 0.09375 0.26328125 0.1875 0.2703125
0 0.128125 0.64296875 0.25546875 0.7125
0 0.21015625 0.64765625 0.37109375 0.703125
0 0.40859375 0.6375 0.1484375 0.725
0 0.63203125 0.6953125 0.28203125 0.6078125
0 0.540625 0.52265625 0.20546875 0.953125
0 0.66953125 0.4078125 0.11640625 0.3875
0 0.678125 0.16875 0.08046875 0.1484375
0 0.83046875 0.53359375 0.33828125 0.93203125
0 0.89921875 0.55 0.13515625 0.67890625
0 0.3046875 0.48515625 0.1796875 0.37265625
0 0.125 0.31953125 0.13046875 0.41875
0 0.60234375 0.184375 0.08671875 0.165625
0 0.90078125 0.1875 0.1859375 0.153125
0 0.41953125 0.23515625 0.1390625 0.11171875