0 0.0328125 0.26640625 0.0484375 0.12734375
0 0.0890625 0.39921875 0.1515625 0.4703125
0 0.15546875 0.31015625 0.0453125 0.13359375
0 0.15234375 0.28359375 0.0296875 0.0546875
0 0.13828125 0.246875 0.028125 0.05234375
0 0.1609375 0.24765625 0.0375 0.07109375
0 0.18046875 0.2828125 0.0234375 0.08515625
0 0.24453125 0.3828125 0.1359375 0.45390625
0 0.27734375 0.35 0.08046875 0.41328125
0 0.34296875 0.36484375 0.11640625 0.42734375
0 0.3390625 0.17578125 0.0421875 0.06796875
0 0.3859375 0.30234375 0.046875 0.2859375
0 0.42578125 0.2953125 0.07109375 0.33046875
0 0.4921875 0.334375 0.06953125 0.34609375
0 0.55625 0.30078125 0.0671875 0.2953125
0 0.6109375 0.33671875 0.0828125 0.32578125
0 0.66171875 0.33515625 0.0671875 0.32109375
0 0.69140625 0.26875 0.040625 0.1671875
0 0.7265625 0.33359375 0.08046875 0.315625
0 0.75390625 0.25 0.084375 0.184375
0 0.81953125 0.275 0.0703125 0.22734375
0 0.86171875 0.26640625 0.02421875 0.0515625
0 0.88828125 0.25546875 0.0296875 0.09296875
0 0.8625 0.33984375 0.0578125 0.13515625
0 0.88828125 0.35390625 0.0125 0.1
0 0.24375 0.6609375 0.26640625 0.35625
0 0.44921875 0.55390625 0.17421875 0.31484375
0 0.59296875 0.51484375 0.1484375 0.27578125
0 0.60234375 0.440625 0.05546875 0.209375
0 0.76484375 0.45 0.13515625 0.25
0 0.73515625 0.68671875 0.20703125 0.346875
0 0.88515625 0.57734375 0.14140625 0.35703125
0 0.865625 0.82421875 0.25 0.3515625
0 0.8671875 0.82421875 0.246875 0.3515625
0 0.78515625 0.190625 0.0265625 0.053125
0 0.05234375 0.22890625 0.01640625 0.053125
0 0.98125 0.396875 0.0375 0.30703125
0 0.6109375 0.9 0.3265625 0.1984375