0 0.1734375 0.8828125 0.06875 0.234375
0 0.2515625 0.86875 0.11015625 0.25078125
0 0.3125 0.84921875 0.078125 0.2921875
0 0.3546875 0.73515625 0.03515625 0.115625
0 0.38671875 0.84453125 0.1078125 0.3109375
0 0.44609375 0.8390625 0.0890625 0.31875
0 0.51953125 0.78671875 0.08203125 0.3234375
0 0.55859375 0.6796875 0.046875 0.15
0 0.58984375 0.7890625 0.0703125 0.28359375
0 0.64921875 0.83828125 0.09375 0.3234375
0 0.7171875 0.83515625 0.0859375 0.32578125
0 0.77578125 0.840625 0.08515625 0.31875
0 0.8265625 0.840625 0.08203125 0.31875
0 0.86953125 0.790625 0.090625 0.15703125
0 0.93359375 0.86640625 0.12890625 0.2375
0 0.89140625 0.8890625 0.1375 0.221875
0 0.675 0.71796875 0.04375 0.15546875
0 0.63125 0.6953125 0.04296875 0.13046875
0 0.5 0.38515625 1 0.47734375
0 0.065625 0.8109375 0.13125 0.37734375
0 0.32890625 0.69140625 0.39765625 0.13828125
0 0.86875 0.6765625 0.2625 0.10703125
0 0.9296875 0.8625 0.140625 0.271875
0 0.2859375 0.78359375 0.0375 0.0484375
0 0.13828125 0.8109375 0.01640625 0.103125
0 0.21171875 0.8078125 0.03828125 0.096875
0 0.5125 0.93515625 0.659375 0.12890625