0 0.5140625 0.55859375 0.01796875 0.07109375
0 0.48828125 0.54453125 0.0171875 0.03828125
0 0.50234375 0.54765625 0.0109375 0.025
0 0.50234375 0.5359375 0.0078125 0.02109375
0 0.50625 0.534375 0.0109375 0.0234375
0 0.47890625 0.5671875 0.0125 0.06875
0 0.4703125 0.5390625 0.01171875 0.025
0 0.4671875 0.571875 0.01328125 0.06484375
0 0.45546875 0.575 0.01875 0.0734375
0 0.43671875 0.578125 0.0234375 0.06640625
0 0.42421875 0.5703125 0.0125 0.07265625
0 0.40859375 0.58046875 0.015625 0.06796875
0 0.4078125 0.56484375 0.0171875 0.04140625
0 0.28515625 0.60859375 0.05390625 0.10078125
0 0.26875 0.62421875 0.0359375 0.06484375
0 0.56875 0.4859375 0.36171875 0.0421875
0 0.2609375 0.64609375 0.0375 0.02734375
0 0.48984375 0.534375 0.0859375 0.03515625
0 0.54375 0.52578125 0.015625 0.03828125