0 0.03984375 0.809375 0.0796875 0.38046875
0 0.184375 0.81171875 0.25625 0.3734375
0 0.08125 0.54140625 0.1625 0.3609375
0 0.1296875 0.47109375 0.16875 0.378125
0 0.25625 0.534375 0.1296875 0.5296875
0 0.31328125 0.5765625 0.1296875 0.4625
0 0.36796875 0.70546875 0.19609375 0.5859375
0 0.371875 0.38046875 0.109375 0.321875
0 0.44453125 0.33984375 0.08203125 0.2515625
0 0.5453125 0.2859375 0.0640625 0.17109375
0 0.6 0.3578125 0.1171875 0.31796875
0 0.49296875 0.43125 0.15234375 0.33515625
0 0.5875 0.71640625 0.25703125 0.5640625
0 0.6671875 0.6015625 0.18671875 0.59140625
0 0.8203125 0.8109375 0.31875 0.375
0 0.7921875 0.5171875 0.19140625 0.45390625
0 0.89296875 0.49140625 0.1984375 0.353125
0 0.08125 0.71484375 0.1328125 0.115625
0 0.8828125 0.76640625 0.234375 0.4640625