0 0.1359375 0.6203125 0.18203125 0.75703125
0 0.26640625 0.61015625 0.15625 0.68125
0 0.534375 0.5578125 0.13046875 0.56953125
0 0.63828125 0.5109375 0.13203125 0.55859375
0 0.50390625 0.41953125 0.078125 0.45625
0 0.7703125 0.50546875 0.128125 0.52890625
0 0.91015625 0.44921875 0.09296875 0.3203125
0 0.2421875 0.80078125 0.26171875 0.396875
0 0.50078125 0.80390625 0.28125 0.390625
0 0.76171875 0.8125 0.19140625 0.375
0 0.28984375 0.32109375 0.10703125 0.2765625
0 0.84296875 0.4703125 0.09375 0.3984375
0 0.72734375 0.43671875 0.03828125 0.328125
0 0.1796875 0.36796875 0.03828125 0.08984375
0 0.15859375 0.24453125 0.0375 0.09453125
0 0.47265625 0.48671875 0.07734375 0.2546875
0 0.04140625 0.62109375 0.0828125 0.75703125
0 0.2953125 0.29140625 0.1765625 0.13203125
0 0.83046875 0.2984375 0.3375 0.14140625
0 0.921875 0.74296875 0.15546875 0.51171875
0 0.81875 0.73671875 0.0515625 0.115625
0 0.96640625 0.428125 0.0671875 0.11875
0 0.88828125 0.42890625 0.02890625 0.11875
0 0.75 0.521875 0.03359375 0.18671875