0 0.240625 0.846875 0.1296875 0.30234375
0 0.33671875 0.83515625 0.11484375 0.3296875
0 0.4859375 0.80703125 0.14296875 0.38203125
0 0.5515625 0.81796875 0.0828125 0.3609375
0 0.4171875 0.76015625 0.07890625 0.31953125
0 0.48515625 0.65234375 0.075 0.12734375
0 0.528125 0.63203125 0.05 0.16640625
0 0.43046875 0.62265625 0.0484375 0.1
0 0.2984375 0.71015625 0.04453125 0.1609375
0 0.24140625 0.69140625 0.0609375 0.19375
0 0.16953125 0.74609375 0.0875 0.39765625
0 0.06875 0.78359375 0.08515625 0.35859375
0 0.025 0.75859375 0.05 0.33359375
0 0.28125 0.59609375 0.02421875 0.11796875
0 0.3359375 0.6109375 0.03671875 0.14296875
0 0.371875 0.61015625 0.03359375 0.14140625
0 0.34375 0.54765625 0.015625 0.04140625
0 0.4515625 0.6265625 0.03046875 0.1078125
0 0.4640625 0.57578125 0.02421875 0.04140625
0 0.55625 0.61796875 0.03671875 0.1609375
0 0.9859375 0.83828125 0.028125 0.3234375
0 0.86328125 0.81171875 0.09609375 0.37265625
0 0.7796875 0.815625 0.0984375 0.36875
0 0.8828125 0.7734375 0.075 0.453125
0 0.71484375 0.75703125 0.07421875 0.3375
0 0.621875 0.753125 0.0828125 0.3609375
0 0.61484375 0.60390625 0.053125 0.09375
0 0.7109375 0.703125 0.0765625 0.3390625
0 0.653125 0.66640625 0.0484375 0.26640625
0 0.596875 0.615625 0.03046875 0.1296875
0 0.6890625 0.60625 0.03046875 0.10625
0 0.67421875 0.62734375 0.021875 0.1609375
0 0.584375 0.5921875 0.0265625 0.121875
0 0.490625 0.58984375 0.03125 0.1140625
0 0.41796875 0.60703125 0.03359375 0.115625
0 0.365625 0.5546875 0.01796875 0.06640625
0 0.38125 0.5359375 0.015625 0.0453125
0 0.39765625 0.59375 0.02421875 0.1140625
0 0.4171875 0.5609375 0.0203125 0.0546875
0 0.4703125 0.55625 0.021875 0.06875
0 0.60234375 0.54296875 0.0171875 0.02734375
0 0.4796875 0.51171875 0.18046875 0.05078125
0 0.4453125 0.553125 0.01796875 0.03515625
0 0.52109375 0.54296875 0.03125 0.015625
0 0.96015625 0.8046875 0.0390625 0.1390625
0 0.9171875 0.578125 0.04140625 0.10234375
0 0.76875 0.3953125 0.0328125 0.13515625