0 0.21796875 0.4546875 0.1046875 0.31953125
0 0.28515625 0.71953125 0.23984375 0.5609375
0 0.3390625 0.47578125 0.08515625 0.19375
0 0.4015625 0.75859375 0.16875 0.48203125
0 0.47265625 0.69765625 0.20078125 0.6015625
0 0.40703125 0.4078125 0.08671875 0.21328125
0 0.465625 0.35625 0.06015625 0.1453125
0 0.528125 0.38984375 0.09921875 0.2015625
0 0.58203125 0.3890625 0.10859375 0.19375
0 0.58203125 0.68359375 0.2046875 0.62890625
0 0.71875 0.61953125 0.2078125 0.42890625
0 0.69375 0.8078125 0.2796875 0.38359375
0 0.32109375 0.35 0.04609375 0.08671875
0 0.33359375 0.33125 0.04296875 0.13671875
0 0.3765625 0.303125 0.43046875 0.21953125