0 0.78359375 0.54921875 0.084375 0.48125
0 0.73984375 0.5484375 0.08046875 0.58984375
0 0.65 0.6703125 0.18125 0.659375
0 0.646875 0.64765625 0.18203125 0.5078125
0 0.5375 0.54765625 0.07578125 0.51875
0 0.4953125 0.34296875 0.04296875 0.26328125
0 0.440625 0.53828125 0.09375 0.5421875
0 0.3953125 0.459375 0.06953125 0.4671875
0 0.41640625 0.26015625 0.0328125 0.08671875
0 0.3578125 0.40390625 0.04765625 0.3359375
0 0.32265625 0.55234375 0.1078125 0.4875
0 0.24921875 0.49140625 0.075 0.425
0 0.17265625 0.5359375 0.0859375 0.48125
0 0.11015625 0.515625 0.07890625 0.4171875
0 0.15546875 0.3125 0.028125 0.04609375
0 0.2078125 0.58984375 0.03828125 0.2265625
0 0.3328125 0.33359375 0.0375 0.11953125
0 0.29453125 0.2890625 0.040625 0.04140625
0 0.2828125 0.365625 0.02109375 0.05546875