0 0.08671875 0.8703125 0.0734375 0.2546875
0 0.4296875 0.87890625 0.0734375 0.2375
0 0.721875 0.9015625 0.0703125 0.1921875
0 0.8765625 0.8734375 0.06328125 0.24765625
0 0.91640625 0.73515625 0.03671875 0.1546875
0 0.9359375 0.7234375 0.03515625 0.1375
0 0.81484375 0.7296875 0.03671875 0.13515625
0 0.6984375 0.73359375 0.04296875 0.1671875
0 0.60390625 0.73515625 0.03515625 0.13984375
0 0.39296875 0.7421875 0.03359375 0.13515625
0 0.11640625 0.5984375 0.0234375 0.0828125
0 0.0875 0.6078125 0.025 0.0796875
0 0.72734375 0.5359375 0.01796875 0.0578125
0 0.73359375 0.5328125 0.01328125 0.06015625
0 0.22109375 0.5484375 0.01796875 0.04765625
0 0.53046875 0.5171875 0.128125 0.08984375
0 0.4875 0.24375 0.2515625 0.1421875