0 0.03046875 0.6796875 0.03828125 0.103125
0 0.08359375 0.6984375 0.059375 0.12421875
0 0.11015625 0.68828125 0.02421875 0.13671875
0 0.08984375 0.64296875 0.01484375 0.02421875
0 0.1703125 0.6703125 0.0140625 0.05625
0 0.18046875 0.6609375 0.0140625 0.0390625
0 0.203125 0.68125 0.02578125 0.1
0 0.19296875 0.6671875 0.0109375 0.05234375
0 0.31953125 0.696875 0.03203125 0.12421875
0 0.3328125 0.6796875 0.028125 0.109375
0 0.32265625 0.68046875 0.04296875 0.11640625
0 0.35078125 0.67578125 0.01953125 0.10390625
0 0.37109375 0.68828125 0.0390625 0.109375
0 0.44375 0.671875 0.0328125 0.109375
0 0.51484375 0.66875 0.0328125 0.11328125
0 0.64140625 0.66796875 0.0375 0.10703125
0 0.665625 0.6859375 0.034375 0.1140625
0 0.72265625 0.65859375 0.01953125 0.075
0 0.7375 0.6734375 0.028125 0.08515625
0 0.77890625 0.675 0.03671875 0.09765625
0 0.796875 0.6765625 0.03203125 0.11328125
0 0.8921875 0.67578125 0.0421875 0.11171875
0 0.9875 0.61875 0.01171875 0.0203125
0 0.08203125 0.6734375 0.01953125 0.09921875
0 0.56875 0.64375 0.0078125 0.01015625
0 0.59453125 0.64453125 0.0078125 0.025
0 0.025 0.73203125 0.05 0.0109375
0 0.07890625 0.746875 0.0515625 0.03359375
0 0.3125 0.74609375 0.046875 0.03125
0 0.36640625 0.740625 0.03046875 0.00625
0 0.7890625 0.678125 0.04765625 0.1140625
0 0.42109375 0.65546875 0.0140625 0.01875
0 0.41171875 0.634375 0.01640625 0.01640625
0 0.9875 0.6171875 0.01796875 0.0328125