0 0.27890625 0.78671875 0.04609375 0.16953125
0 0.30078125 0.63046875 0.02265625 0.10625
0 0.98984375 0.93671875 0.0203125 0.12578125
0 0.8625 0.94765625 0.0328125 0.1046875
0 0.8625 0.9 0.0328125 0.09140625
0 0.8328125 0.92109375 0.03984375 0.15703125
0 0.7796875 0.959375 0.05703125 0.08125
0 0.690625 0.89921875 0.0359375 0.078125
0 0.64921875 0.90390625 0.059375 0.1203125
0 0.7171875 0.7328125 0.0328125 0.146875
0 0.74453125 0.72578125 0.025 0.14375
0 0.571875 0.86484375 0.0328125 0.1859375
0 0.59765625 0.8640625 0.05 0.20859375
0 0.596875 0.675 0.0296875 0.12265625
0 0.4703125 0.9171875 0.0609375 0.16171875
0 0.4296875 0.765625 0.04921875 0.1546875
0 0.46796875 0.75234375 0.034375 0.15859375
0 0.496875 0.7390625 0.03515625 0.15625
0 0.5296875 0.71953125 0.03203125 0.13203125
0 0.56640625 0.72265625 0.03515625 0.1078125
0 0.509375 0.76171875 0.0296875 0.15625
0 0.44921875 0.6546875 0.0359375 0.12109375
0 0.46328125 0.64375 0.025 0.1125
0 0.3859375 0.59453125 0.02578125 0.10078125
0 0.3984375 0.5765625 0.02265625 0.0375
0 0.42734375 0.62109375 0.02265625 0.1125
0 0.5046875 0.65078125 0.03671875 0.075
0 0.67578125 0.6140625 0.0359375 0.115625
0 0.4359375 0.47578125 0.10390625 0.2265625