0 0.38046875 0.6828125 0.22265625 0.5046875
0 0.6953125 0.48359375 0.12421875 0.2875
0 0.78046875 0.4421875 0.07578125 0.2296875
0 0.834375 0.44140625 0.0453125 0.17734375
0 0.93125 0.37890625 0.0625 0.27734375
0 0.96953125 0.32890625 0.0296875 0.1921875
0 0.37265625 0.37109375 0.0625 0.3421875
0 0.51640625 0.26015625 0.04375 0.175
0 0.59296875 0.26015625 0.05078125 0.125
0 0.74296875 0.2921875 0.0375 0.11015625
0 0.84140625 0.30234375 0.0265625 0.1046875
0 0.1171875 0.31484375 0.2 0.1703125
0 0.7703125 0.19140625 0.0359375 0.07265625
0 0.9 0.2921875 0.06640625 0.1203125