0 0.13125 0.70390625 0.121875 0.59140625
0 0.215625 0.6765625 0.209375 0.646875
0 0.20859375 0.38515625 0.23671875 0.38828125
0 0.31796875 0.76328125 0.1234375 0.4734375
0 0.35546875 0.45078125 0.1078125 0.228125
0 0.32890625 0.3484375 0.06328125 0.175
0 0.36953125 0.3375 0.1015625 0.2875
0 0.42734375 0.27734375 0.0703125 0.12890625
0 0.4390625 0.44609375 0.0765625 0.2265625
0 0.434375 0.5359375 0.121875 0.24609375
0 0.50234375 0.70859375 0.259375 0.5828125
0 0.51640625 0.3625 0.134375 0.346875
0 0.51796875 0.3515625 0.13125 0.36015625
0 0.49765625 0.21484375 0.2921875 0.31171875
0 0.59609375 0.6921875 0.1734375 0.615625
0 0.69296875 0.62734375 0.14375 0.69375
0 0.7578125 0.540625 0.23984375 0.8375
0 0.828125 0.62890625 0.19609375 0.6203125
0 0.8171875 0.58125 0.11640625 0.7703125
0 0.6265625 0.34921875 0.1078125 0.18359375