0 0.1828125 0.78359375 0.1265625 0.42890625
0 0.24375 0.79609375 0.075 0.4078125
0 0.24453125 0.7984375 0.07265625 0.403125
0 0.27890625 0.80390625 0.0625 0.3921875
0 0.340625 0.79921875 0.11953125 0.39765625
0 0.3859375 0.69921875 0.09296875 0.21171875
0 0.46640625 0.7375 0.10078125 0.2890625
0 0.53125 0.7984375 0.11953125 0.35625
0 0.5921875 0.7453125 0.08125 0.228125
0 0.66171875 0.8125 0.0796875 0.36328125
0 0.7390625 0.7890625 0.128125 0.41796875
0 0.84375 0.725 0.1234375 0.24921875
0 0.9359375 0.68515625 0.11640625 0.1703125
0 0.93828125 0.63828125 0.1234375 0.1859375
0 0.38515625 0.89765625 0.1265625 0.20078125
0 0.4765625 0.89921875 0.096875 0.2015625
0 0.59453125 0.9015625 0.11796875 0.19375
0 0.2765625 0.5953125 0.040625 0.05078125
0 0.30078125 0.64375 0.03046875 0.06484375
0 0.34921875 0.621875 0.0375 0.08671875
0 0.39921875 0.621875 0.04375 0.090625
0 0.43046875 0.6671875 0.03515625 0.09375
0 0.50546875 0.62578125 0.02734375 0.06875
0 0.5421875 0.59921875 0.0390625 0.059375
0 0.61953125 0.6484375 0.04765625 0.1171875
0 0.665625 0.6140625 0.03671875 0.05234375
0 0.6890625 0.65703125 0.0390625 0.0921875
0 0.7828125 0.64765625 0.07890625 0.09375
0 0.7953125 0.64375 0.04765625 0.1015625
0 0.83828125 0.6375 0.0875 0.08828125
0 0.59140625 0.62265625 0.0453125 0.05625