0 0.47890625 0.484375 0.4328125 0.96875
0 0.10390625 0.86015625 0.15703125 0.278125
0 0.3046875 0.846875 0.35625 0.30546875
0 0.3046875 0.7421875 0.14609375 0.384375
0 0.43515625 0.82734375 0.196875 0.315625
0 0.453125 0.825 0.146875 0.35
0 0.5609375 0.68984375 0.10234375 0.21640625
0 0.7375 0.58828125 0.08359375 0.290625
0 0.8078125 0.59375 0.08515625 0.48828125
0 0.7296875 0.46484375 0.06328125 0.2
0 0.4671875 0.71171875 0.08125 0.13984375
0 0.915625 0.53984375 0.16171875 0.79609375
0 0.8 0.634375 0.08984375 0.43359375
0 0.68828125 0.76015625 0.16484375 0.35703125
0 0.6046875 0.67421875 0.04296875 0.10390625
0 0.16796875 0.621875 0.06015625 0.16328125
0 0.49921875 0.69921875 0.03671875 0.128125
0 0.89921875 0.58125 0.2015625 0.51484375
0 0.93828125 0.9203125 0.121875 0.159375
0 0.940625 0.16328125 0.11875 0.32421875
0 0.04921875 0.92265625 0.0984375 0.1484375
0 0.5203125 0.59453125 0.03046875 0.08046875
0 0.7453125 0.4421875 0.10546875 0.10859375