0 0.56640625 0.94296875 0.075 0.109375
0 0.62734375 0.890625 0.0671875 0.21875
0 0.68515625 0.8 0.06015625 0.18125
0 0.71875 0.75625 0.0671875 0.18359375
0 0.7421875 0.6984375 0.06328125 0.15
0 0.78125 0.81875 0.09375 0.25234375
0 0.834375 0.7640625 0.0765625 0.23359375
0 0.89609375 0.78828125 0.1 0.2140625
0 0.93125 0.72890625 0.084375 0.2046875
0 0.95 0.62109375 0.09765625 0.1953125
0 0.90390625 0.58359375 0.08125 0.2046875
0 0.85625 0.66171875 0.059375 0.14765625
0 0.815625 0.65859375 0.08984375 0.159375
0 0.66015625 0.68828125 0.06171875 0.14296875
0 0.6265625 0.72890625 0.0734375 0.11875
0 0.61015625 0.80234375 0.07734375 0.16640625
0 0.54765625 0.79296875 0.0515625 0.16640625
0 0.50703125 0.8484375 0.05625 0.2265625
0 0.45859375 0.85 0.06171875 0.1859375
0 0.41015625 0.809375 0.06328125 0.15234375
0 0.3515625 0.90390625 0.09765625 0.18828125
0 0.36328125 0.77265625 0.05 0.1546875
0 0.325 0.80390625 0.04765625 0.1546875
0 0.2703125 0.88359375 0.090625 0.17109375
0 0.3125 0.7515625 0.05625 0.140625
0 0.29296875 0.7046875 0.05625 0.15703125
0 0.25234375 0.79140625 0.05625 0.19296875
0 0.20703125 0.7546875 0.0515625 0.190625
0 0.22265625 0.67265625 0.0484375 0.13125
0 0.16328125 0.75703125 0.07109375 0.16640625
0 0.21484375 0.89609375 0.05546875 0.13125
0 0.16484375 0.87890625 0.0671875 0.13359375
0 0.2453125 0.66796875 0.05390625 0.11171875
0 0.27890625 0.609375 0.0421875 0.0953125
0 0.2390625 0.59375 0.05390625 0.12109375
0 0.13671875 0.71640625 0.04765625 0.1234375
0 0.10390625 0.6390625 0.11875 0.16875
0 0.19375 0.59609375 0.0578125 0.1359375
0 0.16484375 0.57265625 0.0578125 0.159375
0 0.13671875 0.55234375 0.05546875 0.12890625
0 0.14140625 0.49609375 0.07265625 0.15
0 0.08125 0.5953125 0.065625 0.16640625
0 0.05078125 0.55234375 0.06953125 0.2
0 0.10234375 0.47890625 0.0578125 0.13828125
0 0.05078125 0.3890625 0.07265625 0.13125
0 0.09765625 0.4234375 0.04765625 0.08125
0 0.04765625 0.28125 0.090625 0.22890625
0 0.1359375 0.4046875 0.07265625 0.0953125
0 0.115625 0.3296875 0.06015625 0.20703125
0 0.09296875 0.25 0.0671875 0.1765625
0 0.14375 0.16328125 0.04453125 0.11640625
0 0.15390625 0.13203125 0.05234375 0.159375
0 0.1953125 0.165625 0.03515625 0.140625
0 0.2328125 0.13359375 0.06015625 0.1953125
0 0.315625 0.15703125 0.06328125 0.16640625
0 0.35546875 0.1265625 0.065625 0.2
0 0.3921875 0.13671875 0.0578125 0.1734375
0 0.4390625 0.115625 0.06171875 0.13125
0 0.453125 0.07734375 0.05625 0.1265625
0 0.4859375 0.07734375 0.0484375 0.1546875
0 0.50859375 0.07265625 0.03828125 0.1453125
0 0.53125 0.1 0.0421875 0.14765625
0 0.5578125 0.12734375 0.05234375 0.19765625
0 0.57890625 0.0796875 0.05 0.159375
0 0.60703125 0.09609375 0.05625 0.15
0 0.63359375 0.0890625 0.0484375 0.1359375
0 0.65234375 0.1109375 0.03671875 0.1265625
0 0.67265625 0.13203125 0.05 0.09296875
0 0.18515625 0.3765625 0.05 0.15234375
0 0.209375 0.39375 0.065625 0.1265625
0 0.20625 0.44609375 0.04609375 0.18828125
0 0.2734375 0.48359375 0.05 0.24296875
0 0.26171875 0.4859375 0.03671875 0.13828125
0 0.30625 0.52734375 0.1171875 0.23125
0 0.32265625 0.5765625 0.03984375 0.190625
0 0.35625 0.590625 0.0578125 0.2859375
0 0.36484375 0.6234375 0.065625 0.23359375
0 0.40703125 0.6609375 0.0484375 0.17890625
0 0.4375 0.69609375 0.059375 0.17890625
0 0.4734375 0.68203125 0.04765625 0.21640625
0 0.48046875 0.57890625 0.06875 0.15234375
0 0.51484375 0.6796875 0.090625 0.18359375
0 0.54375 0.62734375 0.05390625 0.18359375
0 0.56875 0.6015625 0.06875 0.28828125
0 0.60625 0.58203125 0.0484375 0.22109375
0 0.63984375 0.575 0.06484375 0.23125
0 0.67890625 0.54296875 0.065625 0.26171875
0 0.7203125 0.55625 0.09375 0.22109375
0 0.71171875 0.60625 0.05 0.1453125
0 0.7328125 0.5046875 0.07890625 0.31875
0 0.76171875 0.45625 0.06015625 0.21640625
0 0.80078125 0.4609375 0.05625 0.16875
0 0.790625 0.59609375 0.07109375 0.1734375
0 0.83984375 0.56875 0.05234375 0.11875
0 0.91953125 0.53671875 0.084375 0.159375
0 0.83828125 0.48125 0.0421875 0.1765625
0 0.86640625 0.4609375 0.0515625 0.20703125
0 0.9046875 0.42109375 0.06953125 0.2140625
0 0.9296875 0.43125 0.06171875 0.16171875
0 0.93046875 0.35390625 0.04765625 0.0734375
0 0.890625 0.2734375 0.0765625 0.15703125
0 0.86875 0.31875 0.03671875 0.1
0 0.83984375 0.33359375 0.06953125 0.1234375
0 0.79921875 0.32109375 0.04375 0.1140625
0 0.73359375 0.32890625 0.0328125 0.0859375
0 0.71953125 0.35625 0.03671875 0.12109375
0 0.6796875 0.36640625 0.05625 0.12890625
0 0.66484375 0.4359375 0.06171875 0.1
0 0.61484375 0.4515625 0.0484375 0.11171875
0 0.5703125 0.46328125 0.0671875 0.140625
0 0.51875 0.52265625 0.06953125 0.1453125
0 0.54375 0.4046875 0.06875 0.1765625
0 0.47421875 0.41875 0.0484375 0.1234375
0 0.4640625 0.5 0.059375 0.2140625
0 0.428125 0.51328125 0.0515625 0.18359375
0 0.40859375 0.45 0.06171875 0.23359375
0 0.3359375 0.41328125 0.05625 0.10234375
0 0.309375 0.35234375 0.03125 0.090625
0 0.29375 0.33203125 0.06171875 0.12109375
0 0.26796875 0.334375 0.059375 0.15
0 0.25859375 0.28359375 0.03828125 0.1234375
0 0.2171875 0.2703125 0.06015625 0.16875
0 0.215625 0.209375 0.05 0.17109375
0 0.14765625 0.234375 0.04453125 0.07890625
0 0.365625 0.3515625 0.06328125 0.17890625
0 0.43984375 0.34765625 0.084375 0.1953125
0 0.49375 0.334375 0.03828125 0.19296875
0 0.52734375 0.36171875 0.05 0.14296875
0 0.57265625 0.3484375 0.04375 0.159375
0 0.60859375 0.36171875 0.06484375 0.190625
0 0.69375 0.30625 0.0515625 0.15
0 0.74609375 0.27890625 0.06328125 0.1140625
0 0.26171875 0.2109375 0.03125 0.0640625
0 0.29375 0.23125 0.040625 0.1234375
0 0.31953125 0.28125 0.03671875 0.15234375
0 0.3515625 0.28359375 0.06015625 0.1859375
0 0.3546875 0.225 0.05390625 0.1453125
0 0.3828125 0.1703125 0.03984375 0.140625
0 0.40625 0.2359375 0.0421875 0.109375
0 0.428125 0.20625 0.03515625 0.09765625
0 0.46015625 0.1984375 0.05234375 0.11171875
0 0.50625 0.2015625 0.06015625 0.10703125
0 0.53515625 0.2609375 0.084375 0.09296875
0 0.55390625 0.2234375 0.04453125 0.1
0 0.584375 0.24296875 0.05234375 0.1140625
0 0.62734375 0.2765625 0.06015625 0.17109375
0 0.61484375 0.19765625 0.05234375 0.15703125
0 0.66171875 0.2 0.0421875 0.1046875
0 0.67109375 0.27890625 0.06328125 0.14296875
0 0.55703125 0.18125 0.06171875 0.090625
0 0.45390625 0.17734375 0.034375 0.140625
0 0.4859375 0.17734375 0.0328125 0.10234375
0 0.71875 0.16640625 0.04765625 0.16640625
0 0.74296875 0.0953125 0.02265625 0.04296875
0 0.76015625 0.21796875 0.090625 0.140625
0 0.7859375 0.27890625 0.040625 0.11875
0 0.82265625 0.25234375 0.03984375 0.08125
0 0.77265625 0.10703125 0.0484375 0.11875
0 0.63515625 0.0890625 0.0421875 0.11171875
0 0.26015625 0.390625 0.08984375 0.1953125
0 0.31484375 0.384375 0.0234375 0.059375
0 0.86875 0.284375 0.07109375 0.11640625
0 0.66484375 0.2140625 0.05390625 0.13359375
0 0.98125 0.184375 0.03515625 0.159375
0 0.16875 0.28359375 0.06953125 0.22890625
0 0.3671875 0.45703125 0.05234375 0.1859375
0 0.40546875 0.34609375 0.03984375 0.159375
0 0.3796875 0.26640625 0.02265625 0.06640625
0 0.43828125 0.2609375 0.04453125 0.059375
0 0.1953125 0.05234375 0.05625 0.1046875
0 0.70390625 0.06875 0.1171875 0.1375
0 0.69453125 0.21640625 0.04453125 0.14765625
0 0.51484375 0.15234375 0.03828125 0.0953125