0 0.90390625 0.5078125 0.190625 0.76171875
0 0.7453125 0.5 0.125 0.66015625
0 0.63125 0.521875 0.14765625 0.66015625
0 0.60234375 0.34375 0.05 0.184375
0 0.55625 0.39765625 0.05078125 0.24140625
0 0.48359375 0.5015625 0.1203125 0.58984375
0 0.45703125 0.41953125 0.0921875 0.5140625
0 0.29609375 0.5140625 0.2640625 0.971875
0 0.13125 0.5140625 0.16015625 0.8140625
0 0.0359375 0.46171875 0.071875 0.4609375
0 0.05859375 0.2859375 0.053125 0.08359375
0 0.196875 0.559375 0.12109375 0.3015625
0 0.1859375 0.20625 0.0296875 0.05859375