0 0.5140625 0.80078125 0.11875 0.33984375
0 0.84453125 0.8046875 0.1140625 0.31171875
0 0.90625 0.865625 0.1109375 0.184375
0 0.74453125 0.80625 0.09296875 0.30625
0 0.78203125 0.82421875 0.06953125 0.26328125
0 0.01640625 0.65390625 0.0328125 0.1125
0 0.07734375 0.71484375 0.1546875 0.5140625
0 0.14375 0.76875 0.134375 0.41015625
0 0.2171875 0.7828125 0.1 0.3671875
0 0.4421875 0.8984375 0.0171875 0.10078125
0 0.44921875 0.9125 0.0140625 0.075
0 0.59296875 0.90546875 0.0140625 0.06875
0 0.6234375 0.88515625 0.0140625 0.021875
0 0.19375 0.5859375 0.08984375 0.140625
0 0.5640625 0.91953125 0.0203125 0.05
0 0.3890625 0.8546875 0.0515625 0.1875
0 0.82109375 0.6046875 0.096875 0.1671875
0 0.93359375 0.71796875 0.1328125 0.15703125
0 0.628125 0.59609375 0.103125 0.0203125
0 0.37578125 0.5984375 0.0828125 0.01875
0 0.50625 0.103125 0.5046875 0.0515625