0 0.93046875 0.578125 0.09140625 0.396875
0 0.87109375 0.53671875 0.08671875 0.37578125
0 0.9453125 0.521875 0.08046875 0.38984375
0 0.89609375 0.36796875 0.0328125 0.0640625
0 0.834375 0.47421875 0.04296875 0.21796875
0 0.7953125 0.46015625 0.053125 0.33984375
0 0.72109375 0.58359375 0.17265625 0.63671875
0 0.71015625 0.35078125 0.0171875 0.034375
0 0.6984375 0.35859375 0.025 0.03671875
0 0.65234375 0.484375 0.04921875 0.27578125
0 0.69765625 0.35859375 0.0234375 0.0359375
0 0.67109375 0.378125 0.02109375 0.02578125
0 0.66953125 0.35703125 0.01953125 0.02578125
0 0.63984375 0.3828125 0.0203125 0.03671875
0 0.63359375 0.35078125 0.01484375 0.01796875
0 0.628125 0.478125 0.0453125 0.25546875
0 0.60703125 0.37421875 0.01328125 0.03125
0 0.59375 0.371875 0.02265625 0.0546875
0 0.5828125 0.50703125 0.0640625 0.315625
0 0.55859375 0.38203125 0.03046875 0.0734375
0 0.57109375 0.35390625 0.0140625 0.02109375
0 0.54765625 0.3625 0.01796875 0.0421875
0 0.53359375 0.4828125 0.053125 0.2921875
0 0.5015625 0.50078125 0.05390625 0.3046875
0 0.51328125 0.36640625 0.021875 0.0375
0 0.475 0.3984375 0.03203125 0.08984375
0 0.47578125 0.36640625 0.034375 0.06640625
0 0.44375 0.4875 0.04765625 0.24140625
0 0.4390625 0.49921875 0.0703125 0.3265625
0 0.42265625 0.4953125 0.04765625 0.26640625
0 0.40390625 0.37421875 0.040625 0.07578125
0 0.3875 0.378125 0.01484375 0.02109375
0 0.38046875 0.36484375 0.01796875 0.0453125
0 0.3734375 0.50078125 0.0890625 0.346875
0 0.33984375 0.37421875 0.02265625 0.03984375
0 0.34609375 0.48515625 0.03984375 0.228125
0 0.32578125 0.478125 0.03828125 0.27890625
0 0.3078125 0.36796875 0.01484375 0.02890625
0 0.29296875 0.4984375 0.084375 0.3609375
0 0.278125 0.365625 0.01328125 0.021875
0 0.26015625 0.37578125 0.025 0.0375
0 0.24921875 0.4953125 0.04609375 0.30546875
0 0.2109375 0.49296875 0.08984375 0.38203125
0 0.1890625 0.34375 0.01640625 0.0296875
0 0.1421875 0.52265625 0.12109375 0.42109375
0 0.03984375 0.58515625 0.07890625 0.42578125
0 0.04140625 0.5203125 0.0828125 0.4421875