0 0.03359375 0.3171875 0.06484375 0.36484375
0 0.08828125 0.21015625 0.12734375 0.26015625
0 0.1890625 0.21484375 0.12890625 0.2
0 0.228125 0.50859375 0.45625 0.97734375
0 0.6359375 0.52734375 0.4890625 0.93984375
0 0.47265625 0.25625 0.16484375 0.3828125
0 0.85078125 0.51875 0.2984375 0.85234375
0 0.76953125 0.2359375 0.17421875 0.3171875
0 0.121875 0.15390625 0.04375 0.10234375
0 0.24765625 0.09609375 0.03359375 0.09765625
0 0.72578125 0.13984375 0.13515625 0.2796875
0 0.95625 0.59609375 0.08671875 0.8078125