0 0.05625 0.66484375 0.1125 0.36171875
0 0.06484375 0.5546875 0.04765625 0.11953125
0 0.1296875 0.69296875 0.14609375 0.3921875
0 0.1359375 0.56171875 0.0484375 0.1390625
0 0.146875 0.5296875 0.02890625 0.09140625
0 0.21015625 0.57421875 0.04765625 0.15
0 0.2328125 0.5296875 0.0296875 0.1
0 0.28125 0.7046875 0.14765625 0.41171875
0 0.3125 0.6484375 0.10234375 0.28515625
0 0.3203125 0.56328125 0.0453125 0.115625
0 0.353125 0.55234375 0.0515625 0.12890625
0 0.34921875 0.54765625 0.04140625 0.12421875
0 0.38125 0.540625 0.025 0.09140625
0 0.44296875 0.7078125 0.16640625 0.44453125
0 0.45390625 0.59140625 0.0796875 0.18515625
0 0.446875 0.54375 0.0359375 0.12421875
0 0.56796875 0.65546875 0.21875 0.375
0 0.521875 0.64453125 0.12890625 0.2921875
0 0.5359375 0.640625 0.0859375 0.2703125
0 0.5296875 0.5671875 0.0625 0.159375
0 0.546875 0.52578125 0.02109375 0.06328125
0 0.60390625 0.57734375 0.1046875 0.165625
0 0.61015625 0.59140625 0.06484375 0.19375
0 0.62265625 0.575 0.05234375 0.165625
0 0.89140625 0.50234375 0.075 0.14609375
0 0.9765625 0.575 0.04609375 0.17890625
0 0.20234375 0.53046875 0.07734375 0.10703125
0 0.33046875 0.49921875 0.0390625 0.04375