0 0.09609375 0.18125 0.02265625 0.04375
0 0.12265625 0.2296875 0.02578125 0.0859375
0 0.1296875 0.20078125 0.01953125 0.04296875
0 0.1375 0.215625 0.01953125 0.08046875
0 0.15234375 0.20390625 0.025 0.0765625
0 0.14921875 0.15703125 0.01640625 0.0328125
0 0.171875 0.19921875 0.01640625 0.06953125
0 0.190625 0.21484375 0.0203125 0.075
0 0.18125 0.19609375 0.015625 0.05703125
0 0.20859375 0.203125 0.021875 0.09296875
0 0.22890625 0.15390625 0.02109375 0.0765625
0 0.278125 0.14375 0.01953125 0.07578125
0 0.26171875 0.13046875 0.0171875 0.053125
0 0.24765625 0.13671875 0.01328125 0.05390625
0 0.290625 0.17109375 0.01953125 0.06953125
0 0.31796875 0.16875 0.0140625 0.07890625
0 0.30546875 0.17265625 0.015625 0.06484375
0 0.309375 0.21484375 0.03046875 0.0546875
0 0.25234375 0.240625 0.01953125 0.109375
0 0.23671875 0.2421875 0.02421875 0.09453125
0 0.30546875 0.3109375 0.02421875 0.10625
0 0.21171875 0.2625 0.02578125 0.11875
0 0.2265625 0.32734375 0.03984375 0.1390625
0 0.26484375 0.3390625 0.02578125 0.10234375
0 0.31171875 0.32734375 0.025 0.05390625
0 0.321875 0.3703125 0.04296875 0.125
0 0.28828125 0.38046875 0.03125 0.07265625
0 0.26640625 0.4140625 0.0234375 0.059375
0 0.30390625 0.40390625 0.03359375 0.05546875
0 0.32265625 0.44609375 0.0390625 0.09375
0 0.29765625 0.52265625 0.06171875 0.19609375
0 0.3359375 0.5078125 0.02890625 0.1078125
0 0.29140625 0.53046875 0.05546875 0.1484375
0 0.24453125 0.50859375 0.0453125 0.15390625
0 0.24609375 0.54296875 0.04140625 0.20234375
0 0.30703125 0.603125 0.065625 0.1390625
0 0.34921875 0.6015625 0.05 0.2265625
0 0.284375 0.68203125 0.053125 0.1296875
0 0.3 0.7890625 0.0609375 0.24375
0 0.25625 0.84453125 0.0578125 0.1328125
0 0.07734375 0.26953125 0.021875 0.05859375
0 0.08984375 0.27578125 0.028125 0.05703125
0 0.09453125 0.23984375 0.015625 0.02265625
0 0.109375 0.2796875 0.025 0.065625
0 0.11953125 0.27421875 0.0203125 0.078125
0 0.0875 0.31171875 0.03828125 0.0609375
0 0.11171875 0.31171875 0.01875 0.0515625
0 0.13671875 0.32734375 0.01953125 0.096875
0 0.15546875 0.30859375 0.03125 0.1328125
0 0.1453125 0.27890625 0.015625 0.040625
0 0.1828125 0.34765625 0.03828125 0.15390625
0 0.18203125 0.28046875 0.01953125 0.034375
0 0.1453125 0.4375 0.040625 0.1203125
0 0.1046875 0.4171875 0.0640625 0.171875
0 0.01328125 0.2984375 0.02578125 0.0828125
0 0.04921875 0.3296875 0.0390625 0.05859375
0 0.071875 0.38828125 0.0375 0.12578125
0 0.03828125 0.390625 0.0296875 0.15703125
0 0.0234375 0.4078125 0.046875 0.1609375
0 0.01796875 0.48671875 0.0359375 0.1078125
0 0.040625 0.5515625 0.04140625 0.16015625
0 0.09453125 0.51640625 0.03828125 0.13671875
0 0.134375 0.48125 0.01484375 0.04296875
0 0.15390625 0.48671875 0.0375 0.07734375
0 0.1421875 0.54140625 0.03671875 0.08984375
0 0.1953125 0.540625 0.034375 0.13125
0 0.225 0.584375 0.04921875 0.1078125
0 0.22109375 0.7046875 0.0765625 0.24296875
0 0.15234375 0.80703125 0.0546875 0.20390625
0 0.12109375 0.87265625 0.0796875 0.07265625
0 0.0875 0.5859375 0.0546875 0.11015625
0 0.1328125 0.6265625 0.04921875 0.1765625
0 0.01796875 0.58828125 0.03515625 0.1203125
0 0.015625 0.68046875 0.03125 0.1328125
0 0.02265625 0.7921875 0.0453125 0.2375
0 0.06640625 0.6390625 0.0390625 0.08984375
0 0.0890625 0.7484375 0.053125 0.24140625
0 0.20078125 0.06171875 0.00859375 0.034375
0 0.3359375 0.203125 0.01875 0.0984375
0 0.4078125 0.16640625 0.02421875 0.0640625
0 0.37734375 0.17109375 0.0140625 0.06015625
0 0.38984375 0.16953125 0.01171875 0.075
0 0.371875 0.278125 0.03203125 0.053125
0 0.40703125 0.28515625 0.0234375 0.0640625
0 0.621875 0.13828125 0.015625 0.07578125
0 0.63203125 0.13125 0.01640625 0.07890625
0 0.65546875 0.16875 0.015625 0.0765625
0 0.69453125 0.1625 0.01953125 0.06015625
0 0.7125 0.1609375 0.015625 0.06171875
0 0.7328125 0.16328125 0.02109375 0.05859375
0 0.88828125 0.10859375 0.0140625 0.0671875
0 0.903125 0.12421875 0.0203125 0.0390625
0 0.92265625 0.128125 0.015625 0.07265625
0 0.934375 0.1265625 0.01328125 0.065625
0 0.95078125 0.128125 0.015625 0.0703125
0 0.38203125 0.24765625 0.021875 0.06484375
0 0.40234375 0.2375 0.01953125 0.03984375
0 0.4234375 0.24375 0.02265625 0.053125
0 0.359375 0.25234375 0.0203125 0.0703125
0 0.34453125 0.23671875 0.025 0.0828125
0 0.33046875 0.15546875 0.01171875 0.0734375
0 0.44609375 0.27421875 0.0203125 0.05
0 0.4734375 0.2921875 0.03203125 0.08125
0 0.46796875 0.26875 0.025 0.0625
0 0.50703125 0.28515625 0.03125 0.0765625
0 0.5265625 0.26015625 0.025 0.0640625
0 0.51015625 0.23046875 0.02734375 0.03828125
0 0.45859375 0.23125 0.0203125 0.02890625
0 0.48203125 0.24296875 0.0234375 0.05390625
0 0.56328125 0.24921875 0.02109375 0.0390625
0 0.540625 0.2828125 0.0296875 0.0625
0 0.57890625 0.28359375 0.03046875 0.07890625
0 0.61015625 0.2734375 0.02734375 0.04765625
0 0.63828125 0.28125 0.028125 0.059375
0 0.67421875 0.2875 0.0359375 0.07734375
0 0.69296875 0.2734375 0.02421875 0.06015625
0 0.7265625 0.26640625 0.02890625 0.040625
0 0.765625 0.25234375 0.02578125 0.09921875
0 0.765625 0.19921875 0.01875 0.053125
0 0.78125 0.23515625 0.0203125 0.096875
0 0.796875 0.27734375 0.034375 0.103125
0 0.8171875 0.2625 0.021875 0.09140625
0 0.83828125 0.2296875 0.021875 0.0484375
0 0.85625 0.22578125 0.02109375 0.03359375
0 0.88359375 0.221875 0.0203125 0.0421875
0 0.89765625 0.23046875 0.01953125 0.06015625
0 0.91640625 0.2296875 0.0203125 0.04296875
0 0.94296875 0.19921875 0.025 0.04765625
0 0.96796875 0.259375 0.02890625 0.0484375
0 0.95078125 0.27109375 0.028125 0.0546875
0 0.92734375 0.265625 0.021875 0.0453125
0 0.88203125 0.28203125 0.0296875 0.0875
0 0.8640625 0.275 0.0265625 0.10390625
0 0.84453125 0.31328125 0.03828125 0.1203125
0 0.91953125 0.296875 0.0265625 0.0421875
0 0.93515625 0.31796875 0.02578125 0.06484375
0 0.96640625 0.309375 0.02890625 0.0515625
0 0.9859375 0.34453125 0.028125 0.07109375
0 0.965625 0.36953125 0.02734375 0.12109375
0 0.94296875 0.38515625 0.03046875 0.12734375
0 0.98984375 0.3078125 0.01796875 0.03984375
0 0.990625 0.23515625 0.01796875 0.0609375
0 0.37734375 0.35859375 0.04609375 0.0890625
0 0.4046875 0.3453125 0.0328125 0.08203125
0 0.45625 0.34765625 0.0375 0.08828125
0 0.4890625 0.325 0.028125 0.053125
0 0.5375 0.3359375 0.0328125 0.071875
0 0.56875 0.32578125 0.028125 0.05859375
0 0.6078125 0.334375 0.034375 0.096875
0 0.64140625 0.33046875 0.04296875 0.08984375
0 0.6671875 0.325 0.01875 0.053125
0 0.7296875 0.32890625 0.03828125 0.06796875
0 0.75078125 0.32578125 0.03671875 0.078125
0 0.7875 0.325 0.03125 0.0609375
0 0.8203125 0.34765625 0.0265625 0.053125
0 0.79765625 0.37265625 0.0265625 0.07265625
0 0.85625 0.3984375 0.034375 0.09375
0 0.81328125 0.4015625 0.0546875 0.1078125
0 0.78203125 0.4125 0.04609375 0.10625
0 0.74765625 0.415625 0.040625 0.08046875
0 0.70546875 0.4078125 0.04296875 0.11640625
0 0.68125 0.4046875 0.04140625 0.11875
0 0.66953125 0.40625 0.0453125 0.1078125
0 0.6046875 0.43203125 0.03203125 0.07109375
0 0.559375 0.4171875 0.0609375 0.1078125
0 0.4796875 0.41015625 0.04296875 0.078125
0 0.428125 0.4140625 0.0265625 0.0453125
0 0.4296875 0.371875 0.04296875 0.04375
0 0.4328125 0.39921875 0.03359375 0.0671875
0 0.39296875 0.42890625 0.05 0.12421875
0 0.453125 0.4484375 0.03203125 0.07265625
0 0.41875 0.459375 0.03984375 0.0515625
0 0.49765625 0.4671875 0.03828125 0.10390625
0 0.54921875 0.48984375 0.0421875 0.115625
0 0.39921875 0.5453125 0.04453125 0.14375
0 0.4515625 0.5296875 0.04296875 0.1515625
0 0.5078125 0.52109375 0.0625 0.13671875
0 0.5703125 0.52265625 0.04140625 0.1140625
0 0.6171875 0.51875 0.0421875 0.14765625
0 0.6640625 0.515625 0.03984375 0.1421875
0 0.64765625 0.45234375 0.0296875 0.04296875
0 0.721875 0.50546875 0.06171875 0.13828125
0 0.7515625 0.44453125 0.03828125 0.04296875
0 0.75859375 0.4984375 0.046875 0.10859375
0 0.8125 0.50390625 0.0625 0.146875
0 0.85703125 0.4890625 0.04375 0.11640625
0 0.8859375 0.4390625 0.0296875 0.0390625
0 0.91953125 0.4296875 0.0546875 0.05625
0 0.90859375 0.49921875 0.03984375 0.115625
0 0.9578125 0.4765625 0.05703125 0.109375
0 0.98515625 0.5453125 0.0296875 0.075
0 0.9453125 0.5546875 0.0578125 0.0640625
0 0.85625 0.56484375 0.03984375 0.0609375
0 0.88046875 0.559375 0.06171875 0.07265625
0 0.77578125 0.559375 0.04140625 0.06796875
0 0.7171875 0.5640625 0.0484375 0.0859375
0 0.66015625 0.57109375 0.0421875 0.07265625
0 0.59765625 0.5890625 0.0625 0.07578125
0 0.5640625 0.5859375 0.03515625 0.06171875
0 0.51328125 0.59140625 0.0421875 0.0640625
0 0.4765625 0.6296875 0.04765625 0.12734375
0 0.4140625 0.6 0.065625 0.12421875
0 0.434375 0.7046875 0.071875 0.2140625
0 0.49375 0.64765625 0.046875 0.0828125
0 0.49296875 0.73671875 0.05234375 0.22734375
0 0.5453125 0.67578125 0.0546875 0.1984375
0 0.5734375 0.6953125 0.04453125 0.16484375
0 0.621875 0.684375 0.05859375 0.159375
0 0.6796875 0.675 0.090625 0.21796875
0 0.74765625 0.6609375 0.0546875 0.21484375
0 0.81953125 0.6640625 0.0875 0.19453125
0 0.89296875 0.6546875 0.08515625 0.1984375
0 0.9140625 0.65234375 0.07109375 0.18203125
0 0.96953125 0.646875 0.06015625 0.175
0 0.97578125 0.84296875 0.04765625 0.13125
0 0.91015625 0.83359375 0.06484375 0.15234375
0 0.8265625 0.81015625 0.08203125 0.19921875
0 0.7296875 0.83046875 0.065625 0.13359375
0 0.6421875 0.8359375 0.11015625 0.1484375
0 0.59296875 0.87578125 0.0953125 0.06640625
0 0.69140625 0.80390625 0.05234375 0.07578125
0 0.42734375 0.1640625 0.01953125 0.059375
0 0.440625 0.16640625 0.0203125 0.05546875
0 0.44765625 0.20625 0.01875 0.0375
0 0.46171875 0.1875 0.01875 0.03125
0 0.4703125 0.209375 0.01953125 0.04453125
0 0.4953125 0.209375 0.02109375 0.04921875
0 0.51953125 0.19921875 0.0234375 0.034375
0 0.54765625 0.196875 0.01796875 0.03359375
0 0.6015625 0.2 0.025 0.03359375
0 0.628125 0.19609375 0.025 0.04609375
0 0.64921875 0.20078125 0.02265625 0.05
0 0.57265625 0.2015625 0.0265625 0.034375
0 0.584375 0.11640625 0.0140625 0.059375
0 0.59765625 0.1109375 0.015625 0.05390625
0 0.6 0.12734375 0.01328125 0.0625
0 0.609375 0.12265625 0.0125 0.0703125
0 0.890625 0.19375 0.01796875 0.04921875
0 0.90859375 0.209375 0.01953125 0.0625
0 0.8390625 0.1 0.0125 0.0390625
0 0.8515625 0.09765625 0.01640625 0.04453125
0 0.86875 0.0984375 0.01015625 0.05625
0 0.85703125 0.07734375 0.009375 0.02578125
0 0.86171875 0.109375 0.0109375 0.0515625
0 0.79296875 0.08203125 0.01171875 0.03828125
0 0.76328125 0.06796875 0.0125 0.0515625
0 0.490625 0.16328125 0.025 0.05703125
0 0.5265625 0.16484375 0.01796875 0.05078125
0 0.54609375 0.16015625 0.015625 0.04765625
0 0.559375 0.15859375 0.01875 0.071875
0 0.58046875 0.16640625 0.015625 0.06171875
0 0.8109375 0.1640625 0.0234375 0.05703125
0 0.82734375 0.153125 0.0140625 0.0375
0 0.853125 0.15859375 0.01875 0.04921875
0 0.68671875 0.22734375 0.01796875 0.03984375
0 0.6671875 0.23515625 0.01796875 0.0609375
0 0.64921875 0.2140625 0.015625 0.02890625
0 0.6296875 0.21328125 0.0203125 0.034375
0 0.5984375 0.21796875 0.0203125 0.02578125
0 0.565625 0.21796875 0.0203125 0.0296875
0 0.5796875 0.2328125 0.01640625 0.034375
0 0.54609375 0.24375 0.02265625 0.06171875
0 0.909375 0.1625 0.021875 0.0515625
0 0.059375 0.22890625 0.0171875 0.07578125
0 0.115625 0.2375 0.03046875 0.04609375
0 0.22578125 0.27421875 0.0234375 0.08828125
0 0.16171875 0.29609375 0.021875 0.1359375
0 0.184375 0.26796875 0.03359375 0.0921875
0 0.9375 0.24609375 0.01171875 0.0328125
0 0.82734375 0.2 0.01953125 0.04375
0 0.8296875 0.2125 0.015625 0.02578125
0 0.80546875 0.196875 0.0203125 0.03359375
0 0.79453125 0.2 0.015625 0.0234375
0 0.715625 0.353125 0.03203125 0.04921875
0 0.746875 0.359375 0.03359375 0.04921875
0 0.7 0.309375 0.03046875 0.0609375
0 0.609375 0.4046875 0.03671875 0.08671875
0 0.615625 0.3828125 0.02890625 0.05390625
0 0.575 0.36171875 0.03515625 0.04375
0 0.375 0.31015625 0.025 0.03203125
0 0.3796875 0.38984375 0.034375 0.04921875
0 0.6796875 0.215625 0.01171875 0.0234375
0 0.628125 0.23984375 0.02578125 0.0421875
0 0.609375 0.2421875 0.01640625 0.028125
0 0.596875 0.25078125 0.02109375 0.03515625
0 0.42109375 0.21953125 0.015625 0.02734375
0 0.42265625 0.21953125 0.01953125 0.02890625
0 0.3859375 0.2046875 0.01875 0.03203125
0 0.70625 0.2484375 0.0234375 0.03359375
0 0.7296875 0.25234375 0.01328125 0.02734375
0 0.9484375 0.228125 0.01796875 0.0609375
0 0.846875 0.18359375 0.01875 0.02421875
0 0.89609375 0.27421875 0.01796875 0.0671875
0 0.90859375 0.2734375 0.02109375 0.06015625
0 0.5203125 0.36953125 0.0265625 0.03671875
0 0.48984375 0.37578125 0.02421875 0.04296875
0 0.6390625 0.365625 0.034375 0.04609375
0 0.425 0.30859375 0.02109375 0.03203125
0 0.44140625 0.31171875 0.025 0.0671875
0 0.59609375 0.165625 0.01640625 0.04765625
0 0.46328125 0.1640625 0.01796875 0.06953125
0 0.509375 0.1671875 0.01796875 0.059375
0 0.87265625 0.21328125 0.01640625 0.0265625
0 0.84765625 0.25546875 0.02109375 0.0390625
0 0.83828125 0.24140625 0.015625 0.0234375
0 0.95703125 0.290625 0.02421875 0.0328125
0 0.97890625 0.3078125 0.01640625 0.0671875
0 0.90546875 0.23671875 0.01484375 0.05
0 0.615625 0.1828125 0.01875 0.03203125
0 0.59609375 0.18359375 0.00859375 0.01484375
0 0.41796875 0.190625 0.021875 0.0234375
0 0.48125 0.21953125 0.02265625 0.03125
0 0.54453125 0.2109375 0.0109375 0.01328125
0 0.5765625 0.1890625 0.01484375 0.04921875
0 0.65703125 0.2328125 0.0234375 0.05
0 0.1015625 0.33671875 0.021875 0.04609375
0 0.13203125 0.353125 0.04140625 0.0890625
0 0.14921875 0.334375 0.0203125 0.115625
0 0.5 0.30390625 0.01796875 0.034375
0 0.44765625 0.30625 0.0265625 0.03359375
0 0.63125 0.25390625 0.015625 0.0265625
0 0.73671875 0.29609375 0.01796875 0.03515625
0 0.65703125 0.2984375 0.0203125 0.034375
0 0.62421875 0.30078125 0.01875 0.034375
0 0.5953125 0.3140625 0.02890625 0.05859375
0 0.85390625 0.4359375 0.040625 0.04921875
0 0.79765625 0.44140625 0.03671875 0.04609375
0 0.71171875 0.4828125 0.034375 0.1046875
0 0.54140625 0.38671875 0.0328125 0.053125
0 0.03046875 0.3921875 0.03984375 0.15234375
0 0.3796875 0.26015625 0.01875 0.040625
0 0.36953125 0.20390625 0.01796875 0.06171875
0 0.53515625 0.184375 0.01875 0.03359375
0 0.5609375 0.2 0.0140625 0.04453125
0 0.39765625 0.26171875 0.0203125 0.03828125
0 0.40390625 0.3484375 0.034375 0.084375
0 0.5296875 0.30546875 0.02734375 0.028125
0 0.6078125 0.33359375 0.03359375 0.08203125
0 0.26640625 0.20390625 0.0359375 0.08984375
0 0.96171875 0.10234375 0.00703125 0.0125
0 0.3578125 0.17734375 0.02421875 0.078125
0 0.99140625 0.27578125 0.0171875 0.021875
0 0.61875 0.4 0.01875 0.0296875
0 0.99375 0.48515625 0.0125 0.0515625
0 0.99140625 0.653125 0.0171875 0.14296875
0 0.978125 0.803125 0.04375 0.1
0 0.978125 0.20390625 0.04375 0.065625
0 0.815625 0.08515625 0.03046875 0.06484375
0 0.8734375 0.1671875 0.03828125 0.07109375
0 0.48515625 0.08984375 0.71953125 0.153125
0 0.91953125 0.18359375 0.015625 0.015625
0 0.39296875 0.253125 0.02890625 0.021875
0 0.5171875 0.39140625 0.03125 0.09765625
0 0.55078125 0.36328125 0.0375 0.0640625