0 0.2609375 0.44609375 0.03671875 0.128125
0 0.29453125 0.421875 0.0375 0.09296875
0 0.18828125 0.71875 0.08046875 0.27890625
0 0.2015625 0.6046875 0.103125 0.1765625
0 0.27578125 0.74765625 0.16796875 0.2265625
0 0.41328125 0.78203125 0.13125 0.1640625
0 0.81015625 0.5859375 0.121875 0.253125
0 0.628125 0.6859375 0.1125 0.19140625
0 0.4703125 0.7046875 0.09453125 0.1984375
0 0.42890625 0.540625 0.10859375 0.14296875
0 0.3171875 0.67734375 0.10546875 0.2375
0 0.49453125 0.515625 0.06171875 0.09609375
0 0.4953125 0.58359375 0.05703125 0.0859375
0 0.5875 0.559375 0.07109375 0.14453125
0 0.7734375 0.7828125 0.11953125 0.16796875
0 0.83359375 0.72265625 0.065625 0.2875
0 0.41875 0.640625 0.08984375 0.140625
0 0.47265625 0.6875 0.09765625 0.171875
0 0.71875 0.62890625 0.07890625 0.08359375
0 0.57890625 0.803125 0.14921875 0.125
0 0.54453125 0.63046875 0.090625 0.16953125
0 0.66796875 0.7703125 0.096875 0.19296875
0 0.6296875 0.6015625 0.09296875 0.1359375
0 0.4265625 0.34609375 0.234375 0.10546875
0 0.453125 0.490625 0.45859375 0.18359375
0 0.18671875 0.56171875 0.07421875 0.2125