0 0.73203125 0.69453125 0.27421875 0.60859375
0 0.5171875 0.70078125 0.15 0.41796875
0 0.44296875 0.69921875 0.21875 0.57109375
0 0.240625 0.634375 0.1296875 0.2859375
0 0.17734375 0.67265625 0.1890625 0.359375
0 0.146875 0.6734375 0.13046875 0.3546875
0 0.25 0.46171875 0.04921875 0.1
0 0.35234375 0.54609375 0.06640625 0.13984375
0 0.43125 0.609375 0.040625 0.21953125
0 0.4828125 0.55703125 0.05234375 0.1671875
0 0.56328125 0.6140625 0.06953125 0.22734375
0 0.6859375 0.51484375 0.0296875 0.1109375
0 0.7609375 0.5671875 0.02265625 0.0734375
0 0.76875 0.5375 0.0203125 0.0796875
0 0.79609375 0.5203125 0.03046875 0.075
0 0.921875 0.571875 0.05234375 0.1125
0 0.9796875 0.5296875 0.02890625 0.0890625
0 0.94453125 0.57265625 0.04765625 0.11328125
0 0.9828125 0.58515625 0.0328125 0.12265625
0 0.75859375 0.56484375 0.0234375 0.06640625