0 0.1890625 0.5578125 0.16015625 0.378125
0 0.1765625 0.5671875 0.059375 0.3375
0 0.30390625 0.58359375 0.15625 0.43671875
0 0.32109375 0.42265625 0.0375 0.075
0 0.38046875 0.540625 0.0703125 0.284375
0 0.38046875 0.62109375 0.04140625 0.075
0 0.4515625 0.5609375 0.13828125 0.325
0 0.46015625 0.53515625 0.071875 0.36875
0 0.484375 0.54921875 0.06015625 0.2734375
0 0.43125 0.5453125 0.05 0.28984375
0 0.5234375 0.54765625 0.07578125 0.31015625
0 0.57734375 0.575 0.1546875 0.325
0 0.57578125 0.61171875 0.1015625 0.28828125
0 0.621875 0.5703125 0.03828125 0.12109375
0 0.646875 0.70390625 0.103125 0.3390625
0 0.76171875 0.728125 0.115625 0.3453125
0 0.76171875 0.73125 0.1140625 0.346875
0 0.8875 0.62109375 0.1375 0.284375
0 0.93828125 0.59921875 0.05703125 0.27734375
0 0.97890625 0.5515625 0.03828125 0.2625
0 0.8578125 0.48828125 0.02890625 0.22421875
0 0.8375 0.48515625 0.025 0.20390625
0 0.89609375 0.453125 0.01875 0.08046875
0 0.9234375 0.45390625 0.03515625 0.14140625
0 0.89765625 0.46328125 0.03046875 0.159375
0 0.94453125 0.42109375 0.03046875 0.10078125
0 0.9734375 0.4296875 0.05078125 0.14296875