0 0.06796875 0.53203125 0.1359375 0.5515625
0 0.11015625 0.640625 0.14375 0.4984375
0 0.18046875 0.5421875 0.10546875 0.509375
0 0.2453125 0.65546875 0.1265625 0.4359375
0 0.2984375 0.54609375 0.10859375 0.5125
0 0.39140625 0.659375 0.12421875 0.490625
0 0.4296875 0.55078125 0.1078125 0.5046875
0 0.51953125 0.678125 0.13359375 0.46640625
0 0.553125 0.57109375 0.096875 0.49296875
0 0.6578125 0.43515625 0.11015625 0.240625
0 0.6515625 0.66953125 0.125 0.44140625
0 0.7734375 0.67734375 0.13046875 0.45078125
0 0.7625 0.57109375 0.11953125 0.496875
0 0.890625 0.44140625 0.1296875 0.31328125
0 0.87890625 0.7 0.12734375 0.38984375
0 0.6359375 0.41953125 0.01171875 0.0453125
0 0.94765625 0.59921875 0.01875 0.06640625