0 0.04765625 0.609375 0.06875 0.259375
0 0.225 0.5609375 0.05859375 0.18125
0 0.2640625 0.5734375 0.03046875 0.19609375
0 0.2859375 0.56171875 0.0453125 0.20390625
0 0.2921875 0.6 0.0390625 0.2140625
0 0.3328125 0.6015625 0.065625 0.23515625
0 0.3671875 0.56171875 0.0546875 0.18046875
0 0.409375 0.5859375 0.03828125 0.2109375
0 0.42109375 0.59765625 0.07734375 0.2046875
0 0.50859375 0.57265625 0.08125 0.19296875
0 0.66328125 0.51484375 0.02734375 0.0984375
0 0.6875 0.5296875 0.021875 0.11953125
0 0.69921875 0.5265625 0.0171875 0.12578125
0 0.74375 0.51015625 0.02421875 0.09453125
0 0.76015625 0.509375 0.021875 0.0890625
0 0.778125 0.5390625 0.0359375 0.1109375
0 0.81171875 0.5375 0.03203125 0.125
0 0.81171875 0.52109375 0.025 0.11875
0 0.83359375 0.51796875 0.0265625 0.12734375
0 0.8484375 0.52421875 0.0265625 0.12890625
0 0.9 0.5171875 0.03203125 0.121875
0 0.9671875 0.496875 0.01875 0.0890625
0 0.40078125 0.49765625 0.00859375 0.025
0 0.25078125 0.35390625 0.0234375 0.06796875
0 0.27890625 0.4109375 0.02734375 0.034375
0 0.26328125 0.38125 0.06875 0.109375
0 0.575 0.6484375 0.04921875 0.02734375
0 0.4765625 0.6765625 0.0671875 0.0265625
0 0.35703125 0.69375 0.0765625 0.025
0 0.46328125 0.634375 0.05703125 0.0265625
0 0.3453125 0.65703125 0.075 0.028125
0 0.04921875 0.7046875 0.09765625 0.03671875
0 0.8859375 0.465625 0.125 0.16015625