0 0.97265625 0.5765625 0.05390625 0.278125
0 0.953125 0.56640625 0.075 0.28125
0 0.78125 0.5453125 0.0640625 0.22265625
0 0.78984375 0.52421875 0.02734375 0.21015625
0 0.765625 0.5390625 0.04609375 0.2171875
0 0.73125 0.5390625 0.04453125 0.21875
0 0.69375 0.51640625 0.04375 0.21875
0 0.63828125 0.58125 0.10625 0.3671875
0 0.403125 0.590625 0.11640625 0.35546875
0 0.47578125 0.51640625 0.07109375 0.25703125
0 0.51796875 0.509375 0.04453125 0.24296875
0 0.5578125 0.5421875 0.0765625 0.26328125
0 0.5875 0.55 0.04609375 0.23046875
0 0.60234375 0.50234375 0.0375 0.20625
0 0.60703125 0.40859375 0.01328125 0.0328125
0 0.61328125 0.41171875 0.01796875 0.0390625
0 0.6 0.39921875 0.01640625 0.02265625
0 0.57734375 0.49140625 0.0515625 0.225
0 0.22109375 0.5515625 0.0828125 0.23984375
0 0.1953125 0.45234375 0.02109375 0.090625
0 0.2453125 0.50546875 0.04296875 0.1796875
0 0.23671875 0.4265625 0.03203125 0.05
0 0.28984375 0.49921875 0.059375 0.26015625
0 0.31484375 0.4890625 0.0515625 0.2375
0 0.35078125 0.49765625 0.05 0.23125
0 0.378125 0.40625 0.0265625 0.040625
0 0.33984375 0.40546875 0.02109375 0.03359375
0 0.63671875 0.4265625 0.02890625 0.02265625
0 0.2671875 0.39921875 0.0265625 0.03359375
0 0.18359375 0.38203125 0.01640625 0.028125
0 0.07578125 0.4328125 0.01484375 0.10078125
0 0.41015625 0.41953125 0.05859375 0.0609375