0 0.97109375 0.76640625 0.05546875 0.3453125
0 0.9171875 0.75859375 0.08671875 0.36484375
0 0.7359375 0.74921875 0.096875 0.3234375
0 0.74140625 0.6296875 0.034375 0.08984375
0 0.68984375 0.690625 0.0265625 0.19140625
0 0.66171875 0.69296875 0.05 0.20625
0 0.60546875 0.74375 0.0953125 0.3
0 0.5578125 0.7171875 0.0703125 0.3
0 0.52578125 0.6875 0.03359375 0.20234375
0 0.515625 0.65859375 0.01640625 0.1125
0 0.5015625 0.6578125 0.03046875 0.1265625
0 0.478125 0.69453125 0.03515625 0.22890625
0 0.4578125 0.7109375 0.065625 0.29375
0 0.42109375 0.7390625 0.08828125 0.3234375
0 0.3921875 0.69140625 0.03359375 0.2125
0 0.3828125 0.6171875 0.01015625 0.02890625
0 0.36796875 0.6546875 0.0265625 0.13515625
0 0.359375 0.6015625 0.0125 0.02734375
0 0.3578125 0.6796875 0.02734375 0.1421875
0 0.3359375 0.6390625 0.04921875 0.1109375
0 0.31171875 0.7453125 0.08359375 0.30625
0 0.30078125 0.6125 0.025 0.0625
0 0.28203125 0.6609375 0.03671875 0.1296875
0 0.246875 0.69375 0.06484375 0.22265625
0 0.2625 0.64609375 0.0203125 0.1171875
0 0.21171875 0.66328125 0.03984375 0.14609375
0 0.19609375 0.6546875 0.021875 0.12265625
0 0.1796875 0.65703125 0.02265625 0.11875
0 0.1515625 0.646875 0.0296875 0.1109375
0 0.16953125 0.6625 0.0140625 0.07734375
0 0.16328125 0.64375 0.0171875 0.11015625
0 0.13046875 0.6421875 0.021875 0.09765625
0 0.1109375 0.64921875 0.034375 0.10859375
0 0.1109375 0.775 0.1046875 0.24765625
0 0.1546875 0.728125 0.0140625 0.01640625
0 0.0625 0.7875 0.11328125 0.27265625
0 0.01796875 0.73515625 0.0359375 0.1640625
0 0.0453125 0.6265625 0.02734375 0.07890625
0 0.040625 0.62421875 0.02109375 0.08359375
0 0.021875 0.62890625 0.0296875 0.06484375
0 0.2328125 0.6109375 0.0203125 0.0265625
0 0.28828125 0.60859375 0.01171875 0.0203125
0 0.57578125 0.6046875 0.01484375 0.0171875
0 0.4234375 0.5171875 0.0203125 0.04609375
0 0.36953125 0.51640625 0.00859375 0.0328125
0 0.021875 0.60234375 0.0171875 0.0203125
0 0.19921875 0.60546875 0.11953125 0.0265625
0 0.4078125 0.60546875 0.0625 0.0359375
0 0.47265625 0.60625 0.025 0.0203125