0 0.7171875 0.76171875 0.371875 0.4765625
0 0.74296875 0.715625 0.28828125 0.47890625
0 0.7265625 0.490625 0.09375 0.2625
0 0.64765625 0.409375 0.103125 0.2328125
0 0.31328125 0.54375 0.159375 0.440625
0 0.1421875 0.6390625 0.284375 0.3546875
0 0.12734375 0.74375 0.253125 0.35703125
0 0.15078125 0.453125 0.2 0.35625
0 0.0453125 0.3484375 0.090625 0.184375
0 0.14609375 0.3140625 0.109375 0.17109375
0 0.25703125 0.3703125 0.06015625 0.20078125
0 0.31640625 0.3296875 0.08359375 0.1375
0 0.37890625 0.4390625 0.1046875 0.23984375
0 0.42734375 0.4015625 0.078125 0.21875
0 0.63984375 0.36875 0.0515625 0.1953125
0 0.6140625 0.3703125 0.04921875 0.1328125
0 0.46796875 0.38125 0.05078125 0.14453125
0 0.5046875 0.3359375 0.0484375 0.13359375
0 0.096875 0.1921875 0.03203125 0.12734375
0 0.953125 0.6234375 0.09375 0.45703125