0 0.21875 0.521875 0.0125 0.04921875
0 0.2265625 0.521875 0.01015625 0.04609375
0 0.23203125 0.534375 0.0125 0.0296875
0 0.23828125 0.52421875 0.0109375 0.05078125
0 0.24609375 0.5265625 0.015625 0.07109375
0 0.259375 0.5296875 0.01484375 0.06796875
0 0.2671875 0.503125 0.0078125 0.021875
0 0.2703125 0.5265625 0.01328125 0.06796875
0 0.27890625 0.521875 0.01171875 0.05859375
0 0.3125 0.50859375 0.0109375 0.03515625
0 0.31640625 0.53671875 0.01484375 0.05859375
0 0.31953125 0.50703125 0.01171875 0.0234375
0 0.33125 0.53359375 0.015625 0.06796875
0 0.3265625 0.53125 0.0125 0.06484375
0 0.3375 0.51875 0.0078125 0.04609375
0 0.35078125 0.51640625 0.0109375 0.03828125
0 0.36328125 0.5328125 0.01640625 0.07578125
0 0.37109375 0.5359375 0.01015625 0.03828125
0 0.41796875 0.52890625 0.01640625 0.06015625
0 0.4703125 0.5390625 0.02265625 0.08203125
0 0.48203125 0.5375 0.0203125 0.08203125
0 0.49296875 0.53828125 0.01796875 0.08046875
0 0.5 0.5390625 0.015625 0.08515625
0 0.5265625 0.53515625 0.0109375 0.07109375
0 0.540625 0.5375 0.0171875 0.07578125
0 0.54296875 0.53828125 0.015625 0.07109375
0 0.56796875 0.51328125 0.01171875 0.0265625
0 0.7265625 0.5453125 0.01171875 0.06953125
0 0.75859375 0.546875 0.0171875 0.08515625
0 0.75625 0.50859375 0.01015625 0.0265625
0 0.77578125 0.55390625 0.02109375 0.09296875
0 0.790625 0.5359375 0.01484375 0.06015625
0 0.81171875 0.62578125 0.06015625 0.2453125
0 0.86015625 0.51796875 0.01171875 0.0171875
0 0.89453125 0.5640625 0.021875 0.07890625
0 0.88984375 0.54921875 0.015625 0.08671875
0 0.9015625 0.54453125 0.01875 0.1015625
0 0.91015625 0.55234375 0.01640625 0.0953125
0 0.925 0.57421875 0.0296875 0.1421875
0 0.95625 0.5640625 0.03359375 0.140625
0 0.98671875 0.5671875 0.02421875 0.1125
0 0.9796875 0.5609375 0.01875 0.103125
0 0.99375 0.5171875 0.0125 0.028125
0 0.1453125 0.74296875 0.1125 0.44609375
0 0.2078125 0.70390625 0.10703125 0.41953125
0 0.09375 0.546875 0.01875 0.03203125
0 0.17890625 0.50625 0.01796875 0.025
0 0.25078125 0.5375 0.0328125 0.03828125
0 0.30234375 0.52890625 0.0296875 0.05703125
0 0.56015625 0.5078125 0.04140625 0.03984375
0 0.83828125 0.525 0.08671875 0.0984375
0 0.9578125 0.53203125 0.084375 0.06484375
0 0.6265625 0.3375 0.05703125 0.06953125