0 0.8234375 0.578125 0.09921875 0.83984375
0 0.77578125 0.25703125 0.08125 0.49296875
0 0.74375 0.58125 0.1 0.8375
0 0.6890625 0.63046875 0.10234375 0.73515625
0 0.68125 0.3234375 0.06953125 0.496875
0 0.63984375 0.32265625 0.04921875 0.371875
0 0.61015625 0.60703125 0.09609375 0.78359375
0 0.57265625 0.59609375 0.0515625 0.8046875
0 0.54921875 0.328125 0.0578125 0.4
0 0.521875 0.5875 0.096875 0.821875
0 0.459375 0.54921875 0.07421875 0.9015625
0 0.41796875 0.62890625 0.1171875 0.73828125
0 0.36171875 0.5734375 0.08671875 0.85
0 0.30859375 0.3796875 0.08203125 0.596875
0 0.2859375 0.60390625 0.1109375 0.78828125
0 0.21171875 0.55546875 0.0921875 0.88828125
0 0.13984375 0.571875 0.14609375 0.853125
0 0.01875 0.2265625 0.03671875 0.06015625
0 0.26953125 0.25703125 0.015625 0.0296875
0 0.2359375 0.25859375 0.01953125 0.05