0 0.109375 0.5828125 0.21875 0.8328125
0 0.3078125 0.6265625 0.259375 0.74296875
0 0.47109375 0.634375 0.17109375 0.73046875
0 0.64453125 0.6203125 0.2265625 0.75703125
0 0.80234375 0.678125 0.1921875 0.64375
0 0.92109375 0.690625 0.15625 0.61640625
0 0.31171875 0.5859375 0.19140625 0.78125
0 0.5109375 0.59296875 0.23125 0.796875
0 0.7515625 0.61875 0.13984375 0.76171875
0 0.8734375 0.36328125 0.121875 0.19921875
0 0.94296875 0.3890625 0.1140625 0.284375
0 0.6921875 0.296875 0.06875 0.134375
0 0.91015625 0.30703125 0.103125 0.17109375
0 0.78359375 0.265625 0.11015625 0.19921875