0 0.11015625 0.871875 0.10078125 0.25625
0 0.47890625 0.809375 0.06953125 0.3046875
0 0.54609375 0.7984375 0.06640625 0.31796875
0 0.5578125 0.665625 0.05 0.13984375
0 0.59453125 0.72265625 0.05625 0.2546875
0 0.6515625 0.66796875 0.0390625 0.19140625
0 0.59375 0.5984375 0.021875 0.0734375
0 0.6359375 0.653125 0.02734375 0.18203125
0 0.79375 0.5890625 0.03203125 0.11328125
0 0.6640625 0.590625 0.03125 0.0953125
0 0.8234375 0.62109375 0.0328125 0.04296875
0 0.82421875 0.57421875 0.0375 0.09296875
0 0.421875 0.75078125 0.0609375 0.2546875
0 0.32421875 0.76640625 0.053125 0.23203125
0 0.4 0.6890625 0.046875 0.16015625
0 0.3796875 0.65546875 0.0328125 0.1046875
0 0.278125 0.7640625 0.05859375 0.23671875
0 0.24375 0.6765625 0.03828125 0.09140625
0 0.353125 0.7484375 0.04765625 0.21796875
0 0.3234375 0.76171875 0.053125 0.23828125
0 0.16328125 0.8125 0.08671875 0.321875
0 0.084375 0.70390625 0.0546875 0.125
0 0.19609375 0.67265625 0.03515625 0.08984375
0 0.93515625 0.5453125 0.028125 0.06171875
0 0.91484375 0.5671875 0.03203125 0.0953125
0 0.971875 0.56171875 0.01484375 0.08828125
0 0.96328125 0.53828125 0.01875 0.06796875
0 0.95078125 0.54140625 0.02421875 0.0703125
0 0.8875 0.54765625 0.02421875 0.08359375
0 0.84296875 0.5515625 0.01953125 0.08828125
0 0.78984375 0.53828125 0.015625 0.03828125
0 0.81640625 0.53203125 0.01171875 0.04140625
0 0.9109375 0.51875 0.0171875 0.05859375
0 0.784375 0.51171875 0.01953125 0.03203125
0 0.76953125 0.5125 0.01171875 0.025
0 0.87265625 0.54765625 0.01640625 0.08671875
0 0.95234375 0.5125 0.0109375 0.025
0 0.884375 0.50234375 0.034375 0.0546875
0 0.94375 0.4875 0.0859375 0.05703125
0 0.64609375 0.49140625 0.01875 0.08515625
0 0.6671875 0.5140625 0.01875 0.0484375
0 0.8421875 0.51328125 0.0203125 0.04140625
0 0.72578125 0.5 0.021875 0.01796875
0 0.70625 0.51875 0.01484375 0.03203125
0 0.1609375 0.65546875 0.03203125 0.025
0 0.7796875 0.50859375 0.0078125 0.01484375