0 0.47890625 0.49296875 0.0078125 0.015625
0 0.471875 0.4921875 0.00859375 0.015625
0 0.94453125 0.8265625 0.1109375 0.346875
0 0.9328125 0.73671875 0.13125 0.29453125
0 0.96015625 0.5859375 0.0796875 0.1140625
0 0.825 0.6265625 0.12734375 0.19921875
0 0.71875 0.65546875 0.1546875 0.25546875
0 0.76328125 0.57734375 0.04140625 0.078125
0 0.65 0.5953125 0.05234375 0.17890625
0 0.6140625 0.57578125 0.0515625 0.1234375
0 0.5984375 0.53203125 0.0625 0.05703125
0 0.59765625 0.6375 0.0921875 0.24140625
0 0.5421875 0.6625 0.1109375 0.26015625
0 0.4890625 0.6390625 0.05859375 0.18046875
0 0.36484375 0.5390625 0.0625 0.1015625
0 0.43125 0.64609375 0.0703125 0.2390625
0 0.38515625 0.659375 0.1078125 0.28203125
0 0.3265625 0.74609375 0.2640625 0.3703125
0 0.22265625 0.7703125 0.0921875 0.115625
0 0.1234375 0.69609375 0.1859375 0.37734375
0 0.03515625 0.68984375 0.0703125 0.3875