0 0.8765625 0.71875 0.1234375 0.559375
0 0.9171875 0.646875 0.0859375 0.6078125
0 0.81640625 0.62109375 0.1046875 0.62265625
0 0.778125 0.3546875 0.0515625 0.15546875
0 0.74921875 0.43828125 0.0734375 0.2015625
0 0.76640625 0.72734375 0.11640625 0.54296875
0 0.71171875 0.3703125 0.04140625 0.1734375
0 0.67578125 0.60546875 0.07734375 0.6046875
0 0.65859375 0.73828125 0.10234375 0.51953125
0 0.6296875 0.459375 0.08671875 0.28828125
0 0.5859375 0.3609375 0.0546875 0.15078125
0 0.5640625 0.7125 0.13671875 0.571875
0 0.55390625 0.621875 0.08515625 0.61796875
0 0.4984375 0.44296875 0.07421875 0.328125
0 0.45234375 0.71875 0.10234375 0.5625
0 0.4375 0.378125 0.07265625 0.1953125
0 0.390625 0.43515625 0.0921875 0.24453125
0 0.3453125 0.71953125 0.1359375 0.55703125
0 0.31640625 0.60625 0.096875 0.66875
0 0.23828125 0.7109375 0.1484375 0.57578125
0 0.12734375 0.71796875 0.1375 0.55078125
0 0.14296875 0.59765625 0.1125 0.6734375
0 0.2234375 0.61796875 0.1046875 0.6328125
0 0.2703125 0.3484375 0.0703125 0.17578125