0 0.11171875 0.509375 0.11640625 0.575
0 0.15390625 0.47734375 0.18828125 0.521875
0 0.2484375 0.6109375 0.184375 0.3765625
0 0.2671875 0.36640625 0.09296875 0.37890625
0 0.3296875 0.50078125 0.11328125 0.5484375
0 0.3734375 0.44375 0.06953125 0.52734375
0 0.42109375 0.48359375 0.11796875 0.56875
0 0.44921875 0.23984375 0.0515625 0.08828125
0 0.56875 0.228125 0.10078125 0.15078125
0 0.5875 0.37890625 0.10390625 0.3046875
0 0.5640625 0.628125 0.171875 0.40234375
0 0.67109375 0.4625 0.25859375 0.57109375
0 0.7578125 0.45546875 0.1421875 0.64765625
0 0.49921875 0.48984375 0.1 0.59609375
0 0.5375 0.2078125 0.20234375 0.05546875