0 0.03203125 0.61640625 0.05234375 0.40234375
0 0.06328125 0.60546875 0.1 0.4421875
0 0.12265625 0.62578125 0.1015625 0.38671875
0 0.24140625 0.60234375 0.08984375 0.41953125
0 0.3078125 0.60546875 0.13125 0.42265625
0 0.35859375 0.6125 0.06328125 0.38984375
0 0.5328125 0.5296875 0.10390625 0.68203125
0 0.65859375 0.4953125 0.1125 0.78984375
0 0.75078125 0.46796875 0.1359375 0.9359375
0 0.8765625 0.5 0.1625 1
0 0.29609375 0.72734375 0.021875 0.08359375
0 0.01640625 0.80078125 0.02265625 0.02109375
0 0.36953125 0.72890625 0.01015625 0.08359375
0 0.9890625 0.39765625 0.021875 0.73671875