0 0.496875 0.665625 0.66875 0.665625
0 0.1375 0.89921875 0.221875 0.19921875
0 0.184375 0.8375 0.209375 0.1171875
0 0.27421875 0.865625 0.1984375 0.26875
0 0.0890625 0.74375 0.178125 0.140625
0 0.2484375 0.73359375 0.171875 0.15078125
0 0.10859375 0.66484375 0.1609375 0.11953125
0 0.2921875 0.75078125 0.240625 0.2953125
0 0.1296875 0.6171875 0.18125 0.1390625
0 0.36015625 0.6296875 0.1515625 0.13125
0 0.2125 0.51875 0.146875 0.1328125
0 0.14375 0.41875 0.134375 0.12265625
0 0.28203125 0.38671875 0.1484375 0.109375
0 0.36953125 0.409375 0.1390625 0.159375
0 0.07734375 0.321875 0.1546875 0.121875
0 0.034375 0.290625 0.06875 0.24921875
0 0.10859375 0.290625 0.0921875 0.13515625
0 0.13984375 0.18828125 0.1421875 0.11171875
0 0.22421875 0.13984375 0.1140625 0.125
0 0.16328125 0.09765625 0.2640625 0.12265625
0 0.4140625 0.17734375 0.11875 0.084375
0 0.42265625 0.16953125 0.1421875 0.16015625
0 0.4390625 0.09375 0.134375 0.1203125
0 0.57109375 0.1546875 0.1390625 0.11171875
0 0.91328125 0.884375 0.1734375 0.2
0 0.884375 0.7671875 0.209375 0.1359375
0 0.85703125 0.75703125 0.2828125 0.3171875
0 0.88203125 0.640625 0.1515625 0.15234375
0 0.91796875 0.53515625 0.1640625 0.190625
0 0.98046875 0.45390625 0.0390625 0.1015625
0 0.92734375 0.4109375 0.1234375 0.11875
0 0.934375 0.35859375 0.128125 0.12578125
0 0.25234375 0.46875 0.1109375 0.1171875
0 0.0140625 0.93203125 0.028125 0.1359375
0 0.37578125 0.4609375 0.0515625 0.05234375
0 0.375 0.0390625 0.615625 0.07734375
0 0.90234375 0.1734375 0.1953125 0.346875
0 0.98515625 0.8125 0.0296875 0.1359375