0 0.83515625 0.63125 0.17421875 0.6015625
0 0.77109375 0.67578125 0.13359375 0.5765625
0 0.63515625 0.7171875 0.159375 0.46015625
0 0.653125 0.628125 0.12578125 0.51875
0 0.6234375 0.45859375 0.0734375 0.25390625
0 0.52578125 0.75234375 0.09453125 0.32734375
0 0.56171875 0.49921875 0.0703125 0.3796875
0 0.4515625 0.72734375 0.1 0.3171875
0 0.48671875 0.5296875 0.10859375 0.25234375
0 0.43046875 0.65625 0.13203125 0.50625
0 0.346875 0.68671875 0.07890625 0.47421875
0 0.06640625 0.4765625 0.02265625 0.0765625