0 0.0453125 0.58515625 0.090625 0.48671875
0 0.1171875 0.584375 0.1296875 0.4421875
0 0.22421875 0.60390625 0.19140625 0.478125
0 0.36328125 0.5921875 0.125 0.465625
0 0.434375 0.6 0.0875 0.43203125
0 0.55078125 0.60703125 0.1171875 0.478125
0 0.653125 0.66796875 0.059375 0.27890625
0 0.615625 0.5859375 0.0796875 0.428125
0 0.528125 0.48203125 0.06328125 0.26484375
0 0.94140625 0.54375 0.1046875 0.39609375
0 0.86171875 0.55625 0.125 0.421875
0 0.80078125 0.5671875 0.06484375 0.4203125
0 0.76953125 0.6078125 0.08984375 0.39765625
0 0.33203125 0.39453125 0.034375 0.16328125
0 0.8140625 0.45 0.33046875 0.27265625
0 0.38828125 0.715625 0.1046875 0.10859375