0 0.12265625 0.78515625 0.2453125 0.4265625
0 0.17578125 0.68046875 0.06875 0.2171875
0 0.41015625 0.67421875 0.1125 0.2953125
0 0.02734375 0.61953125 0.05390625 0.1765625
0 0.49921875 0.7375 0.12734375 0.378125
0 0.81015625 0.75234375 0.26640625 0.4953125
0 0.63203125 0.75234375 0.17734375 0.2890625
0 0.65625 0.740625 0.1625 0.425
0 0.6375 0.57265625 0.075 0.0984375
0 0.75078125 0.56796875 0.06875 0.1078125
0 0.9 0.575 0.04140625 0.090625
0 0.97578125 0.6921875 0.04765625 0.184375
0 0.46484375 0.5546875 0.04140625 0.046875
0 0.40859375 0.7875 0.04140625 0.025
0 0.07734375 0.59296875 0.07109375 0.1265625
0 0.72421875 0.5875 0.04375 0.096875
0 0.934375 0.74609375 0.01875 0.0640625
0 0.071875 0.1828125 0.14375 0.365625