0 0.1125 0.65546875 0.13671875 0.68671875
0 0.1859375 0.5203125 0.13046875 0.659375
0 0.30703125 0.63359375 0.15546875 0.7046875
0 0.3671875 0.5453125 0.0953125 0.59609375
0 0.47578125 0.6453125 0.17734375 0.690625
0 0.40625 0.46171875 0.0890625 0.48203125
0 0.471875 0.33046875 0.0796875 0.22890625
0 0.5328125 0.45234375 0.059375 0.365625
0 0.5921875 0.4203125 0.0984375 0.39453125
0 0.65625 0.3921875 0.06484375 0.34609375
0 0.70703125 0.41484375 0.0734375 0.36171875
0 0.7703125 0.41015625 0.0890625 0.340625
0 0.8375 0.4015625 0.08203125 0.3203125
0 0.87890625 0.384375 0.0546875 0.2921875
0 0.95703125 0.371875 0.084375 0.3203125
0 0.553125 0.40546875 0.06953125 0.3671875
0 0.7828125 0.09453125 0.3015625 0.1296875