0 0.20859375 0.80859375 0.18828125 0.38125
0 0.22109375 0.71796875 0.17265625 0.21640625
0 0.15625 0.653125 0.0765625 0.328125
0 0.26015625 0.6515625 0.14296875 0.36875
0 0.37265625 0.72421875 0.3109375 0.5515625
0 0.5671875 0.72578125 0.39453125 0.54609375
0 0.928125 0.65078125 0.14140625 0.40234375
0 0.73125 0.7046875 0.240625 0.590625
0 0.89453125 0.61171875 0.19453125 0.53671875
0 0.7890625 0.42578125 0.0890625 0.38359375
0 0.52890625 0.50546875 0.13515625 0.36171875
0 0.42421875 0.4765625 0.09921875 0.2796875
0 0.4890625 0.396875 0.07109375 0.18046875
0 0.33359375 0.51484375 0.07734375 0.20078125
0 0.33671875 0.33828125 0.0546875 0.16015625
0 0.309375 0.34453125 0.03984375 0.1671875
0 0.2640625 0.38984375 0.07265625 0.12265625
0 0.3875 0.3125 0.03515625 0.07265625
0 0.4375 0.3265625 0.03984375 0.046875
0 0.36875 0.3125 0.0328125 0.08359375
0 0.25546875 0.42734375 0.06953125 0.109375
0 0.70078125 0.4296875 0.1421875 0.175
0 0.553125 0.3125 0.0609375 0.075
0 0.28359375 0.34375 0.03671875 0.07421875
0 0.30546875 0.55703125 0.0703125 0.17265625
0 0.56640625 0.92578125 0.2625 0.1375
0 0.93125 0.9015625 0.13359375 0.19140625
0 0.2359375 0.27890625 0.11953125 0.1140625
0 0.1953125 0.41484375 0.0546875 0.1546875
0 0.0578125 0.81328125 0.10390625 0.34296875
0 0.9453125 0.3125 0.0671875 0.09453125