0 0.05859375 0.89609375 0.04609375 0.1453125
0 0.0171875 0.9109375 0.034375 0.1625
0 0.03125 0.90390625 0.02578125 0.1046875
0 0.0703125 0.90390625 0.02109375 0.0921875
0 0.0828125 0.90390625 0.0140625 0.08125
0 0.12421875 0.890625 0.0234375 0.1015625
0 0.125 0.8796875 0.02578125 0.1015625
0 0.1421875 0.8734375 0.0171875 0.0734375
0 0.1640625 0.88125 0.02421875 0.09765625
0 0.18046875 0.875 0.01875 0.096875
0 0.19140625 0.88203125 0.0109375 0.04453125
0 0.196875 0.85390625 0.01328125 0.03203125
0 0.353125 0.70859375 0.0078125 0.009375
0 0.3828125 0.70390625 0.0171875 0.025
0 0.43359375 0.715625 0.0203125 0.053125
0 0.46796875 0.715625 0.02421875 0.05234375
0 0.46015625 0.90859375 0.03515625 0.07890625
0 0.49765625 0.909375 0.0359375 0.08359375
0 0.64609375 0.9109375 0.03984375 0.1765625
0 0.6890625 0.890625 0.02109375 0.05
0 0.6765625 0.8828125 0.0171875 0.02890625
0 0.709375 0.88828125 0.0203125 0.04921875
0 0.73828125 0.8578125 0.0109375 0.03671875
0 0.8203125 0.89140625 0.03359375 0.11640625
0 0.8671875 0.90625 0.02109375 0.07109375
0 0.878125 0.9 0.02421875 0.11328125
0 0.89140625 0.90078125 0.0171875 0.1
0 0.91015625 0.88671875 0.02890625 0.10625
0 0.93828125 0.909375 0.046875 0.12578125
0 0.95 0.903125 0.021875 0.08828125
0 0.98828125 0.90078125 0.0234375 0.1421875
0 0.853125 0.85 0.01328125 0.02734375
0 0.8375 0.8546875 0.0109375 0.0375
0 0.5953125 0.71171875 0.0140625 0.01953125
0 0.6265625 0.72265625 0.0203125 0.0453125
0 0.6453125 0.7078125 0.0140625 0.021875
0 0.66015625 0.72109375 0.01328125 0.03046875
0 0.8140625 0.83515625 0.0140625 0.03046875
0 0.5734375 0.84453125 0.00703125 0.01640625
0 0.1859375 0.83828125 0.01015625 0.015625
0 0.1875 0.8671875 0.01171875 0.046875
0 0.73671875 0.85390625 0.009375 0.0421875
0 0.11015625 0.86875 0.0140625 0.06484375
0 0.49765625 0.878125 0.01796875 0.03359375
0 0.8328125 0.89140625 0.01796875 0.09921875
0 0.8421875 0.8640625 0.00703125 0.0234375
0 0.1546875 0.87265625 0.0140625 0.07890625
0 0.17265625 0.840625 0.0109375 0.0140625
0 0.0625 0.62734375 0.08203125 0.0921875
0 0.23125 0.67578125 0.053125 0.0703125
0 0.2359375 0.86015625 0.065625 0.07421875
0 0.05 0.846875 0.0734375 0.0296875
0 0.603125 0.8578125 0.0546875 0.03671875
0 0.775 0.8625 0.06328125 0.059375
0 0.8953125 0.85625 0.0703125 0.04296875
0 0.69453125 0.70703125 0.015625 0.04453125
0 0.73984375 0.71015625 0.01796875 0.04609375
0 0.78359375 0.70625 0.01640625 0.0515625
0 0.7171875 0.84765625 0.0296875 0.03359375
0 0.72578125 0.87578125 0.0140625 0.02265625
0 0.6890625 0.85234375 0.01015625 0.02890625
0 0.66328125 0.853125 0.00859375 0.02734375
0 0.82734375 0.8453125 0.01015625 0.0234375
0 0.34609375 0.84375 0.0109375 0.01640625
0 0.80703125 0.82421875 0.02734375 0.01875
0 0.85703125 0.84140625 0.00703125 0.02109375
0 0.7359375 0.828125 0.00703125 0.02578125
0 0.73046875 0.82578125 0.00390625 0.0125
0 0.94296875 0.9234375 0.00625 0.02890625
0 0.94140625 0.86328125 0.0140625 0.0234375
0 0.00390625 0.84453125 0.0078125 0.025