0 0.04765625 0.3234375 0.0703125 0.40234375
0 0.034375 0.15703125 0.0375 0.06875
0 0.10234375 0.3359375 0.1140625 0.5
0 0.159375 0.3140625 0.0640625 0.35546875
0 0.2015625 0.29921875 0.0390625 0.32421875
0 0.2375 0.27265625 0.06796875 0.128125
0 0.29921875 0.29375 0.0625 0.31640625
0 0.39375 0.2859375 0.09453125 0.0953125
0 0.46796875 0.3265625 0.04921875 0.2203125
0 0.525 0.246875 0.05703125 0.1625
0 0.5484375 0.22265625 0.02421875 0.15234375
0 0.5609375 0.2359375 0.0234375 0.16015625
0 0.56796875 0.2140625 0.0140625 0.1046875
0 0.58046875 0.2265625 0.02265625 0.14921875
0 0.59140625 0.246875 0.02734375 0.14296875
0 0.64375 0.3171875 0.1453125 0.44140625
0 0.68984375 0.33984375 0.0671875 0.41796875
0 0.709375 0.34375 0.0546875 0.40546875
0 0.81484375 0.3234375 0.175 0.4265625
0 0.90703125 0.34296875 0.05859375 0.3890625
0 0.9515625 0.503125 0.096875 0.99296875
0 0.0640625 0.3375 0.03828125 0.39296875
0 0.14296875 0.29453125 0.04296875 0.378125
0 0.21875 0.10703125 0.1 0.06328125
0 0.3359375 0.27109375 0.115625 0.0640625
0 0.4921875 0.2265625 0.02734375 0.19140625
0 0.58515625 0.225 0.04453125 0.1390625
0 0.8125 0.196875 0.02265625 0.0875
0 0.87890625 0.2046875 0.0078125 0.04453125
0 0.959375 0.16640625 0.0234375 0.06015625