0 0.87890625 0.7640625 0.1515625 0.4484375
0 0.74609375 0.7046875 0.11484375 0.35
0 0.61015625 0.72890625 0.1234375 0.35859375
0 0.5546875 0.68203125 0.0703125 0.24296875
0 0.5359375 0.66328125 0.04140625 0.23359375
0 0.446875 0.67890625 0.0734375 0.2515625
0 0.41484375 0.64765625 0.03671875 0.15859375
0 0.38515625 0.6109375 0.046875 0.14140625
0 0.33671875 0.60234375 0.0703125 0.13203125
0 0.30703125 0.603125 0.03984375 0.1234375
0 0.2375 0.57734375 0.03203125 0.06796875
0 0.315625 0.60703125 0.028125 0.11640625
0 0.0890625 0.56171875 0.04140625 0.09296875