0 0.98515625 0.57734375 0.0296875 0.2
0 0.934375 0.5625 0.075 0.2625
0 0.9046875 0.51015625 0.0296875 0.14609375
0 0.8953125 0.46015625 0.025 0.0625
0 0.87109375 0.4625 0.03046875 0.05859375
0 0.840625 0.49453125 0.0234375 0.12265625
0 0.8546875 0.546875 0.05546875 0.17265625
0 0.86484375 0.56875 0.03984375 0.15859375
0 0.76875 0.50234375 0.0234375 0.125
0 0.7609375 0.54140625 0.03515625 0.15390625
0 0.74375 0.4625 0.02109375 0.0625
0 0.7390625 0.55078125 0.03515625 0.17734375
0 0.71796875 0.4875 0.015625 0.09609375
0 0.6984375 0.48671875 0.02109375 0.08984375
0 0.7109375 0.54140625 0.028125 0.1625
0 0.6828125 0.540625 0.028125 0.15234375
0 0.68046875 0.47578125 0.01640625 0.06015625
0 0.65859375 0.50703125 0.02109375 0.12265625
0 0.64453125 0.525 0.03046875 0.14609375
0 0.6359375 0.51015625 0.0203125 0.12890625
0 0.609375 0.49453125 0.02109375 0.09765625
0 0.6 0.50625 0.0390625 0.05859375
0 0.57890625 0.5125 0.03671875 0.12890625
0 0.56171875 0.49609375 0.0203125 0.1
0 0.5390625 0.49453125 0.01796875 0.08984375
0 0.52265625 0.50859375 0.028125 0.12109375
0 0.49921875 0.49140625 0.015625 0.0875
0 0.5078125 0.496875 0.01328125 0.07734375
0 0.4859375 0.50625 0.02109375 0.1125
0 0.4390625 0.50234375 0.01171875 0.0875
0 0.41484375 0.496875 0.0203125 0.09375
0 0.465625 0.51171875 0.0203125 0.08984375
0 0.39375 0.49375 0.015625 0.06640625
0 0.36953125 0.4875 0.0140625 0.0625
0 0.34765625 0.48515625 0.0140625 0.0625
0 0.35234375 0.48671875 0.01171875 0.06015625
0 0.33515625 0.484375 0.015625 0.05625
0 0.3078125 0.48125 0.01328125 0.0625
0 0.32265625 0.48515625 0.01171875 0.05859375
0 0.13828125 0.49140625 0.015625 0.0875
0 0.12109375 0.49140625 0.01328125 0.0875
0 0.1140625 0.49296875 0.0140625 0.08984375
0 0.9953125 0.57734375 0.009375 0.1140625
0 0.70625 0.45703125 0.015625 0.03125
0 0.678125 0.4125 0.0203125 0.08359375
0 0.28671875 0.46015625 0.57265625 0.11640625
0 0.009375 0.546875 0.01875 0.05625
0 0.9234375 0.46015625 0.0140625 0.025