0 0.915625 0.47734375 0.103125 0.36328125
0 0.84375 0.471875 0.046875 0.240625
0 0.80703125 0.4703125 0.0453125 0.2
0 0.74453125 0.49296875 0.0828125 0.271875
0 0.6859375 0.45625 0.06796875 0.23984375
0 0.5828125 0.471875 0.08125 0.23046875
0 0.5359375 0.4109375 0.05703125 0.13359375
0 0.634375 0.45625 0.03828125 0.1515625
0 0.4546875 0.4546875 0.11328125 0.25859375
0 0.421875 0.459375 0.04765625 0.24609375
0 0.3796875 0.47734375 0.07109375 0.25078125
0 0.2765625 0.46953125 0.08046875 0.31171875
0 0.23203125 0.39609375 0.0609375 0.1703125
0 0.36171875 0.3921875 0.0390625 0.0796875
0 0.44921875 0.459375 0.0359375 0.22578125
0 0.86328125 0.44453125 0.0265625 0.1359375
0 0.86640625 0.38984375 0.025 0.0640625
0 0.03125 0.428125 0.02578125 0.09453125
0 0.14296875 0.4640625 0.02265625 0.275
0 0.203125 0.40859375 0.03515625 0.16015625
0 0.2578125 0.36171875 0.0359375 0.04609375
0 0.32890625 0.4078125 0.0609375 0.15234375
0 0.49296875 0.36796875 0.05078125 0.07109375
0 0.4921875 0.51171875 0.03125 0.1140625
0 0.61953125 0.4046875 0.01953125 0.04375
0 0.7265625 0.3796875 0.04375 0.0484375
0 0.70625 0.5234375 0.01953125 0.09765625
0 0.78671875 0.47265625 0.01484375 0.14453125
0 0.978125 0.42890625 0.0328125 0.0484375
0 0.82421875 0.39453125 0.03203125 0.053125
0 0.9140625 0.5484375 0.0234375 0.09609375
0 0.7640625 0.38203125 0.00859375 0.03125
0 0.60078125 0.38203125 0.015625 0.03671875
0 0.5703125 0.3984375 0.0125 0.0359375
0 0.87890625 0.24296875 0.0265625 0.028125
0 0.9421875 0.22265625 0.03125 0.02421875
0 0.98125 0.21171875 0.02265625 0.0328125