0 0.3953125 0.8390625 0.06328125 0.13125
0 0.515625 0.86875 0.0515625 0.05
0 0.58515625 0.8390625 0.053125 0.1265625
0 0.6296875 0.84765625 0.0765625 0.16015625
0 0.46484375 0.80703125 0.0296875 0.0640625
0 0.50390625 0.80625 0.03515625 0.0625
0 0.53515625 0.8 0.0234375 0.0421875
0 0.49140625 0.8078125 0.0234375 0.06015625
0 0.83984375 0.8078125 0.01640625 0.0421875
0 0.8421875 0.7984375 0.021875 0.04765625
0 0.8625 0.803125 0.021875 0.0515625
0 0.25703125 0.8453125 0.06328125 0.13515625
0 0.04765625 0.7984375 0.0953125 0.0328125
0 0.42109375 0.7921875 0.01484375 0.0328125
0 0.59921875 0.78515625 0.025 0.025
0 0.959375 0.78046875 0.071875 0.01640625
0 0.89140625 0.79140625 0.0265625 0.0203125
0 0.7125 0.8015625 0.03828125 0.0609375
0 0.27421875 0.7921875 0.01796875 0.02890625
0 0.365625 0.8140625 0.028125 0.06015625