0 0.7359375 0.734375 0.29140625 0.5296875
0 0.49375 0.7125 0.24609375 0.57265625
0 0.2140625 0.5890625 0.2203125 0.634375
0 0.13203125 0.3265625 0.178125 0.39375
0 0.02265625 0.4328125 0.04453125 0.2828125
0 0.05 0.4421875 0.0703125 0.2578125
0 0.23828125 0.25 0.0875 0.29140625
0 0.3171875 0.5390625 0.0703125 0.3890625
0 0.44609375 0.50234375 0.10859375 0.2265625
0 0.77265625 0.55390625 0.1671875 0.25078125
0 0.65859375 0.54609375 0.10234375 0.32109375
0 0.809375 0.49296875 0.08359375 0.2171875
0 0.87734375 0.5921875 0.0859375 0.36015625
0 0.96796875 0.55859375 0.0640625 0.3578125
0 0.8921875 0.45 0.08984375 0.19140625
0 0.41875 0.46796875 0.05234375 0.13515625
0 0.384375 0.47890625 0.05234375 0.209375
0 0.578125 0.59140625 0.06953125 0.36953125
0 0.6078125 0.55078125 0.05546875 0.309375
0 0.54296875 0.39375 0.034375 0.03359375
0 0.74609375 0.43125 0.075 0.1328125
0 0.83984375 0.440625 0.03046875 0.0984375
0 0.9296875 0.5453125 0.0515625 0.32890625
0 0.96015625 0.42265625 0.02890625 0.05546875
0 0.9375 0.425 0.02109375 0.028125
0 0.78671875 0.34921875 0.0703125 0.1203125
0 0.71484375 0.4109375 0.0390625 0.08359375
0 0.64140625 0.41953125 0.034375 0.065625
0 0.57578125 0.41953125 0.0359375 0.078125
0 0.58984375 0.4015625 0.021875 0.0421875
0 0.6 0.40625 0.02578125 0.0515625
0 0.434375 0.39375 0.02265625 0.03046875
0 0.5015625 0.4125 0.0375 0.0671875
0 0.2921875 0.36171875 0.02265625 0.08125
0 0.3625 0.37109375 0.0140625 0.02109375
0 0.7390625 0.40390625 0.01875 0.03828125
0 0.73046875 0.39453125 0.01875 0.03671875
0 0.50546875 0.41328125 0.03046875 0.0703125
0 0.4484375 0.3890625 0.0140625 0.01953125
0 0.4046875 0.38203125 0.0125 0.01328125
0 0.675 0.4328125 0.08125 0.11796875
0 0.35390625 0.46171875 0.03125 0.21328125
0 0.975 0.7484375 0.04921875 0.31796875
0 0.30546875 0.31640625 0.03203125 0.03984375
0 0.4734375 0.37890625 0.0375 0.021875
0 0.5796875 0.378125 0.01484375 0.0125
0 0.72109375 0.36484375 0.03515625 0.015625
0 0.8421875 0.37421875 0.05390625 0.04296875
0 0.9375 0.4015625 0.01171875 0.02421875
0 0.9046875 0.3984375 0.009375 0.01953125
0 0.95078125 0.41953125 0.0125 0.02578125
0 0.4421875 0.37421875 0.02109375 0.015625
0 0.41953125 0.378125 0.0171875 0.0125
0 0.63125 0.39140625 0.01484375 0.028125
0 0.69140625 0.4015625 0.0171875 0.040625