0 0.15078125 0.54609375 0.17890625 0.37421875
0 0.2796875 0.63046875 0.22265625 0.3890625
0 0.49453125 0.68203125 0.2 0.34140625
0 0.5 0.55078125 0.20078125 0.51015625
0 0.56796875 0.5421875 0.18984375 0.51328125
0 0.65078125 0.53203125 0.209375 0.53203125
0 0.83984375 0.44453125 0.1375 0.3296875
0 0.08984375 0.13984375 0.06328125 0.1390625
0 0.10625 0.0625 0.046875 0.05546875
0 0.1484375 0.090625 0.04765625 0.12265625
0 0.14609375 0.1390625 0.07890625 0.15703125
0 0.18203125 0.06640625 0.0515625 0.07109375
0 0.21953125 0.15 0.05546875 0.15546875
0 0.12265625 0.18125 0.06015625 0.075
0 0.20078125 0.1796875 0.0703125 0.0859375
0 0.3 0.18203125 0.065625 0.08828125
0 0.36484375 0.19375 0.0609375 0.07421875
0 0.3265625 0.13359375 0.06796875 0.1875
0 0.43828125 0.15859375 0.06875 0.15859375
0 0.5375 0.20234375 0.1 0.084375
0 0.6703125 0.209375 0.07265625 0.08203125
0 0.7546875 0.21328125 0.078125 0.09140625
0 0.8875 0.21953125 0.07421875 0.08046875
0 0.9703125 0.22265625 0.059375 0.0953125
0 0.5828125 0.1390625 0.06484375 0.18515625
0 0.678125 0.12421875 0.078125 0.16484375
0 0.75625 0.1546875 0.06484375 0.1015625
0 0.771875 0.14609375 0.0875 0.19765625
0 0.8671875 0.1734375 0.065625 0.15390625
0 0.934375 0.14921875 0.05625 0.1703125
0 0.971875 0.05234375 0.05625 0.1046875
0 0.66796875 0.084375 0.5640625 0.16875