0 0.0125 0.34140625 0.025 0.28203125
0 0.0921875 0.21640625 0.0453125 0.0953125
0 0.0890625 0.34765625 0.0734375 0.2578125
0 0.12421875 0.2265625 0.03046875 0.08671875
0 0.1359375 0.2828125 0.03515625 0.14296875
0 0.1609375 0.25703125 0.02734375 0.128125
0 0.175 0.3421875 0.0578125 0.2640625
0 0.2015625 0.3265625 0.04375 0.21171875
0 0.184375 0.2078125 0.025 0.04609375
0 0.20625 0.23203125 0.03203125 0.08046875
0 0.22421875 0.24609375 0.02265625 0.12421875
0 0.24375 0.2296875 0.02734375 0.10234375
0 0.26640625 0.2359375 0.03125 0.09375
0 0.3875 0.32265625 0.0625 0.24765625
0 0.446875 0.27890625 0.04296875 0.21796875
0 0.45 0.28359375 0.03828125 0.21328125
0 0.50859375 0.271875 0.06328125 0.2265625
0 0.54765625 0.29921875 0.03828125 0.2203125
0 0.56328125 0.29453125 0.04375 0.19140625
0 0.596875 0.24609375 0.034375 0.11796875
0 0.64375 0.23671875 0.0265625 0.0765625
0 0.671875 0.2140625 0.03515625 0.0703125
0 0.7203125 0.24765625 0.0265625 0.15859375
0 0.75390625 0.2640625 0.0765625 0.19296875
0 0.3265625 0.240625 0.03046875 0.10625
0 0.3453125 0.62421875 0.29609375 0.72890625
0 0.609375 0.6484375 0.4078125 0.703125
0 0.36875 0.1734375 0.7375 0.3375