0 0.03359375 0.68828125 0.0671875 0.44921875
0 0.07265625 0.590625 0.08984375 0.55703125
0 0.14921875 0.62734375 0.23125 0.48046875
0 0.24921875 0.5796875 0.0953125 0.4171875
0 0.221875 0.40546875 0.04609375 0.15
0 0.2875 0.4390625 0.053125 0.196875
0 0.33671875 0.4953125 0.08671875 0.234375
0 0.35703125 0.40859375 0.0421875 0.084375
0 0.3578125 0.3765625 0.06015625 0.10234375
0 0.41484375 0.3515625 0.06015625 0.08984375
0 0.45 0.58515625 0.1296875 0.48515625
0 0.36015625 0.68359375 0.0953125 0.3140625
0 0.38671875 0.66484375 0.23828125 0.5046875
0 0.48671875 0.42578125 0.0828125 0.1484375
0 0.521875 0.44609375 0.04609375 0.15625
0 0.54296875 0.52578125 0.08828125 0.378125
0 0.60703125 0.39453125 0.04375 0.1125
0 0.64921875 0.63125 0.12890625 0.64453125
0 0.721875 0.425 0.05 0.1953125
0 0.7546875 0.396875 0.0828125 0.19375
0 0.890625 0.43828125 0.075 0.2734375
0 0.90625 0.44140625 0.040625 0.2671875
0 0.9296875 0.41875 0.07421875 0.225
0 0.803125 0.64453125 0.196875 0.70859375
0 0.9515625 0.50546875 0.096875 0.3046875
0 0.9515625 0.47890625 0.096875 0.3515625
0 0.6296875 0.58984375 0.0609375 0.5046875
0 0.15078125 0.39453125 0.1 0.153125
0 0.30078125 0.378125 0.04765625 0.084375
0 0.784375 0.35546875 0.034375 0.0734375
0 0.48828125 0.3640625 0.25234375 0.09140625
0 0.0203125 0.44296875 0.040625 0.09921875
0 0.65078125 0.34609375 0.06875 0.09765625
0 0.70234375 0.39140625 0.03671875 0.09765625
0 0.8578125 0.3765625 0.01875 0.13828125