0 0.503125 0.346875 0.1265625 0.41328125
0 0.68046875 0.36171875 0.10703125 0.40703125
0 0.05390625 0.78984375 0.10703125 0.41953125
0 0.040625 0.5765625 0.08125 0.296875
0 0.10859375 0.596875 0.15703125 0.35
0 0.2625 0.6609375 0.11875 0.52265625
0 0.35078125 0.703125 0.1125 0.446875
0 0.47265625 0.69453125 0.1046875 0.49375
0 0.55 0.70546875 0.109375 0.48359375
0 0.64375 0.6875 0.109375 0.43515625
0 0.73046875 0.6296875 0.1015625 0.36171875
0 0.7484375 0.71640625 0.115625 0.46015625
0 0.84296875 0.65703125 0.11875 0.44921875
0 0.4703125 0.87421875 0.940625 0.2421875