0 0.0890625 0.72578125 0.1734375 0.35625
0 0.1765625 0.71796875 0.1078125 0.30859375
0 0.23359375 0.62890625 0.0578125 0.1203125
0 0.29375 0.6203125 0.0453125 0.1125
0 0.36171875 0.61875 0.04140625 0.1171875
0 0.26875 0.59921875 0.02734375 0.07109375
0 0.46171875 0.5984375 0.0265625 0.0671875
0 0.59453125 0.6265625 0.05859375 0.12734375
0 0.6515625 0.62421875 0.0640625 0.14375
0 0.70234375 0.64765625 0.0578125 0.1453125
0 0.7875 0.6703125 0.08515625 0.21015625
0 0.875 0.6421875 0.0703125 0.15234375
0 0.9453125 0.6328125 0.05859375 0.16015625
0 0.9015625 0.6171875 0.04140625 0.13984375
0 0.8484375 0.62265625 0.03359375 0.13984375
0 0.8 0.634375 0.06484375 0.16875
0 0.7421875 0.6296875 0.03515625 0.11640625
0 0.15546875 0.62578125 0.3109375 0.1234375
0 0.8 0.60078125 0.2578125 0.11875
0 0.48984375 0.59609375 0.1125 0.0671875