0 0.89609375 0.83828125 0.05390625 0.27734375
0 0.8828125 0.95859375 0.05390625 0.07890625
0 0.8296875 0.95234375 0.06171875 0.09140625
0 0.81171875 0.89765625 0.05703125 0.20390625
0 0.6671875 0.9578125 0.059375 0.084375
0 0.72265625 0.8921875 0.0734375 0.215625
0 0.52734375 0.95703125 0.0484375 0.08515625
0 0.74140625 0.78671875 0.040625 0.21015625
0 0.78046875 0.85 0.05703125 0.275
0 0.83046875 0.828125 0.0484375 0.19375
0 0.803125 0.72734375 0.046875 0.13359375
0 0.8640625 0.78203125 0.053125 0.28984375
0 0.8234375 0.678125 0.03984375 0.11875
0 0.83828125 0.659375 0.040625 0.15625
0 0.8375 0.446875 0.02421875 0.11875
0 0.85859375 0.44296875 0.025 0.09375
0 0.90625 0.44765625 0.03046875 0.10859375
0 0.92734375 0.40703125 0.02890625 0.13125
0 0.9390625 0.24375 0.01640625 0.07109375
0 0.91015625 0.3375 0.02109375 0.1125
0 0.53125 0.81953125 0.02734375 0.20625
0 0.44375 0.91171875 0.040625 0.17265625
0 0.37734375 0.9578125 0.0390625 0.084375
0 0.415625 0.971875 0.0234375 0.05625
0 0.23359375 0.90625 0.08203125 0.18359375
0 0.31015625 0.896875 0.053125 0.20234375
0 0.34375 0.82578125 0.05625 0.25625
0 0.428125 0.84453125 0.04921875 0.26875
0 0.4921875 0.73828125 0.0484375 0.13515625
0 0.565625 0.61796875 0.02890625 0.08984375
0 0.43984375 0.64921875 0.0515625 0.14375
0 0.36953125 0.678125 0.03984375 0.21875
0 0.44296875 0.72890625 0.02890625 0.15859375
0 0.54453125 0.73828125 0.040625 0.08515625
0 0.890625 0.51953125 0.0296875 0.04765625
0 0.8171875 0.50703125 0.0359375 0.06015625
0 0.86171875 0.49921875 0.0234375 0.05625
0 0.8484375 0.49921875 0.01328125 0.03515625
0 0.35078125 0.96953125 0.04609375 0.06015625
0 0.85859375 0.39609375 0.02890625 0.0625
0 0.88203125 0.409375 0.01953125 0.13125
0 0.871875 0.33046875 0.01875 0.04375
0 0.89375 0.3625 0.01953125 0.08359375
0 0.9015625 0.38984375 0.02109375 0.0625
0 0.91171875 0.53828125 0.03203125 0.17734375
0 0.87734375 0.31484375 0.01875 0.05859375
0 0.884375 0.3125 0.01640625 0.0625
0 0.86875 0.290625 0.02109375 0.07265625
0 0.8484375 0.30078125 0.015625 0.04375
0 0.85234375 0.26796875 0.01875 0.06484375
0 0.86328125 0.25390625 0.01875 0.08359375
0 0.39609375 0.22578125 0.01875 0.03515625
0 0.90078125 0.64921875 0.02734375 0.11875
0 0.90078125 0.32578125 0.015625 0.03515625
0 0.8140625 0.525 0.02421875 0.0375
0 0.16484375 0.96171875 0.06796875 0.07265625
0 0.03046875 0.96796875 0.06015625 0.06015625
0 0.63671875 0.88125 0.0453125 0.09609375
0 0.471875 0.71015625 0.0359375 0.2
0 0.73046875 0.35234375 0.09375 0.22109375
0 0.83984375 0.36796875 0.04609375 0.10234375
0 0.89765625 0.22578125 0.07265625 0.15625
0 0.81796875 0.60703125 0.03046875 0.04765625
0 0.3234375 0.98671875 0.01953125 0.02265625