0 0.971875 0.75703125 0.05390625 0.165625
0 0.9453125 0.9109375 0.06640625 0.13046875
0 0.80390625 0.72109375 0.05859375 0.10546875
0 0.6875 0.74296875 0.0453125 0.0890625
0 0.7328125 0.82578125 0.0578125 0.1140625
0 0.659375 0.8171875 0.06640625 0.13671875
0 0.6203125 0.7421875 0.04765625 0.10234375
0 0.675 0.75234375 0.03515625 0.0703125
0 0.61796875 0.690625 0.05 0.06484375
0 0.5671875 0.72734375 0.07890625 0.140625
0 0.5296875 0.68671875 0.03828125 0.11875
0 0.53046875 0.6515625 0.046875 0.1015625
0 0.490625 0.60859375 0.05390625 0.1171875
0 0.44375 0.58984375 0.09296875 0.13359375
0 0.45078125 0.63828125 0.09453125 0.13046875
0 0.38203125 0.5640625 0.0640625 0.115625
0 0.37578125 0.659375 0.0703125 0.1890625
0 0.42265625 0.71796875 0.096875 0.171875
0 0.47421875 0.76015625 0.0578125 0.0921875
0 0.53046875 0.784375 0.065625 0.08515625
0 0.3640625 0.78125 0.13203125 0.12890625
0 0.2953125 0.72578125 0.12109375 0.184375
0 0.309375 0.57578125 0.0734375 0.12734375
0 0.27578125 0.5546875 0.06328125 0.15078125
0 0.14296875 0.51015625 0.08515625 0.1171875
0 0.18046875 0.59140625 0.1203125 0.18359375
0 0.09296875 0.51953125 0.0984375 0.11875
0 0.0640625 0.54921875 0.128125 0.19765625
0 0.0203125 0.45390625 0.03984375 0.0953125
0 0.178125 0.73828125 0.14375 0.17421875
0 0.1125 0.78828125 0.09296875 0.1625
0 0.2046875 0.81953125 0.05625 0.08203125
0 0.79609375 0.33828125 0.3984375 0.403125
0 0.0234375 0.734375 0.046875 0.19921875