0 0.121875 0.69609375 0.15625 0.6046875
0 0.06171875 0.7078125 0.075 0.51953125
0 0.2625 0.63359375 0.07421875 0.29375
0 0.32734375 0.52421875 0.02734375 0.03671875
0 0.284375 0.49375 0.021875 0.03828125
0 0.46015625 0.6515625 0.065625 0.35859375
0 0.43046875 0.61171875 0.04609375 0.2875
0 0.4515625 0.4625 0.02734375 0.03984375
0 0.49375 0.625 0.03515625 0.30234375
0 0.5328125 0.67734375 0.1359375 0.56171875
0 0.609375 0.5578125 0.05078125 0.1796875
0 0.659375 0.7234375 0.1390625 0.55
0 0.65 0.49375 0.03046875 0.0828125
0 0.70625 0.521875 0.0203125 0.07109375
0 0.728125 0.57578125 0.040625 0.1875
0 0.75 0.5625 0.0375 0.178125
0 0.76640625 0.51640625 0.02265625 0.0765625
0 0.78125 0.596875 0.0453125 0.21953125
0 0.78125 0.496875 0.03125 0.06171875
0 0.815625 0.60078125 0.04765625 0.22265625
0 0.840625 0.578125 0.02421875 0.1828125
0 0.87734375 0.60703125 0.05546875 0.2078125
0 0.85625 0.50859375 0.01875 0.0828125
0 0.85859375 0.5296875 0.028125 0.09140625
0 0.915625 0.5734375 0.0484375 0.1890625
0 0.93828125 0.55078125 0.028125 0.14609375
0 0.95625 0.5734375 0.03515625 0.16796875
0 0.978125 0.6171875 0.0421875 0.290625
0 0.884375 0.54609375 0.0265625 0.153125
0 0.9796875 0.5015625 0.01875 0.0328125
0 0.971875 0.50703125 0.01953125 0.03828125
0 0.0171875 0.8234375 0.034375 0.35234375
0 0.2703125 0.80078125 0.046875 0.04453125
0 0.1203125 0.95078125 0.06640625 0.0984375
0 0.25078125 0.48359375 0.015625 0.0203125
0 0.634375 0.48359375 0.03046875 0.05
0 0.7359375 0.4859375 0.01171875 0.021875
0 0.696875 0.52265625 0.009375 0.04296875
0 0.9515625 0.48671875 0.009375 0.0296875
0 0.8390625 0.4796875 0.01875 0.0203125
0 0.58828125 0.86796875 0.3234375 0.2640625
0 0.9046875 0.4953125 0.015625 0.0265625
0 0.8578125 0.6921875 0.25625 0.09609375