0 0.7734375 0.63984375 0.3015625 0.71875
0 0.546875 0.68828125 0.303125 0.62109375
0 0.95 0.54140625 0.07734375 0.26015625
0 0.92265625 0.53984375 0.05390625 0.203125
0 0.5875 0.490625 0.05625 0.1375
0 0.46015625 0.52421875 0.0515625 0.12421875
0 0.3578125 0.5671875 0.07578125 0.203125
0 0.40625 0.5140625 0.0296875 0.13046875
0 0.3375 0.48671875 0.03046875 0.075
0 0.30859375 0.52265625 0.04765625 0.14921875
0 0.28046875 0.525 0.0359375 0.12890625
0 0.22109375 0.525 0.05 0.14765625
0 0.184375 0.5296875 0.04140625 0.1421875
0 0.14296875 0.53125 0.0359375 0.1546875
0 0.0828125 0.53203125 0.04375 0.15703125
0 0.03984375 0.54609375 0.06875 0.09765625
0 0.07578125 0.5390625 0.0859375 0.0890625
0 0.665625 0.47265625 0.01875 0.04921875
0 0.65 0.49140625 0.02109375 0.06953125
0 0.61640625 0.48671875 0.01875 0.0703125
0 0.42890625 0.5109375 0.0234375 0.09765625
0 0.25078125 0.49453125 0.02265625 0.075
0 0.26875 0.49609375 0.02265625 0.0765625
0 0.0046875 0.51796875 0.009375 0.07265625
0 0.12265625 0.5171875 0.01640625 0.09375
0 0.15625 0.5109375 0.01875 0.08828125
0 0.10234375 0.4890625 0.01953125 0.0296875
0 0.64140625 0.4640625 0.03984375 0.01640625
0 0.09609375 0.4796875 0.0125 0.0203125
0 0.1671875 0.4765625 0.02265625 0.03203125
0 0.203125 0.475 0.01953125 0.02109375
0 0.23359375 0.465625 0.0140625 0.02265625
0 0.2609375 0.465625 0.01953125 0.01796875
0 0.29140625 0.46640625 0.02578125 0.01875
0 0.3703125 0.471875 0.06171875 0.0296875
0 0.43125 0.465625 0.0296875 0.0234375
0 0.0484375 0.490625 0.01484375 0.0390625
0 0.16484375 0.54375 0.0109375 0.01640625
0 0.63515625 0.4890625 0.0109375 0.034375