0 0.74765625 0.70390625 0.43828125 0.5875
0 0.43046875 0.69375 0.5296875 0.6125
0 0.16953125 0.38515625 0.3390625 0.3984375
0 0.92890625 0.5578125 0.1421875 0.4375
0 0.6671875 0.515625 0.1578125 0.5265625
0 0.7921875 0.48203125 0.13828125 0.42578125
0 0.5546875 0.5203125 0.15546875 0.43515625
0 0.34609375 0.40546875 0.18203125 0.4734375
0 0.9640625 0.36328125 0.071875 0.234375
0 0.9421875 0.2953125 0.06640625 0.1484375
0 0.75390625 0.29609375 0.0921875 0.20078125
0 0.50625 0.246875 0.0921875 0.284375
0 0.04140625 0.33046875 0.08203125 0.4734375
0 0.10625 0.10625 0.09765625 0.20234375
0 0.55234375 0.09140625 0.0359375 0.12265625
0 0.5984375 0.09921875 0.034375 0.09375
0 0.5890625 0.3875 0.09609375 0.29140625
0 0.66953125 0.12109375 0.04140625 0.1140625
0 0.78515625 0.13515625 0.04453125 0.0890625
0 0.834375 0.16171875 0.0484375 0.11875
0 0.96875 0.18359375 0.05 0.0890625
0 0.878125 0.16171875 0.03359375 0.0953125
0 0.89609375 0.171875 0.0203125 0.084375
0 0.80546875 0.12890625 0.02421875 0.10703125
0 0.25859375 0.1171875 0.06796875 0.16640625
0 0.3734375 0.10703125 0.134375 0.18671875
0 0.025 0.046875 0.05 0.0796875
0 0.07890625 0.04296875 0.0578125 0.0859375
0 0.19453125 0.11953125 0.1 0.2390625
0 0.2890625 0.15859375 0.03984375 0.0890625
0 0.4609375 0.12421875 0.0421875 0.0796875
0 0.68984375 0.20703125 0.34609375 0.20078125
0 0.97890625 0.2359375 0.0421875 0.05
0 0.88203125 0.24140625 0.03828125 0.1046875
0 0.68515625 0.0890625 0.02421875 0.0453125
0 0.6484375 0.0921875 0.015625 0.034375