0 0.03671875 0.58515625 0.0734375 0.3609375
0 0.08515625 0.47734375 0.0296875 0.075
0 0.15703125 0.58046875 0.08359375 0.346875
0 0.23828125 0.5953125 0.04609375 0.209375
0 0.2828125 0.56484375 0.1015625 0.4015625
0 0.29375 0.57734375 0.08125 0.2859375
0 0.34140625 0.51484375 0.0390625 0.21171875
0 0.36328125 0.5234375 0.05859375 0.24140625
0 0.40625 0.51484375 0.04375 0.221875
0 0.425 0.5265625 0.04296875 0.22734375
0 0.46015625 0.46640625 0.04609375 0.09140625
0 0.4453125 0.43671875 0.0203125 0.05234375
0 0.45546875 0.4390625 0.02421875 0.0515625
0 0.496875 0.534375 0.0703125 0.29140625
0 0.5421875 0.53046875 0.03828125 0.2578125
0 0.5734375 0.546875 0.0703125 0.30234375
0 0.4859375 0.4265625 0.01953125 0.0328125
0 0.53125 0.428125 0.01875 0.0375
0 0.61328125 0.53359375 0.04765625 0.25234375
0 0.63359375 0.49609375 0.03046875 0.17265625
0 0.66015625 0.50625 0.04921875 0.21328125
0 0.6921875 0.5015625 0.0390625 0.2015625
0 0.6765625 0.41875 0.0125 0.034375
0 0.740625 0.48984375 0.05 0.19765625
0 0.70390625 0.49140625 0.0265625 0.18984375
0 0.721875 0.471875 0.01796875 0.1453125
0 0.77890625 0.4625 0.03125 0.121875
0 0.809375 0.425 0.02578125 0.04609375
0 0.825 0.4453125 0.0234375 0.1078125
0 0.84609375 0.45078125 0.021875 0.09921875
0 0.875 0.4390625 0.02109375 0.0875
0 0.88984375 0.434375 0.01875 0.08125
0 0.85234375 0.4390625 0.015625 0.08515625
0 0.75703125 0.46015625 0.02265625 0.17890625
0 0.93671875 0.43125 0.01640625 0.07578125
0 0.94609375 0.43515625 0.02265625 0.06796875
0 0.98203125 0.4328125 0.02109375 0.06796875
0 0.99296875 0.43125 0.01328125 0.07109375
0 0.77734375 0.396875 0.01171875 0.01796875
0 0.8140625 0.40703125 0.0078125 0.02421875
0 0.61484375 0.41953125 0.0171875 0.03828125
0 0.3921875 0.428125 0.0109375 0.0484375
0 0.809375 0.47890625 0.0171875 0.0359375
0 0.21953125 0.4125 0.0109375 0.0109375
0 0.18515625 0.71328125 0.33984375 0.11640625
0 0.834375 0.39921875 0.01171875 0.02109375
0 0.79296875 0.41171875 0.02109375 0.03203125
0 0.8125 0.40390625 0.0109375 0.0140625
0 0.725 0.40703125 0.00703125 0.03125
0 0.67265625 0.396875 0.01640625 0.03203125
0 0.6328125 0.4109375 0.028125 0.02890625
0 0.57734375 0.4046875 0.01953125 0.0328125
0 0.5359375 0.40703125 0.015625 0.0296875
0 0.403125 0.40703125 0.0078125 0.01328125
0 0.74921875 0.53828125 0.0078125 0.0625
0 0.74609375 0.40625 0.00859375 0.02421875
0 0.7875 0.49375 0.01796875 0.03671875
0 0.84140625 0.478125 0.0125 0.028125
0 0.76484375 0.3953125 0.0140625 0.02109375