0 0.1453125 0.2359375 0.090625 0.20234375
0 0.16015625 0.428125 0.13515625 0.44296875
0 0.16015625 0.51015625 0.153125 0.61015625
0 0.26171875 0.2046875 0.0984375 0.2375
0 0.265625 0.3625 0.09375 0.27109375
0 0.340625 0.2359375 0.07421875 0.215625
0 0.396875 0.25625 0.07265625 0.209375
0 0.37734375 0.384375 0.14765625 0.209375
0 0.3640625 0.478125 0.09375 0.1890625
0 0.315625 0.63515625 0.0953125 0.3328125
0 0.47421875 0.19921875 0.096875 0.20078125
0 0.46875 0.30703125 0.08359375 0.29765625
0 0.5859375 0.2734375 0.0875 0.26015625
0 0.66796875 0.275 0.08359375 0.28203125
0 0.78515625 0.25625 0.1265625 0.27109375
0 0.6921875 0.371875 0.0953125 0.1890625
0 0.4765625 0.5140625 0.09375 0.23125
0 0.56484375 0.49921875 0.08515625 0.24453125
0 0.63515625 0.4875 0.07421875 0.16484375
0 0.690625 0.515625 0.07734375 0.26875
0 0.75703125 0.46328125 0.09375 0.21796875
0 0.84296875 0.5671875 0.1921875 0.45625
0 0.3984375 0.6890625 0.10390625 0.38359375
0 0.50546875 0.69296875 0.1296875 0.4296875
0 0.60625 0.69921875 0.10859375 0.36796875
0 0.7109375 0.72265625 0.1171875 0.38359375
0 0.79453125 0.33671875 0.05078125 0.0703125