0 0.5296875 0.73046875 0.28125 0.5359375
0 0.0265625 0.60390625 0.05234375 0.31640625
0 0.06796875 0.5953125 0.07109375 0.29609375
0 0.10859375 0.4828125 0.04765625 0.10078125
0 0.0921875 0.46796875 0.02109375 0.0296875
0 0.16328125 0.69375 0.15625 0.6046875
0 0.3 0.69453125 0.12265625 0.56953125
0 0.359375 0.5 0.0390625 0.12734375
0 0.375 0.66328125 0.07265625 0.4609375
0 0.41953125 0.684375 0.13125 0.54140625
0 0.684375 0.62734375 0.04609375 0.284375
0 0.72109375 0.590625 0.05 0.290625
0 0.75625 0.50859375 0.02265625 0.04296875
0 0.77265625 0.51953125 0.02734375 0.08046875
0 0.78671875 0.4984375 0.0265625 0.03359375
0 0.83515625 0.69921875 0.0828125 0.38359375
0 0.86796875 0.7 0.07109375 0.37109375
0 0.9046875 0.6421875 0.0609375 0.31796875
0 0.9296875 0.65 0.05 0.284375
0 0.74609375 0.66796875 0.0625 0.30546875
0 0.78828125 0.6515625 0.0484375 0.2921875
0 0.06796875 0.44296875 0.04375 0.0578125
0 0.2375 0.45859375 0.1 0.0296875
0 0.1421875 0.45703125 0.0203125 0.05234375
0 0.403125 0.4484375 0.03125 0.0578125
0 0.66640625 0.5046875 0.0203125 0.046875
0 0.70390625 0.51484375 0.0171875 0.0453125
0 0.8296875 0.496875 0.06484375 0.04296875
0 0.8109375 0.53828125 0.02265625 0.0359375
0 0.7390625 0.5109375 0.02109375 0.0484375
0 0.77734375 0.490625 0.01015625 0.0296875
0 0.88984375 0.49921875 0.0203125 0.04296875
0 0.92421875 0.4984375 0.02109375 0.04140625
0 0.94609375 0.5453125 0.02265625 0.1046875
0 0.4828125 0.46796875 0.0625 0.03359375
0 0.56015625 0.50390625 0.025 0.09375
0 0.7875 0.7578125 0.01015625 0.0578125
0 0.8078125 0.78203125 0.00859375 0.0171875