0 0.08984375 0.48515625 0.17890625 0.83515625
0 0.22890625 0.434375 0.184375 0.75859375
0 0.36171875 0.4234375 0.12421875 0.6515625
0 0.46171875 0.2734375 0.13359375 0.3078125
0 0.57265625 0.28984375 0.121875 0.3453125
0 0.6640625 0.365625 0.08984375 0.5359375
0 0.740625 0.3078125 0.19765625 0.35390625
0 0.92265625 0.51796875 0.153125 0.7015625
0 0.45234375 0.57265625 0.15703125 0.55
0 0.51796875 0.61015625 0.26484375 0.5375
0 0.74140625 0.65234375 0.2453125 0.68984375
0 0.0171875 0.3796875 0.0328125 0.4
0 0.6828125 0.1703125 0.02734375 0.03984375