0 0.1703125 0.80703125 0.33984375 0.384375
0 0.39921875 0.7953125 0.2953125 0.409375
0 0.55078125 0.7234375 0.2359375 0.553125
0 0.8640625 0.8078125 0.26953125 0.38203125
0 0.05625 0.490625 0.1125 0.175
0 0.1640625 0.4953125 0.11953125 0.24921875
0 0.3203125 0.5671875 0.10859375 0.24296875
0 0.23671875 0.615625 0.14375 0.17109375
0 0.6875 0.7421875 0.17109375 0.515625
0 0.39453125 0.48203125 0.078125 0.14375
0 0.4265625 0.525 0.14375 0.19140625
0 0.61328125 0.49921875 0.0921875 0.21875
0 0.7 0.52265625 0.16171875 0.24921875
0 0.5 0.41875 0.0328125 0.08984375
0 0.46015625 0.4078125 0.0390625 0.071875
0 0.96015625 0.47109375 0.0640625 0.15546875
0 0.04296875 0.40390625 0.0859375 0.06640625
0 0.3046875 0.4515625 0.05546875 0.05546875
0 0.3796875 0.4359375 0.04140625 0.065625
0 0.4484375 0.3890625 0.01171875 0.040625
0 0.4953125 0.384375 0.0359375 0.04765625
0 0.51875 0.44140625 0.11640625 0.06796875
0 0.5953125 0.38203125 0.08984375 0.053125
0 0.6625 0.409375 0.03203125 0.075
0 0.73046875 0.38046875 0.08125 0.04765625
0 0.7578125 0.46484375 0.0640625 0.12265625
0 0.953125 0.39140625 0.0921875 0.05390625
0 0.915625 0.51875 0.03671875 0.20234375
0 0.98671875 0.51796875 0.025 0.2
0 0.95390625 0.5640625 0.040625 0.10703125