0 0.1421875 0.61796875 0.2828125 0.615625
0 0.18125 0.54375 0.17578125 0.525
0 0.29765625 0.5390625 0.15546875 0.2828125
0 0.2828125 0.41796875 0.16875 0.34375
0 0.4328125 0.48046875 0.12890625 0.34765625
0 0.51796875 0.54921875 0.11875 0.31953125
0 0.6703125 0.5125 0.18515625 0.38125
0 0.80546875 0.58828125 0.1875 0.2875
0 0.8671875 0.721875 0.26484375 0.55234375
0 0.60234375 0.37109375 0.14375 0.5828125
0 0.78203125 0.409375 0.13203125 0.58984375
0 0.92265625 0.36484375 0.05703125 0.2
0 0.97578125 0.40859375 0.04765625 0.25546875
0 0.46328125 0.31484375 0.06484375 0.30078125
0 0.4125 0.31875 0.0484375 0.2375
0 0.365625 0.4015625 0.05546875 0.41171875
0 0.22734375 0.26328125 0.02265625 0.12890625
0 0.26171875 0.24375 0.03671875 0.084375
0 0.30390625 0.2484375 0.040625 0.096875
0 0.2875 0.2375 0.02734375 0.1
0 0.95078125 0.2796875 0.03125 0.1453125
0 0.9296875 0.8765625 0.140625 0.246875
0 0.75625 0.221875 0.03515625 0.1046875
0 0.03671875 0.58125 0.07265625 0.83671875