0 0.12734375 0.54140625 0.12265625 0.91328125
0 0.20234375 0.5703125 0.1 0.85546875
0 0.29921875 0.57109375 0.10625 0.85390625
0 0.3765625 0.58359375 0.10546875 0.8296875
0 0.384375 0.24375 0.08359375 0.25390625
0 0.459375 0.57109375 0.11953125 0.85390625
0 0.5375 0.621875 0.1296875 0.7515625
0 0.4953125 0.53671875 0.1703125 0.921875
0 0.62890625 0.61640625 0.10078125 0.76328125
0 0.58828125 0.5453125 0.0625 0.84296875
0 0.7046875 0.5703125 0.1109375 0.85546875
0 0.7765625 0.5828125 0.084375 0.834375
0 0.86796875 0.6015625 0.121875 0.79609375
0 0.93359375 0.56796875 0.13203125 0.8609375