0 0.728125 0.68515625 0.175 0.62578125
0 0.8375 0.55703125 0.2125 0.79140625
0 0.91328125 0.409375 0.0890625 0.48203125
0 0.15703125 0.52109375 0.2015625 0.79140625
0 0.228125 0.440625 0.084375 0.5359375
0 0.3109375 0.47734375 0.159375 0.71328125
0 0.365625 0.409375 0.05 0.4640625
0 0.39375 0.47421875 0.046875 0.28046875
0 0.4734375 0.58515625 0.178125 0.59609375
0 0.51640625 0.48984375 0.1046875 0.5625
0 0.4125 0.31484375 0.05 0.17734375
0 0.45703125 0.27578125 0.0859375 0.18828125
0 0.5609375 0.23515625 0.04375 0.08046875
0 0.61875 0.44140625 0.178125 0.57421875
0 0.68515625 0.41171875 0.0796875 0.41015625
0 0.71953125 0.29375 0.0515625 0.1796875
0 0.06328125 0.38359375 0.0484375 0.2375
0 0.0265625 0.3890625 0.053125 0.2625
0 0.921875 0.50546875 0.075 0.2890625
0 0.5953125 0.3765625 0.396875 0.525