0 0.77421875 0.80859375 0.2109375 0.3828125
0 0.39453125 0.80859375 0.20390625 0.3828125
0 0.52265625 0.81484375 0.140625 0.36953125
0 0.0484375 0.79921875 0.096875 0.39765625
0 0.23203125 0.68125 0.10234375 0.29375
0 0.32890625 0.6625 0.1046875 0.31171875
0 0.446875 0.66015625 0.065625 0.21796875
0 0.56171875 0.66171875 0.1203125 0.27265625
0 0.72890625 0.703125 0.17265625 0.21953125
0 0.6765625 0.67421875 0.06484375 0.12890625
0 0.7625 0.56015625 0.021875 0.07421875
0 0.66015625 0.63515625 0.10234375 0.18046875
0 0.603125 0.55625 0.0375 0.07421875
0 0.49453125 0.575 0.0453125 0.11796875
0 0.475 0.58046875 0.0484375 0.11484375
0 0.41171875 0.57109375 0.0328125 0.09609375
0 0.38984375 0.571875 0.0375 0.09140625
0 0.27734375 0.6 0.05234375 0.11171875
0 0.18671875 0.7171875 0.0734375 0.29296875
0 0.134375 0.71171875 0.090625 0.3453125
0 0.0625 0.61328125 0.07265625 0.1859375
0 0.06875 0.62578125 0.0671875 0.21171875
0 0.109375 0.59140625 0.05859375 0.146875
0 0.1546875 0.53828125 0.04140625 0.08671875
0 0.646875 0.63203125 0.05234375 0.20390625
0 0.42578125 0.54609375 0.03359375 0.06328125
0 0.2609375 0.5609375 0.03046875 0.075
0 0.17578125 0.5765625 0.053125 0.0953125
0 0.6046875 0.67265625 0.0890625 0.20703125
0 0.93203125 0.83671875 0.13515625 0.325
0 0.6390625 0.87890625 0.1796875 0.23984375
0 0.23125 0.8953125 0.228125 0.2078125
0 0.01171875 0.80703125 0.02265625 0.215625
0 0.20859375 0.52109375 0.2140625 0.06015625
0 0.04296875 0.5375 0.0859375 0.08828125
0 0.5484375 0.52109375 0.40078125 0.046875
0 0.71640625 0.575 0.034375 0.06015625
0 0.5828125 0.55703125 0.01796875 0.0265625
0 0.628125 0.55546875 0.0234375 0.0234375