0 0.58515625 0.615625 0.1921875 0.6515625
0 0.46875 0.5359375 0.1328125 0.43828125
0 0.14375 0.575 0.10546875 0.40234375
0 0.196875 0.528125 0.07421875 0.3859375
0 0.06328125 0.50859375 0.1265625 0.421875
0 0.12578125 0.3859375 0.0921875 0.17734375
0 0.14296875 0.340625 0.028125 0.071875
0 0.21875 0.50078125 0.10703125 0.3890625
0 0.24765625 0.453125 0.075 0.33046875
0 0.21875 0.459375 0.109375 0.36015625
0 0.25546875 0.43828125 0.04296875 0.3
0 0.26875 0.4125 0.0546875 0.3015625
0 0.275 0.284375 0.034375 0.0734375
0 0.30234375 0.38203125 0.0578125 0.265625
0 0.33984375 0.37265625 0.0546875 0.2640625
0 0.37109375 0.3671875 0.0625 0.24140625
0 0.4 0.33828125 0.04296875 0.2390625
0 0.4296875 0.36796875 0.05234375 0.2765625
0 0.47578125 0.36484375 0.0546875 0.24296875
0 0.52109375 0.3671875 0.0578125 0.28984375
0 0.56953125 0.290625 0.0578125 0.14296875
0 0.62890625 0.309375 0.0625 0.2015625
0 0.66953125 0.4578125 0.0578125 0.3421875
0 0.7171875 0.45078125 0.09296875 0.4296875
0 0.746875 0.3546875 0.115625 0.17109375
0 0.7671875 0.56328125 0.1328125 0.459375
0 0.74375 0.4984375 0.08125 0.35703125
0 0.828125 0.59453125 0.12890625 0.5015625
0 0.88515625 0.6625 0.21640625 0.41171875
0 0.865625 0.46796875 0.17578125 0.2265625
0 0.884375 0.528125 0.1265625 0.2296875
0 0.878125 0.31640625 0.09140625 0.2296875
0 0.7984375 0.26640625 0.1265625 0.20234375
0 0.0828125 0.3328125 0.046875 0.16640625
0 0.153125 0.28828125 0.06953125 0.1859375
0 0.04375 0.2609375 0.05703125 0.1078125
0 0.24609375 0.23984375 0.05078125 0.10078125
0 0.21015625 0.24375 0.03203125 0.0703125
0 0.18203125 0.2171875 0.04921875 0.0859375
0 0.2890625 0.24296875 0.025 0.0359375
0 0.35546875 0.24140625 0.0609375 0.075
0 0.4109375 0.2109375 0.05390625 0.0734375
0 0.45625 0.24609375 0.0453125 0.10546875
0 0.49375 0.26015625 0.028125 0.0828125
0 0.48046875 0.20546875 0.03984375 0.08671875
0 0.5625 0.22578125 0.05078125 0.09765625
0 0.6140625 0.22421875 0.0515625 0.0859375
0 0.6703125 0.2578125 0.06953125 0.13359375
0 0.7203125 0.275 0.0625 0.12578125
0 0.70078125 0.23125 0.03203125 0.06875
0 0.08203125 0.2859375 0.05703125 0.11875
0 0.3375 0.35390625 0.0484375 0.2265625
0 0.421875 0.24140625 0.01796875 0.0328125
0 0.4578125 0.2640625 0.02890625 0.078125
0 0.97421875 0.3828125 0.0515625 0.153125
0 0.04296875 0.5828125 0.0859375 0.29765625
0 0.78671875 0.3609375 0.07109375 0.3171875
0 0.21796875 0.27578125 0.0296875 0.04375
0 0.4234375 0.8859375 0.846875 0.228125
0 0.2734375 0.19453125 0.103125 0.06484375
0 0.06953125 0.1625 0.02109375 0.0484375
0 0.95625 0.5359375 0.08671875 0.303125