0 0.97578125 0.871875 0.04609375 0.1703125
0 0.95625 0.87734375 0.0375 0.175
0 0.86640625 0.9 0.0828125 0.2
0 0.88984375 0.903125 0.0546875 0.19296875
0 0.81796875 0.90078125 0.0609375 0.1984375
0 0.8953125 0.8390625 0.0328125 0.125
0 0.74375 0.8703125 0.0453125 0.18359375
0 0.6828125 0.88984375 0.0671875 0.21640625
0 0.5953125 0.903125 0.05234375 0.18984375
0 0.56640625 0.90078125 0.06015625 0.1984375
0 0.4828125 0.89921875 0.07890625 0.1984375
0 0.3734375 0.90859375 0.0734375 0.1796875
0 0.40625 0.90546875 0.03984375 0.18515625
0 0.375 0.9109375 0.04765625 0.175
0 0.3265625 0.86796875 0.02890625 0.08359375
0 0.321875 0.86953125 0.01875 0.08203125
0 0.3 0.91875 0.071875 0.1625
0 0.2875 0.91953125 0.04375 0.1609375
0 0.2421875 0.91875 0.04375 0.1625
0 0.2046875 0.921875 0.05390625 0.153125
0 0.1484375 0.8796875 0.02734375 0.08671875
0 0.05234375 0.91015625 0.075 0.1765625
0 0.11796875 0.90625 0.0765625 0.1875
0 0.6296875 0.78984375 0.6875 0.08671875
0 0.38828125 0.6359375 0.07890625 0.175
0 0.7171875 0.6234375 0.07734375 0.16015625
0 0.36875 0.915625 0.3078125 0.16796875
0 0.803125 0.959375 0.07890625 0.028125