0 0.6703125 0.2328125 0.02109375 0.0640625
0 0.69296875 0.23984375 0.02421875 0.065625
0 0.690625 0.21953125 0.02265625 0.059375
0 0.68828125 0.2203125 0.01875 0.0578125
0 0.68359375 0.2140625 0.0140625 0.0484375
0 0.6859375 0.1921875 0.0078125 0.009375
0 0.67890625 0.196875 0.01328125 0.03125
0 0.69296875 0.18984375 0.01171875 0.021875
0 0.60703125 0.196875 0.0140625 0.02890625
0 0.5875 0.1984375 0.0109375 0.0203125
0 0.5984375 0.1953125 0.00859375 0.021875
0 0.5921875 0.22734375 0.02578125 0.0703125
0 0.61875 0.23203125 0.025 0.0421875
0 0.6125 0.26640625 0.03828125 0.0828125
0 0.57734375 0.26953125 0.03125 0.0875
0 0.56953125 0.3609375 0.028125 0.125
0 0.553125 0.37421875 0.03359375 0.1734375
0 0.58515625 0.5578125 0.0890625 0.2828125
0 0.52109375 0.4515625 0.078125 0.12734375
0 0.53671875 0.56640625 0.0796875 0.209375
0 0.5359375 0.67578125 0.09453125 0.1921875
0 0.4484375 0.66875 0.04140625 0.1046875
0 0.53828125 0.78203125 0.18046875 0.296875
0 0.39921875 0.81484375 0.21875 0.3703125
0 0.13046875 0.71953125 0.08828125 0.28515625
0 0.234375 0.7359375 0.11796875 0.321875
0 0.18046875 0.61171875 0.0703125 0.18828125
0 0.3359375 0.4921875 0.06484375 0.20859375
0 0.378125 0.4296875 0.0453125 0.1765625
0 0.40234375 0.39921875 0.0375 0.14765625
0 0.453125 0.31171875 0.040625 0.12109375
0 0.50234375 0.2890625 0.0375 0.0828125
0 0.4859375 0.259375 0.02421875 0.0578125
0 0.503125 0.24140625 0.0234375 0.0546875
0 0.5109375 0.2453125 0.0171875 0.06484375
0 0.51171875 0.21875 0.01484375 0.025
0 0.52109375 0.2421875 0.01953125 0.07265625
0 0.5328125 0.225 0.0140625 0.03984375
0 0.5453125 0.23125 0.02109375 0.0546875
0 0.53203125 0.203125 0.01875 0.03125
0 0.5484375 0.2203125 0.0140625 0.0375