0 0.35390625 0.396875 0.04375 0.1125
0 0.38359375 0.40234375 0.03203125 0.084375
0 0.42890625 0.37890625 0.04296875 0.06640625
0 0.47578125 0.39921875 0.04140625 0.1125
0 0.496875 0.3859375 0.02109375 0.04140625
0 0.5171875 0.415625 0.04921875 0.06640625
0 0.56953125 0.403125 0.02890625 0.06796875
0 0.59609375 0.4109375 0.053125 0.09140625
0 0.6265625 0.39765625 0.015625 0.02890625
0 0.65390625 0.39765625 0.046875 0.1125
0 0.67109375 0.40546875 0.03359375 0.071875
0 0.69609375 0.3859375 0.034375 0.05546875
0 0.73515625 0.4390625 0.059375 0.171875
0 0.75546875 0.43828125 0.090625 0.0765625
0 0.80078125 0.44453125 0.05390625 0.0859375
0 0.83515625 0.45859375 0.02734375 0.096875
0 0.8703125 0.4765625 0.04453125 0.1609375
0 0.90859375 0.4453125 0.03828125 0.084375
0 0.93671875 0.48125 0.065625 0.1375
0 0.98125 0.490625 0.0375 0.096875
0 0.9875 0.6265625 0.02265625 0.28359375
0 0.96484375 0.4890625 0.028125 0.03359375
0 0.9609375 0.6390625 0.059375 0.2859375
0 0.91484375 0.65859375 0.06171875 0.26640625
0 0.90546875 0.5421875 0.06484375 0.090625
0 0.83984375 0.66953125 0.05625 0.30546875
0 0.8140625 0.60859375 0.07578125 0.2859375
0 0.78359375 0.484375 0.028125 0.0875
0 0.73671875 0.4828125 0.04375 0.09296875
0 0.76484375 0.53671875 0.046875 0.12890625
0 0.7296875 0.62109375 0.04921875 0.2859375
0 0.75703125 0.70625 0.09609375 0.359375
0 0.68984375 0.4765625 0.05703125 0.121875
0 0.69140625 0.421875 0.05546875 0.09453125
0 0.65 0.5578125 0.05390625 0.240625
0 0.68203125 0.56484375 0.075 0.19609375
0 0.67421875 0.73359375 0.09921875 0.31640625
0 0.61171875 0.66484375 0.05078125 0.2265625
0 0.60234375 0.53046875 0.07890625 0.18359375
0 0.62578125 0.45390625 0.04765625 0.1
0 0.58359375 0.49921875 0.02734375 0.0484375
0 0.58359375 0.46796875 0.078125 0.1
0 0.59921875 0.4265625 0.02890625 0.046875
0 0.54453125 0.434375 0.04765625 0.1015625
0 0.50703125 0.43984375 0.03828125 0.07109375
0 0.57109375 0.496875 0.02578125 0.0734375
0 0.55390625 0.534375 0.05078125 0.0984375
0 0.5328125 0.653125 0.053125 0.246875
0 0.575 0.71640625 0.08359375 0.325
0 0.48984375 0.68671875 0.08203125 0.3265625
0 0.4890625 0.540625 0.084375 0.10546875
0 0.5328125 0.496875 0.034375 0.07109375
0 0.48984375 0.48359375 0.06796875 0.078125
0 0.4671875 0.471875 0.03046875 0.08359375
0 0.44921875 0.5109375 0.05390625 0.09453125
0 0.4234375 0.50625 0.03828125 0.0875
0 0.43984375 0.64609375 0.071875 0.29140625
0 0.40234375 0.696875 0.08203125 0.30390625
0 0.39453125 0.525 0.05 0.146875
0 0.41015625 0.465625 0.096875 0.096875
0 0.45546875 0.4265625 0.05703125 0.0890625
0 0.4234375 0.40546875 0.05078125 0.08046875
0 0.3671875 0.45234375 0.04921875 0.1234375
0 0.36015625 0.5984375 0.04453125 0.25
0 0.33984375 0.5984375 0.05 0.3
0 0.31953125 0.459375 0.03203125 0.053125
0 0.33828125 0.56640625 0.03984375 0.24140625
0 0.309375 0.453125 0.03515625 0.0765625
0 0.3078125 0.68828125 0.07421875 0.27109375
0 0.315625 0.61171875 0.04609375 0.265625
0 0.28828125 0.4171875 0.03203125 0.07890625
0 0.28984375 0.43828125 0.02109375 0.0484375
0 0.26640625 0.4171875 0.02421875 0.04609375
0 0.27734375 0.4421875 0.03046875 0.0625
0 0.26953125 0.521875 0.053125 0.16640625
0 0.27890625 0.48203125 0.01875 0.03359375
0 0.2390625 0.46171875 0.040625 0.0765625
0 0.22578125 0.43984375 0.02734375 0.0515625
0 0.2390625 0.4140625 0.034375 0.03359375
0 0.24921875 0.64921875 0.075 0.3125
0 0.22265625 0.64140625 0.046875 0.2640625
0 0.209375 0.4984375 0.05625 0.13359375
0 0.1875 0.46796875 0.03359375 0.06953125
0 0.2015625 0.428125 0.040625 0.09453125
0 0.17109375 0.4140625 0.02734375 0.0640625
0 0.14609375 0.4578125 0.059375 0.159375
0 0.1640625 0.5171875 0.05546875 0.1265625
0 0.1796875 0.6453125 0.053125 0.2375
0 0.15546875 0.68203125 0.07109375 0.28046875
0 0.103125 0.66328125 0.07890625 0.284375
0 0.06640625 0.6859375 0.07421875 0.30546875
0 0.0234375 0.6859375 0.03828125 0.253125
0 0.0125 0.5390625 0.025 0.1109375
0 0.03203125 0.6328125 0.05234375 0.30703125
0 0.05390625 0.490625 0.04921875 0.11953125
0 0.09140625 0.4984375 0.06171875 0.103125
0 0.10703125 0.478125 0.01796875 0.0359375
0 0.09140625 0.453125 0.04296875 0.0890625
0 0.853125 0.69609375 0.10625 0.40546875
0 0.253125 0.434375 0.01484375 0.01953125
0 0.00625 0.6828125 0.0125 0.265625