0 0.290625 0.58515625 0.1515625 0.5375
0 0.4046875 0.60390625 0.1515625 0.59296875
0 0.47421875 0.5734375 0.0765625 0.4546875
0 0.53125 0.56484375 0.078125 0.3703125
0 0.54609375 0.53828125 0.08046875 0.3328125
0 0.5953125 0.55625 0.07421875 0.36953125
0 0.634375 0.575 0.12265625 0.40859375
0 0.7484375 0.540625 0.08671875 0.38515625
0 0.8359375 0.56015625 0.1703125 0.4734375
0 0.884375 0.56875 0.071875 0.37109375
0 0.815625 0.546875 0.06953125 0.3546875
0 0.01640625 0.35703125 0.01875 0.02109375
0 0.99375 0.5109375 0.0109375 0.0828125