0 0.12109375 0.74296875 0.2421875 0.5109375
0 0.25390625 0.7875 0.0625 0.246875
0 0.2765625 0.7859375 0.0375 0.22890625
0 0.3125 0.7625 0.02109375 0.1203125
0 0.3484375 0.809375 0.10546875 0.31171875
0 0.4078125 0.76953125 0.03828125 0.15234375
0 0.43984375 0.77734375 0.0609375 0.19453125
0 0.4671875 0.734375 0.0171875 0.07265625
0 0.48125 0.72109375 0.0125 0.04296875
0 0.49296875 0.7296875 0.01796875 0.06796875
0 0.52421875 0.7796875 0.07578125 0.2640625
0 0.55078125 0.72109375 0.0125 0.04609375
0 0.57734375 0.72890625 0.0234375 0.0734375
0 0.5890625 0.721875 0.0078125 0.03984375
0 0.6015625 0.74296875 0.02421875 0.09140625
0 0.6078125 0.7203125 0.0125 0.06171875
0 0.6234375 0.7296875 0.0125 0.0515625
0 0.62890625 0.72578125 0.01328125 0.05546875
0 0.64453125 0.74609375 0.0234375 0.09296875
0 0.65390625 0.74296875 0.015625 0.090625
0 0.67421875 0.77578125 0.03984375 0.2140625
0 0.69921875 0.771875 0.04609375 0.19140625
0 0.7359375 0.73125 0.04921875 0.1390625
0 0.80234375 0.7671875 0.03125 0.1171875
0 0.7921875 0.696875 0.0265625 0.0359375
0 0.8 0.71875 0.025 0.0578125
0 0.89140625 0.7765625 0.046875 0.16796875
0 0.7421875 0.89765625 0.1125 0.2046875
0 0.3953125 0.71875 0.01171875 0.01875
0 0.45390625 0.70546875 0.01328125 0.01640625
0 0.5640625 0.72421875 0.0203125 0.05625
0 0.5953125 0.709375 0.00546875 0.01015625
0 0.66171875 0.72734375 0.01171875 0.07734375
0 0.75234375 0.72734375 0.0515625 0.14921875