0 0.909375 0.61875 0.096875 0.35625
0 0.86171875 0.65546875 0.0734375 0.33671875
0 0.875 0.48359375 0.06796875 0.14921875
0 0.96015625 0.53984375 0.05546875 0.2984375
0 0.896875 0.42734375 0.06015625 0.128125
0 0.85234375 0.5125 0.04921875 0.259375
0 0.8109375 0.5515625 0.065625 0.3578125
0 0.93671875 0.38515625 0.0546875 0.121875
0 0.875 0.3765625 0.0453125 0.11015625
0 0.83359375 0.39921875 0.03203125 0.0796875
0 0.78671875 0.41171875 0.0421875 0.10546875
0 0.74609375 0.4265625 0.05 0.11484375
0 0.76953125 0.4890625 0.06484375 0.14765625
0 0.77578125 0.65078125 0.071875 0.3421875
0 0.7234375 0.62109375 0.06796875 0.35859375
0 0.69765625 0.57890625 0.059375 0.32890625
0 0.69765625 0.41796875 0.0515625 0.11484375
0 0.72109375 0.390625 0.04140625 0.11484375
0 0.65625 0.41015625 0.04921875 0.11171875
0 0.659375 0.4875 0.06796875 0.171875
0 0.66328125 0.63046875 0.0640625 0.340625
0 0.634375 0.6578125 0.0828125 0.37421875
0 0.58671875 0.7390625 0.11171875 0.37734375
0 0.57734375 0.590625 0.07421875 0.225
0 0.5828125 0.48359375 0.07109375 0.1765625
0 0.6296875 0.4078125 0.0515625 0.15546875
0 0.59453125 0.40546875 0.0484375 0.1296875
0 0.53828125 0.39609375 0.04296875 0.10390625
0 0.55703125 0.3890625 0.0359375 0.14453125
0 0.54609375 0.46953125 0.05234375 0.14609375
0 0.546875 0.56875 0.040625 0.15703125
0 0.53359375 0.753125 0.06953125 0.24296875
0 0.471875 0.79921875 0.090625 0.27734375
0 0.48125 0.61171875 0.115625 0.31796875
0 0.5078125 0.43671875 0.06171875 0.1671875
0 0.515625 0.35078125 0.0359375 0.09765625
0 0.48359375 0.36953125 0.0390625 0.09921875
0 0.4625 0.40703125 0.046875 0.10859375
0 0.44921875 0.45078125 0.0421875 0.11171875
0 0.4765625 0.48359375 0.02890625 0.06171875
0 0.4484375 0.64140625 0.0640625 0.31953125
0 0.3859375 0.6609375 0.05859375 0.346875
0 0.4203125 0.609375 0.04453125 0.32578125
0 0.4109375 0.46953125 0.06640625 0.14609375
0 0.425 0.40859375 0.03828125 0.11171875
0 0.4 0.403125 0.05 0.134375
0 0.36171875 0.425 0.07109375 0.14140625
0 0.39296875 0.35859375 0.04453125 0.090625
0 0.365625 0.334375 0.0328125 0.06796875
0 0.3421875 0.365625 0.0296875 0.0828125
0 0.328125 0.3890625 0.040625 0.09921875
0 0.309375 0.4171875 0.04609375 0.0859375
0 0.30546875 0.4671875 0.053125 0.128125
0 0.36953125 0.47265625 0.0296875 0.06796875
0 0.34375 0.61171875 0.06953125 0.3421875
0 0.29375 0.6609375 0.07421875 0.37421875
0 0.265625 0.6015625 0.05703125 0.353125
0 0.284375 0.44453125 0.03046875 0.0859375
0 0.284375 0.38046875 0.0453125 0.10703125
0 0.30546875 0.35859375 0.02578125 0.05703125
0 0.2484375 0.58359375 0.071875 0.33203125
0 0.21640625 0.45390625 0.03515625 0.096875
0 0.2421875 0.40859375 0.0515625 0.11484375
0 0.2203125 0.38359375 0.0234375 0.05
0 0.19609375 0.38984375 0.040625 0.0953125
0 0.17421875 0.45390625 0.06640625 0.16015625
0 0.21171875 0.6359375 0.09140625 0.36328125
0 0.15859375 0.6515625 0.06796875 0.353125
0 0.12578125 0.61796875 0.046875 0.3421875
0 0.09765625 0.5765625 0.053125 0.3125
0 0.11171875 0.42421875 0.0703125 0.1265625
0 0.140625 0.40234375 0.05 0.1359375
0 0.06484375 0.53359375 0.06484375 0.29296875
0 0.08515625 0.3921875 0.0453125 0.10234375
0 0.05390625 0.38046875 0.05 0.121875
0 0.0421875 0.40234375 0.040625 0.2234375
0 0.078125 0.34296875 0.03984375 0.0890625
0 0.0140625 0.31484375 0.02265625 0.0875
0 0.0453125 0.271875 0.03984375 0.096875
0 0.134375 0.2515625 0.0359375 0.078125
0 0.1609375 0.27265625 0.0234375 0.06328125
0 0.16328125 0.23828125 0.025 0.06640625
0 0.2203125 0.31015625 0.03671875 0.0765625
0 0.2515625 0.26015625 0.02578125 0.06484375
0 0.26640625 0.29296875 0.02890625 0.090625
0 0.284375 0.3 0.03203125 0.078125
0 0.29296875 0.25625 0.02421875 0.07578125
0 0.33203125 0.24296875 0.02109375 0.0484375
0 0.3515625 0.24765625 0.02734375 0.07265625
0 0.44296875 0.30390625 0.03984375 0.0859375
0 0.48359375 0.25390625 0.034375 0.0859375
0 0.56875 0.3453125 0.0375 0.14453125
0 0.6 0.34765625 0.05 0.10390625
0 0.64140625 0.3 0.0390625 0.10234375
0 0.66796875 0.3015625 0.025 0.09921875
0 0.68828125 0.30859375 0.034375 0.09765625
0 0.71015625 0.3140625 0.0265625 0.11171875
0 0.740625 0.33671875 0.0296875 0.15078125
0 0.81484375 0.32734375 0.04296875 0.11171875
0 0.846875 0.328125 0.03984375 0.14921875
0 0.86640625 0.31640625 0.0421875 0.08125
0 0.85625 0.36171875 0.0359375 0.09375
0 0.9046875 0.3546875 0.0359375 0.11796875
0 0.77890625 0.33828125 0.04453125 0.0859375
0 0.7734375 0.2953125 0.0359375 0.07578125
0 0.75859375 0.28671875 0.0234375 0.09921875
0 0.7234375 0.33984375 0.0359375 0.09765625
0 0.68359375 0.3578125 0.04453125 0.10859375
0 0.6578125 0.3609375 0.04140625 0.0953125
0 0.6234375 0.3 0.025 0.07265625
0 0.6234375 0.26953125 0.0296875 0.07109375
0 0.646875 0.259375 0.03359375 0.06953125
0 0.61328125 0.25078125 0.021875 0.0828125
0 0.64140625 0.21640625 0.01796875 0.0796875
0 0.67109375 0.225 0.01953125 0.07265625
0 0.65859375 0.19296875 0.0203125 0.0515625
0 0.5609375 0.190625 0.0234375 0.05859375
0 0.5421875 0.20625 0.01640625 0.05546875
0 0.4859375 0.18515625 0.0203125 0.04375
0 0.465625 0.1890625 0.021875 0.046875
0 0.45 0.19296875 0.0203125 0.07578125
0 0.45625 0.2625 0.02890625 0.06328125
0 0.4796875 0.2796875 0.025 0.053125
0 0.4671875 0.29453125 0.0390625 0.0765625
0 0.46640625 0.32890625 0.02578125 0.0875
0 0.43515625 0.36640625 0.03984375 0.07578125
0 0.415625 0.340625 0.0296875 0.09921875
0 0.36640625 0.26640625 0.0265625 0.07109375
0 0.34921875 0.28984375 0.040625 0.07578125
0 0.33046875 0.31796875 0.0375 0.10546875
0 0.31015625 0.325 0.04609375 0.09765625
0 0.07109375 0.28359375 0.0203125 0.0390625
0 0.0890625 0.32109375 0.03046875 0.06640625
0 0.1125 0.3328125 0.04296875 0.0921875
0 0.2625 0.35703125 0.03828125 0.0859375
0 0.19765625 0.22578125 0.01796875 0.040625
0 0.21171875 0.2375 0.02265625 0.05
0 0.234375 0.225 0.021875 0.0390625
0 0.23828125 0.27109375 0.034375 0.05859375
0 0.18125 0.303125 0.02890625 0.0875
0 0.1921875 0.28984375 0.028125 0.07265625
0 0.20546875 0.2828125 0.01796875 0.05546875
0 0.221875 0.25234375 0.01953125 0.05
0 0.70859375 0.26796875 0.03046875 0.05546875
0 0.72578125 0.240625 0.0265625 0.06796875
0 0.7296875 0.228125 0.02265625 0.07109375
0 0.7625 0.2390625 0.0265625 0.05859375
0 0.7703125 0.215625 0.01484375 0.0515625
0 0.31484375 0.175 0.0140625 0.0484375
0 0.496875 0.35546875 0.015625 0.03203125
0 0.78515625 0.37421875 0.06640625 0.07265625
0 0.9328125 0.33984375 0.03046875 0.06171875
0 0.79453125 0.31328125 0.0234375 0.06796875
0 0.7953125 0.27109375 0.03671875 0.06171875
0 0.72578125 0.278125 0.02421875 0.02890625
0 0.62734375 0.31953125 0.025 0.0453125
0 0.54921875 0.28359375 0.1234375 0.11796875
0 0.453125 0.33359375 0.0203125 0.06640625
0 0.4078125 0.27890625 0.08359375 0.10546875
0 0.3328125 0.27265625 0.0171875 0.0359375
0 0.34765625 0.3140625 0.0125 0.0328125
0 0.16953125 0.31875 0.209375 0.1703125
0 0.1859375 0.23984375 0.03828125 0.0359375
0 0.546875 0.14375 0.77421875 0.0828125
0 0.02890625 0.17890625 0.0578125 0.06796875