0 0.05 0.621875 0.1 0.62265625
0 0.0703125 0.6046875 0.08515625 0.4921875
0 0.10625 0.57734375 0.090625 0.44609375
0 0.14609375 0.54921875 0.08515625 0.44609375
0 0.21875 0.88125 0.1890625 0.23671875
0 0.20859375 0.825 0.22734375 0.34453125
0 0.51015625 0.878125 0.26640625 0.24375
0 0.60859375 0.82890625 0.140625 0.3421875
0 0.79765625 0.86171875 0.1984375 0.27578125
0 0.93828125 0.85078125 0.1234375 0.2921875
0 0.57578125 0.496875 0.12578125 0.38125
0 0.70625 0.490625 0.09375 0.3515625
0 0.946875 0.41171875 0.0390625 0.26640625
0 0.015625 0.79765625 0.03046875 0.4