0 0.1 0.5640625 0.15703125 0.30234375
0 0.11953125 0.76640625 0.23046875 0.4640625
0 0.3109375 0.55234375 0.1203125 0.21328125
0 0.35625 0.7015625 0.24609375 0.59375
0 0.47109375 0.6875 0.26484375 0.621875
0 0.63046875 0.75859375 0.134375 0.4234375
0 0.6875 0.734375 0.18828125 0.528125
0 0.8390625 0.73203125 0.1390625 0.31484375
0 0.89453125 0.8234375 0.2078125 0.353125
0 0.93515625 0.7171875 0.103125 0.18203125
0 0.95234375 0.57421875 0.09453125 0.31328125
0 0.740625 0.44921875 0.04921875 0.18515625
0 0.73359375 0.44765625 0.03515625 0.18515625
0 0.690625 0.43984375 0.04453125 0.18203125
0 0.6828125 0.4453125 0.02578125 0.15859375
0 0.64140625 0.43671875 0.02734375 0.13828125
0 0.6125 0.4375 0.03515625 0.14921875
0 0.5734375 0.41328125 0.04375 0.14765625
0 0.48828125 0.53671875 0.09765625 0.22890625
0 0.46953125 0.43125 0.07890625 0.16484375
0 0.38125 0.353125 0.0625 0.12890625
0 0.3375 0.375 0.03203125 0.14921875
0 0.30546875 0.33828125 0.040625 0.078125
0 0.31015625 0.3875 0.06015625 0.090625
0 0.31484375 0.43515625 0.06015625 0.13515625
0 0.2625 0.36015625 0.040625 0.10625
0 0.25703125 0.5046875 0.0671875 0.19609375
0 0.21328125 0.41640625 0.025 0.1046875
0 0.19140625 0.434375 0.03203125 0.14296875
0 0.1640625 0.44140625 0.04609375 0.14140625
0 0.05703125 0.40390625 0.034375 0.0890625
0 0.034375 0.41328125 0.04140625 0.0734375
0 0.8984375 0.4703125 0.0703125 0.20234375
0 0.64453125 0.82421875 0.2265625 0.3515625
0 0.7859375 0.4328125 0.03359375 0.13984375
0 0.81015625 0.44609375 0.03984375 0.14453125
0 0.83828125 0.446875 0.028125 0.121875
0 0.86015625 0.44921875 0.03671875 0.16015625
0 0.97109375 0.40078125 0.03984375 0.0609375
0 0.52890625 0.39140625 0.028125 0.0453125
0 0.5515625 0.39375 0.01953125 0.046875
0 0.396875 0.4078125 0.028125 0.05
0 0.4328125 0.40546875 0.01953125 0.0484375
0 0.0734375 0.42734375 0.0375 0.0796875
0 0.10859375 0.4890625 0.059375 0.15234375
0 0.03984375 0.39609375 0.02734375 0.0734375
0 0.1171875 0.37578125 0.015625 0.0296875
0 0.0875 0.18828125 0.02578125 0.19921875
0 0.76015625 0.28828125 0.03671875 0.0375
0 0.13515625 0.540625 0.2703125 0.4078125
0 0.6984375 0.37265625 0.603125 0.09375
0 0.8125 0.7875 0.2234375 0.31015625