0 0.0546875 0.69609375 0.10859375 0.603125
0 0.071875 0.68125 0.0984375 0.6375
0 0.1171875 0.63515625 0.1171875 0.5265625
0 0.19375 0.58046875 0.07265625 0.4359375
0 0.1578125 0.53359375 0.05 0.33046875
0 0.140625 0.5234375 0.0484375 0.3140625
0 0.12109375 0.47734375 0.0296875 0.16953125
0 0.09609375 0.3796875 0.0296875 0.0453125
0 0.23046875 0.459375 0.05859375 0.14453125
0 0.21875 0.3859375 0.0203125 0.0359375
0 0.2625 0.41171875 0.03515625 0.109375
0 0.2828125 0.5421875 0.06875 0.396875
0 0.29140625 0.5375 0.0546875 0.3875
0 0.3515625 0.6921875 0.15625 0.615625
0 0.38828125 0.5203125 0.07109375 0.259375
0 0.5046875 0.684375 0.1671875 0.3421875
0 0.44453125 0.496875 0.06875 0.175
0 0.51953125 0.53671875 0.0734375 0.31796875
0 0.4640625 0.440625 0.0859375 0.2421875
0 0.4171875 0.459375 0.0546875 0.23515625
0 0.3640625 0.4484375 0.0578125 0.1671875
0 0.6265625 0.6859375 0.0890625 0.6125
0 0.5953125 0.596875 0.0578125 0.43828125
0 0.63359375 0.44296875 0.03984375 0.140625
0 0.540625 0.421875 0.0390625 0.15625
0 0.68984375 0.646875 0.0953125 0.5
0 0.83984375 0.67265625 0.3203125 0.65390625
0 0.7734375 0.65859375 0.1421875 0.68203125
0 0.74375 0.4203125 0.05234375 0.12578125
0 0.95625 0.47109375 0.0875 0.20859375
0 0.9359375 0.38984375 0.07265625 0.1109375
0 0.98828125 0.45390625 0.0234375 0.0890625
0 0.98203125 0.42421875 0.0265625 0.0546875
0 0.56796875 0.42421875 0.02109375 0.08046875
0 0.07265625 0.315625 0.1453125 0.1765625
0 0.39296875 0.34140625 0.09609375 0.08046875
0 0.39453125 0.07890625 0.04140625 0.1578125
0 0.56640625 0.10546875 0.1 0.21015625
0 0.56640625 0.34140625 0.10234375 0.0921875
0 0.9875 0.1109375 0.025 0.221875