0 0.7 0.6890625 0.1203125 0.40078125
0 0.53125 0.55390625 0.0484375 0.08984375
0 0.5328125 0.48125 0.04609375 0.14375
0 0.5046875 0.503125 0.02734375 0.15
0 0.4671875 0.51015625 0.04609375 0.1484375
0 0.43984375 0.66171875 0.07421875 0.32578125
0 0.35625 0.496875 0.0328125 0.12109375
0 0.3125 0.47578125 0.034375 0.0625
0 0.31640625 0.46015625 0.0328125 0.04765625
0 0.25234375 0.64921875 0.12734375 0.321875
0 0.3484375 0.7234375 0.1375 0.43203125
0 0.48984375 0.49921875 0.02890625 0.1421875
0 0.3484375 0.68046875 0.0859375 0.3421875
0 0.33984375 0.503125 0.0203125 0.03359375
0 0.30390625 0.521875 0.01875 0.04140625