0 0.06796875 0.8140625 0.09765625 0.27421875
0 0.08359375 0.70703125 0.034375 0.08515625
0 0.159375 0.8140625 0.07890625 0.27109375
0 0.1890625 0.825 0.04453125 0.27109375
0 0.22734375 0.8078125 0.07265625 0.3046875
0 0.29453125 0.80703125 0.08984375 0.29140625
0 0.271875 0.821875 0.03359375 0.2625
0 0.3796875 0.828125 0.04453125 0.2609375
0 0.41171875 0.80078125 0.05546875 0.309375
0 0.49765625 0.81328125 0.07265625 0.28203125
0 0.54765625 0.81015625 0.08203125 0.29140625
0 0.61484375 0.85625 0.04140625 0.16640625
0 0.65 0.815625 0.0375 0.11875
0 0.68984375 0.81015625 0.06171875 0.28515625
0 0.71484375 0.83125 0.04375 0.2421875
0 0.7734375 0.85078125 0.02578125 0.1796875
0 0.81640625 0.81875 0.065625 0.28046875
0 0.83984375 0.72265625 0.05546875 0.16171875
0 0.85078125 0.87265625 0.034375 0.15390625
0 0.88125 0.8546875 0.05390625 0.20546875
0 0.9546875 0.80859375 0.06796875 0.27890625
0 0.9546875 0.81875 0.06796875 0.25625
0 0.0234375 0.8484375 0.046875 0.19375
0 0.11953125 0.89140625 0.03828125 0.1125
0 0.34453125 0.871875 0.07578125 0.14921875
0 0.45 0.84375 0.05234375 0.21484375
0 0.75234375 0.86015625 0.03828125 0.196875
0 0.59453125 0.86953125 0.02578125 0.16640625
0 0.92265625 0.828125 0.02421875 0.2359375
0 0.99140625 0.8234375 0.01484375 0.27109375