0 0.1234375 0.5578125 0.246875 0.79375
0 0.21953125 0.54296875 0.12890625 0.47578125
0 0.35234375 0.5046875 0.10703125 0.38984375
0 0.48359375 0.55703125 0.0765625 0.3640625
0 0.41796875 0.578125 0.1265625 0.5578125
0 0.53828125 0.6484375 0.115625 0.56796875
0 0.65546875 0.46953125 0.04609375 0.22421875
0 0.7484375 0.490625 0.0796875 0.18984375
0 0.8875 0.60390625 0.12890625 0.5609375
0 0.8484375 0.66015625 0.1921875 0.67421875
0 0.69375 0.6796875 0.22109375 0.640625
0 0.48125 0.37109375 0.0546875 0.03359375
0 0.5890625 0.37421875 0.13046875 0.040625
0 0.2671875 0.36796875 0.07421875 0.03515625