0 0.84921875 0.9234375 0.0796875 0.153125
0 0.6828125 0.89765625 0.0796875 0.2046875
0 0.5921875 0.89609375 0.07109375 0.2046875
0 0.46953125 0.89921875 0.1734375 0.2015625
0 0.39375 0.940625 0.0671875 0.11796875
0 0.3921875 0.8875 0.0546875 0.1765625
0 0.5265625 0.90234375 0.0765625 0.1953125
0 0.56484375 0.84609375 0.0375 0.1046875
0 0.421875 0.85703125 0.04140625 0.07890625
0 0.47734375 0.79140625 0.09765625 0.04140625
0 0.5921875 0.78671875 0.02890625 0.02421875
0 0.5359375 0.8234375 0.01484375 0.0453125