0 0.5375 0.7015625 0.0375 0.11328125
0 0.5484375 0.65625 0.015625 0.03671875
0 0.55625 0.67421875 0.015625 0.0859375
0 0.575 0.678125 0.01484375 0.0765625
0 0.6015625 0.68203125 0.01953125 0.09375
0 0.6296875 0.6734375 0.02265625 0.0921875
0 0.64296875 0.66953125 0.01875 0.08828125
0 0.6703125 0.67265625 0.0265625 0.0921875
0 0.6921875 0.66015625 0.021875 0.06484375
0 0.71328125 0.665625 0.0265625 0.0796875
0 0.79296875 0.64375 0.0171875 0.040625
0 0.95390625 0.70546875 0.03125 0.10703125
0 0.98515625 0.69921875 0.025 0.09921875
0 0.278125 0.65703125 0.01640625 0.06875
0 0.31484375 0.6625 0.01875 0.0796875
0 0.3109375 0.6640625 0.01484375 0.07265625
0 0.321875 0.6578125 0.01640625 0.0765625
0 0.3296875 0.6609375 0.015625 0.071875
0 0.34296875 0.66640625 0.0203125 0.06796875
0 0.36640625 0.65703125 0.0140625 0.06640625
0 0.3734375 0.65546875 0.0125 0.05625
0 0.38203125 0.6515625 0.01484375 0.040625
0 0.3921875 0.646875 0.0125 0.04140625
0 0.4 0.64140625 0.0109375 0.0296875
0 0.40625 0.640625 0.009375 0.01796875
0 0.41328125 0.63828125 0.01484375 0.01328125
0 0.63671875 0.73671875 0.1625 0.06015625