0 0.97734375 0.740625 0.0453125 0.34765625
0 0.88828125 0.6828125 0.0359375 0.14765625
0 0.85703125 0.67734375 0.03203125 0.15
0 0.8390625 0.67265625 0.03828125 0.15703125
0 0.9265625 0.66484375 0.0375 0.140625
0 0.79453125 0.675 0.03359375 0.14375
0 0.7375 0.7109375 0.065625 0.27578125
0 0.65625 0.71640625 0.075 0.27734375
0 0.60234375 0.7609375 0.1078125 0.30390625
0 0.57890625 0.66796875 0.059375 0.1125
0 0.4828125 0.728125 0.04609375 0.20390625
0 0.428125 0.7390625 0.0953125 0.34296875
0 0.30859375 0.778125 0.078125 0.4078125
0 0.38984375 0.83828125 0.1046875 0.321875
0 0.18515625 0.884375 0.13359375 0.23046875
0 0.25625 0.8078125 0.13984375 0.384375
0 0.17890625 0.715625 0.09765625 0.2296875
0 0.02890625 0.7171875 0.0578125 0.1984375
0 0.9671875 0.6140625 0.015625 0.0375
0 0.94765625 0.63828125 0.0171875 0.04921875
0 0.95078125 0.61953125 0.021875 0.0375
0 0.91171875 0.640625 0.01875 0.06640625
0 0.89453125 0.6625 0.021875 0.13046875
0 0.90625 0.6421875 0.015625 0.0890625
0 0.86796875 0.61640625 0.01796875 0.04375
0 0.70390625 0.675 0.01875 0.13984375
0 0.690625 0.6765625 0.02265625 0.121875
0 0.53046875 0.665625 0.0265625 0.0890625
0 0.5140625 0.66015625 0.0171875 0.071875
0 0.4640625 0.64765625 0.0140625 0.04296875
0 0.378125 0.6375 0.0203125 0.03984375
0 0.07578125 0.696875 0.028125 0.13359375
0 0.1 0.7078125 0.0390625 0.16796875
0 0.44453125 0.92421875 0.1234375 0.15078125
0 0.95390625 0.61796875 0.0140625 0.0328125
0 0.81875 0.67890625 0.03671875 0.13125
0 0.76796875 0.61796875 0.04609375 0.03984375
0 0.69453125 0.63828125 0.01171875 0.0515625
0 0.6140625 0.6421875 0.0265625 0.0421875
0 0.49453125 0.628125 0.0171875 0.03203125
0 0.3453125 0.64609375 0.05078125 0.09765625
0 0.246875 0.64375 0.08046875 0.05078125
0 0.140625 0.6734375 0.05234375 0.09296875
0 0.0390625 0.71328125 0.028125 0.1765625
0 0.8515625 0.60625 0.0125 0.01953125