0 0.16796875 0.47890625 0.28046875 0.9296875
0 0.328125 0.509375 0.14921875 0.58359375
0 0.40703125 0.52265625 0.0671875 0.37734375
0 0.47421875 0.41015625 0.153125 0.403125
0 0.453125 0.4984375 0.0375 0.24453125
0 0.4828125 0.746875 0.203125 0.43359375
0 0.6640625 0.4734375 0.16015625 0.60625
0 0.678125 0.4890625 0.1109375 0.49296875
0 0.6015625 0.54375 0.03359375 0.14765625
0 0.76015625 0.4875 0.090625 0.321875
0 0.30234375 0.54296875 0.053125 0.20703125
0 0.7265625 0.91640625 0.21015625 0.1640625