0 0.06796875 0.68359375 0.04609375 0.296875
0 0.13984375 0.66328125 0.02421875 0.18515625
0 0.1578125 0.66484375 0.0203125 0.1765625
0 0.19609375 0.66015625 0.02734375 0.1796875
0 0.21875 0.68359375 0.02578125 0.20859375
0 0.30078125 0.6984375 0.02890625 0.1734375
0 0.321875 0.71640625 0.02734375 0.303125
0 0.33046875 0.7515625 0.04765625 0.3734375
0 0.35390625 0.71796875 0.0359375 0.3234375
0 0.3609375 0.5984375 0.01640625 0.05
0 0.3734375 0.73984375 0.07109375 0.43828125
0 0.4015625 0.71171875 0.01953125 0.28203125
0 0.4625 0.78046875 0.053125 0.4390625
0 0.54921875 0.7296875 0.10078125 0.53515625
0 0.6 0.74140625 0.0734375 0.51171875
0 0.44609375 0.61171875 0.0171875 0.0703125
0 0.42578125 0.625 0.02578125 0.0796875
0 0.41796875 0.61640625 0.0171875 0.09140625
0 0.303125 0.69140625 0.02265625 0.16484375
0 0.265625 0.64296875 0.015625 0.096875
0 0.253125 0.63671875 0.0140625 0.096875
0 0.24765625 0.6296875 0.00703125 0.05859375
0 0.23671875 0.65 0.01640625 0.10625
0 0.18046875 0.6515625 0.02421875 0.1265625
0 0.1671875 0.6546875 0.0125 0.14375
0 0.0953125 0.6203125 0.0171875 0.08828125
0 0.03984375 0.6265625 0.0203125 0.053125
0 0.02421875 0.61171875 0.0140625 0.08828125
0 0.834375 0.6953125 0.33125 0.496875
0 0.53046875 0.56796875 0.0140625 0.053125
0 0.290625 0.60859375 0.03984375 0.046875
0 0.28046875 0.6453125 0.01953125 0.03203125
0 0.2390625 0.61015625 0.015625 0.05
0 0.2421875 0.65859375 0.00703125 0.046875
0 0.22890625 0.63125 0.0078125 0.09140625
0 0.1875 0.646875 0.01875 0.1234375
0 0.209375 0.64140625 0.0109375 0.1296875
0 0.1296875 0.60625 0.02265625 0.10625
0 0.0546875 0.58125 0.0296875 0.05625