0 0.07890625 0.5609375 0.1578125 0.87421875
0 0.215625 0.39296875 0.15625 0.46796875
0 0.31953125 0.39375 0.09921875 0.36484375
0 0.37734375 0.390625 0.13046875 0.509375
0 0.51328125 0.34921875 0.1625 0.5234375
0 0.634375 0.38984375 0.12890625 0.36484375
0 0.7125 0.37421875 0.115625 0.51484375
0 0.79765625 0.40546875 0.14921875 0.55703125
0 0.92890625 0.46015625 0.14140625 0.66171875
0 0.27734375 0.71953125 0.33203125 0.55703125
0 0.35390625 0.58515625 0.15546875 0.375
0 0.50234375 0.546875 0.15546875 0.3015625
0 0.66328125 0.53125 0.16484375 0.3296875
0 0.84375 0.5765625 0.165625 0.3859375
0 0.27578125 0.25546875 0.05390625 0.15546875
0 0.33984375 0.25078125 0.0375 0.06796875
0 0.096875 0.2703125 0.1125 0.09765625