0 0.9640625 0.721875 0.01328125 0.0734375
0 0.95625 0.7234375 0.01484375 0.06953125
0 0.940625 0.72265625 0.0140625 0.07109375
0 0.9328125 0.721875 0.01640625 0.06640625
0 0.9171875 0.725 0.015625 0.0640625
0 0.9078125 0.7234375 0.01796875 0.06640625
0 0.88984375 0.7265625 0.0140625 0.06953125
0 0.871875 0.72734375 0.01875 0.065625
0 0.8546875 0.7328125 0.01328125 0.06796875
0 0.8484375 0.734375 0.01640625 0.06640625
0 0.834375 0.70390625 0.01640625 0.03359375
0 0.8 0.72734375 0.01484375 0.06796875
0 0.81875 0.78671875 0.03984375 0.18203125
0 0.771875 0.7796875 0.0375 0.17890625
0 0.7515625 0.734375 0.015625 0.0859375
0 0.7453125 0.734375 0.01640625 0.07890625
0 0.7046875 0.72421875 0.01953125 0.0625
0 0.703125 0.7265625 0.01171875 0.0609375
0 0.6125 0.728125 0.0234375 0.075
0 0.53125 0.73984375 0.015625 0.1015625
0 0.5046875 0.7453125 0.01796875 0.09296875
0 0.49921875 0.74296875 0.0203125 0.09140625
0 0.5109375 0.746875 0.02578125 0.10546875
0 0.4609375 0.7171875 0.0140625 0.04609375
0 0.4640625 0.77578125 0.03828125 0.159375
0 0.359375 0.74453125 0.02421875 0.121875
0 0.3359375 0.72265625 0.0109375 0.07109375
0 0.33359375 0.7265625 0.015625 0.0640625
0 0.2640625 0.715625 0.01171875 0.053125
0 0.2703125 0.721875 0.0140625 0.065625
0 0.29375 0.815625 0.040625 0.19140625
0 0.284375 0.79375 0.0453125 0.20390625
0 0.246875 0.815625 0.04609375 0.203125
0 0.19375 0.7015625 0.0109375 0.028125
0 0.190625 0.7484375 0.0328125 0.10859375
0 0.17578125 0.74765625 0.0390625 0.1265625
0 0.140625 0.82109375 0.05390625 0.2390625
0 0.0859375 0.82109375 0.05546875 0.25859375
0 0.0328125 0.69375 0.03046875 0.015625
0 0.28515625 0.6984375 0.0125 0.01640625
0 0.4140625 0.665625 0.01953125 0.021875
0 0.525 0.61484375 0.025 0.04296875
0 0.5703125 0.62109375 0.01875 0.0390625
0 0.92734375 0.72265625 0.009375 0.059375
0 0.9578125 0.72421875 0.00859375 0.059375
0 0.9375 0.7234375 0.00546875 0.05859375
0 0.91328125 0.7265625 0.00625 0.053125