0 0.6625 0.72265625 0.08984375 0.18828125
0 0.6078125 0.7234375 0.13125 0.21484375
0 0.5015625 0.66796875 0.04609375 0.06640625
0 0.4796875 0.6609375 0.0296875 0.0609375
0 0.44453125 0.63984375 0.03984375 0.0421875
0 0.44921875 0.63671875 0.0296875 0.04453125
0 0.3796875 0.63125 0.0265625 0.02734375
0 0.365625 0.6296875 0.0328125 0.021875
0 0.3625 0.69921875 0.07734375 0.134375
0 0.340625 0.7609375 0.06796875 0.1140625
0 0.43203125 0.7234375 0.08671875 0.175
0 0.121875 0.6765625 0.10078125 0.0859375
0 0.11796875 0.78046875 0.14375 0.2703125
0 0.39921875 0.678125 0.03984375 0.09921875
0 0.5 0.62265625 0.08359375 0.021875
0 0.31953125 0.63125 0.05859375 0.0234375
0 0.40546875 0.628125 0.04921875 0.03125