0 0.0734375 0.98515625 0.040625 0.0296875
0 0.053125 0.9390625 0.07265625 0.11875
0 0.2109375 0.91171875 0.421875 0.1765625
0 0.08046875 0.81171875 0.0859375 0.11875
0 0.19296875 0.9234375 0.0703125 0.153125
0 0.315625 0.8625 0.0484375 0.271875
0 0.4203125 0.865625 0.0703125 0.2625
0 0.48125 0.84140625 0.06171875 0.3
0 0.20703125 0.8609375 0.05625 0.26328125
0 0.1765625 0.775 0.0359375 0.08359375
0 0.21015625 0.703125 0.03203125 0.12890625
0 0.259375 0.853125 0.05234375 0.2921875
0 0.278125 0.7359375 0.040625 0.153125
0 0.28671875 0.71640625 0.0296875 0.1609375
0 0.3296875 0.740625 0.0359375 0.12578125
0 0.315625 0.71171875 0.01953125 0.065625
0 0.3203125 0.68671875 0.0328125 0.1
0 0.29375 0.58828125 0.01171875 0.03671875
0 0.2921875 0.5640625 0.01171875 0.03671875
0 0.3125 0.61328125 0.0234375 0.0421875
0 0.32578125 0.59140625 0.01796875 0.0296875
0 0.35859375 0.5875 0.01640625 0.03984375
0 0.3640625 0.5859375 0.0171875 0.0390625
0 0.32578125 0.5625 0.009375 0.0359375
0 0.3328125 0.57109375 0.0109375 0.05078125
0 0.340625 0.57265625 0.0109375 0.04765625
0 0.3453125 0.56171875 0.0109375 0.0453125
0 0.33515625 0.5703125 0.0078125 0.04296875
0 0.3828125 0.62421875 0.0203125 0.06015625
0 0.36640625 0.62578125 0.02265625 0.053125
0 0.3359375 0.62890625 0.01796875 0.05078125
0 0.3671875 0.653125 0.02578125 0.10546875
0 0.35078125 0.6515625 0.01796875 0.10078125
0 0.33125 0.6546875 0.0265625 0.10078125
0 0.37421875 0.740625 0.0296875 0.17421875
0 0.36171875 0.753125 0.0140625 0.09765625
0 0.39453125 0.7515625 0.0375 0.196875
0 0.4140625 0.7390625 0.03828125 0.10703125
0 0.4390625 0.75859375 0.0390625 0.1796875
0 0.52421875 0.8140625 0.0578125 0.25546875
0 0.475 0.7109375 0.0390625 0.09921875
0 0.50546875 0.703125 0.0296875 0.11328125
0 0.409375 0.59140625 0.0109375 0.02578125
0 0.42109375 0.5890625 0.01015625 0.03203125
0 0.44375 0.5796875 0.0109375 0.0234375
0 0.45703125 0.58515625 0.01171875 0.04140625
0 0.475 0.5875 0.01171875 0.0296875
0 0.4296875 0.621875 0.021875 0.0625
0 0.44375 0.62578125 0.021875 0.07890625
0 0.44921875 0.61796875 0.015625 0.0546875
0 0.48359375 0.6390625 0.01953125 0.1
0 0.46484375 0.63359375 0.0234375 0.1109375
0 0.509375 0.63984375 0.01171875 0.07578125
0 0.515625 0.646875 0.0234375 0.09296875
0 0.53671875 0.653125 0.0265625 0.10546875
0 0.54375 0.6203125 0.015625 0.04765625
0 0.55234375 0.628125 0.01953125 0.07578125
0 0.56484375 0.64296875 0.021875 0.0953125
0 0.57578125 0.63671875 0.01796875 0.08671875
0 0.5953125 0.64765625 0.0203125 0.10703125
0 0.61328125 0.6546875 0.0171875 0.1109375
0 0.553125 0.728125 0.0453125 0.18671875
0 0.590625 0.70234375 0.0390625 0.115625
0 0.57421875 0.81796875 0.046875 0.2421875
0 0.640625 0.92265625 0.0984375 0.15234375
0 0.61796875 0.85078125 0.07421875 0.2046875
0 0.62578125 0.7140625 0.03671875 0.16640625
0 0.64609375 0.6890625 0.02421875 0.1390625
0 0.653125 0.6796875 0.021875 0.14453125
0 0.62265625 0.6140625 0.0140625 0.04765625
0 0.609375 0.64921875 0.0109375 0.1203125
0 0.615625 0.63125 0.0125 0.08203125
0 0.5609375 0.59140625 0.0140625 0.03203125
0 0.57734375 0.58203125 0.01015625 0.015625
0 0.640625 0.62578125 0.0125 0.04453125
0 0.6546875 0.64140625 0.0171875 0.10546875
0 0.66171875 0.64453125 0.0203125 0.1046875
0 0.6984375 0.6515625 0.02734375 0.09921875
0 0.7015625 0.64921875 0.0171875 0.10234375
0 0.73671875 0.834375 0.04765625 0.2625
0 0.725 0.71953125 0.03125 0.1125
0 0.76953125 0.7359375 0.040625 0.16015625
0 0.7921875 0.7375 0.04296875 0.16015625
0 0.75390625 0.66328125 0.025 0.11328125
0 0.76875 0.896875 0.0578125 0.15078125
0 0.84609375 0.878125 0.0890625 0.2421875
0 0.92421875 0.903125 0.08046875 0.1921875
0 0.94375 0.83046875 0.05390625 0.24765625
0 0.8640625 0.79765625 0.040625 0.1640625
0 0.90078125 0.83203125 0.0546875 0.25703125
0 0.94296875 0.83203125 0.0453125 0.24296875
0 0.69296875 0.5875 0.028125 0.02578125
0 0.68125 0.5859375 0.01796875 0.0296875
0 0.72265625 0.6265625 0.0203125 0.0578125
0 0.653125 0.5671875 0.0109375 0.0453125
0 0.596875 0.571875 0.0140625 0.05546875
0 0.5859375 0.5765625 0.01171875 0.05078125
0 0.55546875 0.56875 0.01171875 0.04921875
0 0.54765625 0.5703125 0.01015625 0.04921875
0 0.53671875 0.57109375 0.0078125 0.046875
0 0.53046875 0.559375 0.00859375 0.03671875
0 0.50703125 0.565625 0.00859375 0.03984375
0 0.51796875 0.565625 0.0109375 0.0359375
0 0.525 0.56171875 0.00859375 0.0296875
0 0.4921875 0.5609375 0.01328125 0.03984375
0 0.5015625 0.5640625 0.01015625 0.04296875
0 0.428125 0.565625 0.0109375 0.05546875
0 0.4375 0.5609375 0.0109375 0.0453125
0 0.4203125 0.56015625 0.00859375 0.03984375
0 0.58125 0.55859375 0.0109375 0.0375
0 0.6265625 0.56875 0.009375 0.03984375
0 0.63671875 0.5609375 0.0078125 0.03671875
0 0.5078125 0.6953125 0.984375 0.60859375