0 0.1125 0.409375 0.06875 0.15234375
0 0.19140625 0.39296875 0.0484375 0.08984375
0 0.24296875 0.40703125 0.0609375 0.09765625
0 0.290625 0.40390625 0.059375 0.10390625
0 0.3734375 0.403125 0.04375 0.07265625
0 0.43984375 0.41640625 0.0453125 0.10390625
0 0.4984375 0.43828125 0.0625 0.12265625
0 0.56171875 0.43203125 0.0390625 0.09765625
0 0.6390625 0.41875 0.075 0.12890625
0 0.7328125 0.43515625 0.04375 0.07890625
0 0.80390625 0.425 0.0390625 0.0625
0 0.8578125 0.43828125 0.0625 0.10234375
0 0.92578125 0.44921875 0.0453125 0.10234375
0 0.1546875 0.44921875 0.0625 0.15234375
0 0.21015625 0.453125 0.0484375 0.09765625
0 0.29453125 0.45078125 0.0390625 0.08515625
0 0.33203125 0.45 0.0390625 0.07109375
0 0.41796875 0.446875 0.0359375 0.08125
0 0.45 0.53203125 0.05 0.20625
0 0.48203125 0.49140625 0.0421875 0.13359375
0 0.5359375 0.48984375 0.046875 0.12890625
0 0.57109375 0.50390625 0.0640625 0.1375
0 0.5890625 0.46484375 0.0375 0.09140625
0 0.6171875 0.475 0.05625 0.10390625
0 0.65390625 0.48125 0.0515625 0.09140625
0 0.7046875 0.509375 0.053125 0.14375
0 0.7625 0.52421875 0.05625 0.15625
0 0.803125 0.56328125 0.05 0.25234375
0 0.8453125 0.55 0.05625 0.22890625
0 0.89921875 0.50546875 0.0640625 0.14765625
0 0.95546875 0.54765625 0.0640625 0.22109375
0 0.0296875 0.57890625 0.059375 0.32109375
0 0.0890625 0.65703125 0.084375 0.20625
0 0.16015625 0.646875 0.0734375 0.20625
0 0.2125 0.640625 0.065625 0.18984375
0 0.2609375 0.63359375 0.071875 0.20390625
0 0.31015625 0.63515625 0.0734375 0.1875
0 0.36796875 0.63515625 0.0765625 0.18359375
0 0.409375 0.63203125 0.059375 0.17734375
0 0.4640625 0.63984375 0.065625 0.16640625
0 0.52578125 0.64921875 0.0671875 0.16875
0 0.590625 0.65546875 0.06875 0.15625
0 0.65 0.65625 0.06875 0.16640625
0 0.7046875 0.66171875 0.065625 0.14375
0 0.7796875 0.66875 0.075 0.16640625
0 0.859375 0.675 0.09375 0.15
0 0.909375 0.66953125 0.053125 0.16015625
0 0.95390625 0.67421875 0.0890625 0.15234375
0 0.8984375 0.63046875 0.0625 0.21875
0 0.75 0.62578125 0.053125 0.14765625
0 0.703125 0.58828125 0.053125 0.14375
0 0.6515625 0.58359375 0.0625 0.14140625
0 0.60546875 0.58359375 0.0609375 0.1375
0 0.55546875 0.615625 0.0421875 0.18515625
0 0.49296875 0.60859375 0.0671875 0.18359375
0 0.33125 0.425 0.034375 0.07109375
0 0.25234375 0.45 0.0265625 0.06640625
0 0.35625 0.51640625 0.053125 0.1875
0 0.3921875 0.50078125 0.05 0.15625
0 0.4984375 0.47734375 0.034375 0.08359375
0 0.65859375 0.49140625 0.0453125 0.12109375
0 0.7296875 0.51875 0.03125 0.1625
0 0.7765625 0.459375 0.03125 0.06484375
0 0.82265625 0.475 0.0328125 0.06640625
0 0.8765625 0.509375 0.040625 0.14765625
0 0.62109375 0.525 0.0453125 0.09609375
0 0.51640625 0.53828125 0.0328125 0.08125
0 0.484375 0.49453125 0.04375 0.13515625
0 0.3140625 0.50390625 0.053125 0.15
0 0.11015625 0.534375 0.0734375 0.23515625
0 0.178125 0.51953125 0.078125 0.18125
0 0.24375 0.5 0.071875 0.14609375
0 0.27421875 0.52265625 0.0515625 0.17890625
0 0.38359375 0.45546875 0.0265625 0.05625
0 0.39140625 0.4125 0.0296875 0.04140625