0 0.09765625 0.58046875 0.12265625 0.49765625
0 0.1484375 0.5390625 0.078125 0.453125
0 0.19375 0.540625 0.06171875 0.39453125
0 0.20703125 0.4578125 0.0765625 0.29609375
0 0.25234375 0.6265625 0.10625 0.2578125
0 0.3171875 0.609375 0.08359375 0.246875
0 0.39921875 0.625 0.11171875 0.22890625
0 0.434375 0.575 0.090625 0.24140625
0 0.50234375 0.578125 0.08828125 0.2578125
0 0.56328125 0.5953125 0.0828125 0.25546875
0 0.63984375 0.6046875 0.09765625 0.234375
0 0.69375 0.5234375 0.0765625 0.37265625
0 0.7484375 0.49296875 0.18828125 0.4078125
0 0.80390625 0.51328125 0.115625 0.44609375
0 0.63671875 0.44375 0.0703125 0.21953125
0 0.58671875 0.51484375 0.07265625 0.3421875
0 0.60703125 0.36328125 0.034375 0.0890625
0 0.528125 0.43828125 0.07109375 0.1703125
0 0.55390625 0.359375 0.04921875 0.09921875
0 0.4921875 0.35078125 0.0515625 0.12578125
0 0.45 0.346875 0.1546875 0.1078125
0 0.3984375 0.34375 0.05546875 0.08984375
0 0.24609375 0.40625 0.05078125 0.203125
0 0.27734375 0.50625 0.06484375 0.27578125
0 0.3296875 0.50078125 0.06328125 0.234375
0 0.29609375 0.3328125 0.15234375 0.0875
0 0.30234375 0.384375 0.04609375 0.11015625
0 0.3203125 0.34609375 0.034375 0.078125
0 0.3421875 0.375 0.06640625 0.1203125
0 0.390625 0.39140625 0.07109375 0.1203125
0 0.3796875 0.4859375 0.05625 0.175
0 0.43125 0.45546875 0.08203125 0.13359375
0 0.453125 0.3984375 0.0390625 0.10390625
0 0.47890625 0.4453125 0.05078125 0.16484375