0 0.0203125 0.56484375 0.0296875 0.140625
0 0.1796875 0.57734375 0.028125 0.13828125
0 0.20546875 0.58515625 0.040625 0.17421875
0 0.24140625 0.5734375 0.03046875 0.1421875
0 0.3109375 0.68671875 0.10703125 0.5234375
0 0.3828125 0.6625 0.0953125 0.54296875
0 0.4484375 0.64921875 0.1421875 0.57890625
0 0.53515625 0.63828125 0.0828125 0.44375
0 0.609375 0.65625 0.103125 0.53828125
0 0.69453125 0.7484375 0.03359375 0.13125
0 0.690625 0.721875 0.0234375 0.12265625
0 0.71328125 0.70546875 0.03828125 0.13359375
0 0.7125 0.68125 0.0234375 0.1296875
0 0.7703125 0.5390625 0.20625 0.58671875
0 0.86875 0.73203125 0.028125 0.1734375
0 0.88984375 0.74140625 0.025 0.11796875
0 0.9125 0.73515625 0.03046875 0.1328125
0 0.95859375 0.73984375 0.02890625 0.1234375
0 0.97890625 0.72421875 0.040625 0.19765625
0 0.22265625 0.603125 0.01953125 0.07421875
0 0.190625 0.60625 0.01171875 0.04375
0 0.26015625 0.596875 0.02265625 0.04609375
0 0.77890625 0.746875 0.04296875 0.125
0 0.88359375 0.678125 0.025 0.02421875
0 0.88046875 0.76953125 0.01484375 0.05
0 0.5015625 0.603125 0.0265625 0.07421875