0 0.875 0.621875 0.153125 0.7171875
0 0.771875 0.65234375 0.14140625 0.6875
0 0.71640625 0.5921875 0.084375 0.66171875
0 0.64140625 0.62109375 0.1484375 0.69375
0 0.6 0.396875 0.0796875 0.26328125
0 0.64140625 0.74921875 0.2484375 0.496875
0 0.534375 0.54296875 0.10859375 0.665625
0 0.41953125 0.75234375 0.20390625 0.490625
0 0.46796875 0.62734375 0.14140625 0.68515625
0 0.35390625 0.63515625 0.1140625 0.67421875
0 0.415625 0.4484375 0.0828125 0.39609375
0 0.22890625 0.628125 0.1625 0.72578125
0 0.28671875 0.5609375 0.1359375 0.68125
0 0.13671875 0.57734375 0.12734375 0.7