0 0.03671875 0.87265625 0.0734375 0.21484375
0 0.12734375 0.83828125 0.02890625 0.140625
0 0.16796875 0.84375 0.0875 0.190625
0 0.27421875 0.8734375 0.11328125 0.25234375
0 0.20703125 0.871875 0.12421875 0.2359375
0 0.33203125 0.875 0.1046875 0.24921875
0 0.30234375 0.76640625 0.0390625 0.05546875
0 0.4125 0.8734375 0.11015625 0.2515625
0 0.484375 0.8140625 0.0484375 0.0890625
0 0.54921875 0.890625 0.11484375 0.21875
0 0.5296875 0.80390625 0.05078125 0.059375
0 0.60859375 0.78828125 0.059375 0.07890625
0 0.634375 0.88671875 0.09375 0.22578125
0 0.71640625 0.884375 0.09453125 0.23046875
0 0.796875 0.8765625 0.09765625 0.24609375
0 0.86328125 0.871875 0.0921875 0.209375
0 0.928125 0.89140625 0.1421875 0.20703125
0 0.96953125 0.83515625 0.0296875 0.0734375
0 0.00859375 0.78515625 0.01484375 0.0203125
0 0.21875 0.77421875 0.03125 0.02734375
0 0.44609375 0.78125 0.0359375 0.028125