0 0.13515625 0.94921875 0.02734375 0.09765625
0 0.121875 0.9546875 0.01640625 0.08984375
0 0.1453125 0.9546875 0.0203125 0.08984375
0 0.2484375 0.940625 0.03125 0.1140625
0 0.275 0.93828125 0.025 0.10859375
0 0.3421875 0.93359375 0.03125 0.10703125
0 0.35546875 0.93125 0.02890625 0.1140625
0 0.38359375 0.928125 0.03515625 0.1109375
0 0.40625 0.93125 0.0375 0.09921875
0 0.43203125 0.93359375 0.02890625 0.09921875
0 0.43671875 0.934375 0.02890625 0.1015625
0 0.4703125 0.9265625 0.03125 0.1015625
0 0.48671875 0.925 0.0265625 0.1015625
0 0.49140625 0.928125 0.0375 0.09921875
0 0.5234375 0.9234375 0.0203125 0.09375
0 0.53203125 0.92578125 0.03125 0.11796875
0 0.54609375 0.9015625 0.0171875 0.09921875
0 0.56640625 0.9203125 0.02265625 0.0953125
0 0.5765625 0.896875 0.02109375 0.09375
0 0.61796875 0.9203125 0.03125 0.0921875
0 0.6421875 0.93125 0.01640625 0.0390625
0 0.65859375 0.91640625 0.0296875 0.0953125
0 0.6765625 0.9171875 0.02890625 0.08984375
0 0.7265625 0.9078125 0.02890625 0.1046875
0 0.7640625 0.90625 0.02734375 0.1125
0 0.81796875 0.92109375 0.01875 0.07109375
0 0.83046875 0.91875 0.0265625 0.0765625
0 0.8828125 0.92578125 0.0140625 0.0578125
0 0.89296875 0.9109375 0.0265625 0.0921875
0 0.9265625 0.9140625 0.0234375 0.08984375
0 0.93203125 0.90703125 0.03359375 0.09921875
0 0.96328125 0.9109375 0.0234375 0.08046875
0 0.5515625 0.91484375 0.0109375 0.09921875
0 0.7109375 0.928125 0.01484375 0.05078125
0 0.75 0.9265625 0.0125 0.04140625
0 0.9109375 0.92578125 0.0171875 0.0546875
0 0.9703125 0.9140625 0.0578125 0.07890625
0 0.0125 0.9546875 0.025 0.08984375