0 0.05 0.8875 0.1 0.22109375
0 0.1265625 0.8171875 0.0859375 0.12578125
0 0.22578125 0.88828125 0.1765625 0.21875
0 0.3203125 0.8203125 0.09765625 0.11640625
0 0.4046875 0.79609375 0.0828125 0.1234375
0 0.55234375 0.778125 0.07734375 0.084375
0 0.6640625 0.809375 0.1234375 0.13828125
0 0.8171875 0.8078125 0.1125 0.14453125
0 0.7875 0.77734375 0.0328125 0.08203125
0 0.6640625 0.8078125 0.12109375 0.140625
0 0.96953125 0.88515625 0.0609375 0.2203125
0 0.93046875 0.81015625 0.06875 0.14765625
0 0.5875 0.89609375 0.0953125 0.2078125
0 0.42734375 0.63984375 0.11484375 0.12890625
0 0.4984375 0.56796875 0.1 0.11796875
0 0.33828125 0.771875 0.0609375 0.07109375
0 0.89609375 0.91796875 0.15234375 0.15703125
0 0.98515625 0.621875 0.0296875 0.10859375
0 0.4890625 0.915625 0.1359375 0.16875