0 0.85546875 0.60390625 0.0578125 0.4328125
0 0.815625 0.609375 0.0703125 0.43828125
0 0.74375 0.60625 0.0703125 0.44140625
0 0.6671875 0.5890625 0.0703125 0.47890625
0 0.61015625 0.6015625 0.09296875 0.4640625
0 0.59375 0.6015625 0.059375 0.4359375
0 0.4921875 0.58671875 0.096875 0.5109375
0 0.54921875 0.61953125 0.046875 0.4109375
0 0.421875 0.61875 0.078125 0.45859375
0 0.31171875 0.6046875 0.1015625 0.4921875
0 0.27109375 0.60625 0.078125 0.47890625
0 0.19453125 0.6125 0.09453125 0.459375
0 0.15390625 0.6 0.0953125 0.45
0 0.04921875 0.59921875 0.0984375 0.47265625
0 0.98359375 0.65390625 0.03203125 0.15703125
0 0.95390625 0.6484375 0.05 0.1671875
0 0.90546875 0.65703125 0.05234375 0.15078125
0 0.91796875 0.609375 0.0359375 0.128125
0 0.94140625 0.5546875 0.04140625 0.0828125
0 0.98046875 0.5046875 0.0375 0.12890625
0 0.94296875 0.47890625 0.0359375 0.09140625
0 0.90703125 0.471875 0.02890625 0.06015625
0 0.8859375 0.4609375 0.03046875 0.0578125
0 0.88984375 0.4859375 0.03046875 0.0625
0 0.91953125 0.503125 0.028125 0.07734375
0 0.9390625 0.51328125 0.0328125 0.06875
0 0.89375 0.58046875 0.03515625 0.12578125
0 0.78828125 0.48046875 0.01875 0.0625
0 0.78125 0.49765625 0.0203125 0.06328125
0 0.78984375 0.5546875 0.0234375 0.0640625
0 0.79140625 0.61875 0.01875 0.11875
0 0.721875 0.4640625 0.01953125 0.04609375
0 0.69375 0.46640625 0.0171875 0.05390625
0 0.7109375 0.4875 0.02421875 0.05859375
0 0.70390625 0.51953125 0.0265625 0.06796875
0 0.69921875 0.58046875 0.01875 0.11796875
0 0.715625 0.66640625 0.0171875 0.13125
0 0.57421875 0.46953125 0.02734375 0.06171875
0 0.55078125 0.4703125 0.02421875 0.06171875
0 0.4625 0.46328125 0.01875 0.0296875
0 0.4625 0.54296875 0.03125 0.07734375
0 0.47734375 0.6421875 0.040625 0.13671875
0 0.4078125 0.64296875 0.04921875 0.175
0 0.41015625 0.51875 0.01796875 0.0421875
0 0.384375 0.53203125 0.01875 0.0703125
0 0.37734375 0.58125 0.028125 0.1203125
0 0.40625 0.47109375 0.02578125 0.06171875
0 0.3953125 0.4984375 0.025 0.06796875
0 0.37734375 0.46875 0.01953125 0.0453125
0 0.3078125 0.465625 0.0171875 0.046875
0 0.25 0.50390625 0.02265625 0.1125
0 0.12421875 0.47890625 0.0296875 0.0625
0 0.09765625 0.4640625 0.0234375 0.05234375
0 0.03671875 0.46875 0.02109375 0.03671875
0 0.0125 0.46875 0.02109375 0.03828125
0 0.01640625 0.55078125 0.0328125 0.1203125
0 0.1296875 0.5296875 0.01875 0.1109375
0 0.1109375 0.55859375 0.04140625 0.10234375
0 0.8921875 0.51484375 0.0328125 0.0640625
0 0.77734375 0.65625 0.03671875 0.15546875
0 0.3015625 0.58515625 0.0234375 0.11484375
0 0.10625 0.51328125 0.02890625 0.071875
0 0.03671875 0.553125 0.0234375 0.1171875
0 0.796875 0.50625 0.025 0.08046875
0 0.5625 0.6390625 0.034375 0.18671875
0 0.0265625 0.50703125 0.03828125 0.06875
0 0.8640625 0.45546875 0.01328125 0.0234375
0 0.79609375 0.66484375 0.01484375 0.134375
0 0.646875 0.46015625 0.01796875 0.0390625
0 0.6953125 0.6875 0.0234375 0.10234375
0 0.15234375 0.4546875 0.01875 0.034375
0 0.05546875 0.45546875 0.0109375 0.015625