0 0.18125 0.64140625 0.07578125 0.153125
0 0.2140625 0.553125 0.0765625 0.32421875
0 0.25 0.471875 0.0265625 0.115625
0 0.28515625 0.446875 0.02578125 0.05078125
0 0.29609375 0.46640625 0.03046875 0.11328125
0 0.27890625 0.49765625 0.0234375 0.05078125
0 0.35703125 0.45546875 0.025 0.078125
0 0.3265625 0.546875 0.08046875 0.31796875
0 0.3921875 0.5546875 0.078125 0.353125
0 0.43515625 0.48203125 0.0296875 0.14765625
0 0.46015625 0.5375 0.0265625 0.14140625
0 0.49140625 0.5140625 0.0859375 0.3109375
0 0.58203125 0.51875 0.096875 0.2421875
0 0.65703125 0.50703125 0.065625 0.23359375
0 0.715625 0.56015625 0.09140625 0.3578125
0 0.7609375 0.40703125 0.0421875 0.09921875
0 0.7859375 0.5765625 0.08828125 0.3625
0 0.75859375 0.54296875 0.0359375 0.26328125
0 0.54296875 0.46640625 0.02265625 0.1046875
0 0.5546875 0.4703125 0.025 0.10703125
0 0.46015625 0.4375 0.02109375 0.0640625
0 0.06953125 0.8 0.13828125 0.14921875
0 0.2890625 0.69140625 0.05390625 0.06328125
0 0.44921875 0.6625 0.0671875 0.05
0 0.53828125 0.6359375 0.0578125 0.03125
0 0.64140625 0.6296875 0.1 0.046875
0 0.634375 0.68359375 0.1296875 0.04765625
0 0.596875 0.77109375 0.35390625 0.11796875
0 0.74453125 0.665625 0.02890625 0.046875
0 0.43671875 0.6046875 0.040625 0.021875
0 0.359375 0.6203125 0.025 0.0203125
0 0.2734375 0.62578125 0.07109375 0.028125
0 0.43046875 0.5546875 0.0140625 0.0609375
0 0.83359375 0.35 0.08515625 0.04921875
0 0.68515625 0.4359375 0.01328125 0.0265625
0 0.60859375 0.42265625 0.05078125 0.02578125