0 0.92734375 0.49453125 0.1453125 0.8109375
0 0.85390625 0.54609375 0.1859375 0.79296875
0 0.72890625 0.5328125 0.1390625 0.71640625
0 0.72421875 0.46015625 0.1390625 0.7140625
0 0.5875 0.584375 0.153125 0.74375
0 0.64609375 0.48125 0.0890625 0.71328125
0 0.53515625 0.25 0.08046875 0.20546875
0 0.4734375 0.584375 0.1328125 0.73671875
0 0.4609375 0.2390625 0.06953125 0.18984375
0 0.4140625 0.54609375 0.084375 0.659375
0 0.3390625 0.596875 0.15 0.70625
0 0.3421875 0.234375 0.0984375 0.19296875
0 0.27265625 0.5390625 0.09140625 0.63359375
0 0.20078125 0.5609375 0.10234375 0.6578125
0 0.26484375 0.1953125 0.0484375 0.1453125
0 0.23125 0.26953125 0.0671875 0.17578125
0 0.12890625 0.53125 0.1234375 0.63125
0 0.078125 0.4734375 0.0859375 0.61875
0 0.0421875 0.51953125 0.08125 0.6078125
0 0.0203125 0.5484375 0.0390625 0.6328125
0 0.58515625 0.18515625 0.04296875 0.059375
0 0.2640625 0.125 0.2640625 0.1484375