0 0.840625 0.709375 0.16640625 0.5796875
0 0.80859375 0.74296875 0.10546875 0.5140625
0 0.7625 0.68515625 0.09140625 0.48984375
0 0.69140625 0.7140625 0.09765625 0.55703125
0 0.60546875 0.72890625 0.1421875 0.53984375
0 0.45546875 0.725 0.1765625 0.5484375
0 0.253125 0.72109375 0.10859375 0.5359375
0 0.1546875 0.69609375 0.1375 0.60625
0 0.796875 0.45859375 0.0359375 0.0609375
0 0.94609375 0.52109375 0.0125 0.0375
0 0.36640625 0.50859375 0.05390625 0.18515625
0 0.48828125 0.50859375 0.0328125 0.053125
0 0.18359375 0.4984375 0.02421875 0.05859375
0 0.2875 0.50703125 0.021875 0.06015625