0 0.103125 0.64296875 0.03671875 0.15625
0 0.12109375 0.640625 0.0265625 0.14140625
0 0.1890625 0.6390625 0.04921875 0.1375
0 0.2703125 0.63046875 0.04765625 0.11796875
0 0.46875 0.6390625 0.034375 0.15625
0 0.59375 0.6421875 0.03828125 0.1359375
0 0.0125 0.640625 0.025 0.12265625
0 0.42734375 0.60078125 0.046875 0.05234375
0 0.5 0.52109375 0.0109375 0.05234375
0 0.53515625 0.50078125 0.02265625 0.05234375
0 0.50390625 0.59375 0.03515625 0.0359375
0 0.56171875 0.5890625 0.0390625 0.0375
0 0.60625 0.5921875 0.01875 0.0328125
0 0.66015625 0.59375 0.06015625 0.040625
0 0.8828125 0.359375 0.153125 0.28515625
0 0.490625 0.34375 0.0234375 0.046875
0 0.47265625 0.41953125 0.025 0.096875
0 0.6671875 0.53203125 0.02578125 0.0234375
0 0.75390625 0.34140625 0.0328125 0.040625
0 0.71015625 0.4609375 0.01953125 0.02578125
0 0.66796875 0.484375 0.0296875 0.0078125
0 0.63046875 0.53359375 0.01875 0.04765625
0 0.584375 0.55 0.00859375 0.0125
0 0.4359375 0.49921875 0.0140625 0.02109375
0 0.4515625 0.4984375 0.00859375 0.03515625