0 0.87421875 0.50234375 0.18359375 0.553125
0 0.76328125 0.41484375 0.14140625 0.51171875
0 0.75625 0.45859375 0.10390625 0.22265625
0 0.84296875 0.453125 0.04609375 0.16953125
0 0.96640625 0.4828125 0.0671875 0.178125
0 0.71171875 0.38046875 0.021875 0.08046875
0 0.70625 0.36171875 0.02578125 0.08125
0 0.63359375 0.396875 0.0578125 0.13125
0 0.49375 0.4796875 0.2515625 0.69921875
0 0.4984375 0.484375 0.2578125 0.68515625
0 0.40546875 0.35078125 0.0328125 0.21171875
0 0.3375 0.36015625 0.06015625 0.19375
0 0.2625 0.32578125 0.02734375 0.1453125
0 0.29140625 0.32734375 0.03828125 0.14140625
0 0.37265625 0.32421875 0.0171875 0.075
0 0.36484375 0.33125 0.01015625 0.0609375
0 0.29765625 0.325 0.02109375 0.08125
0 0.23515625 0.34296875 0.028125 0.1296875
0 0.21484375 0.32421875 0.0375 0.178125
0 0.1546875 0.5078125 0.14765625 0.51640625
0 0.0515625 0.421875 0.103125 0.24609375
0 0.0484375 0.40390625 0.09609375 0.23046875
0 0.06875 0.38671875 0.0609375 0.1890625
0 0.178125 0.29140625 0.0140625 0.0640625
0 0.15546875 0.290625 0.021875 0.046875
0 0.14453125 0.2828125 0.015625 0.04453125
0 0.0515625 0.2796875 0.0125 0.04375
0 0.084375 0.271875 0.00859375 0.02421875
0 0.075 0.271875 0.00703125 0.02265625
0 0.06796875 0.27265625 0.0046875 0.021875
0 0.06015625 0.2703125 0.0078125 0.02421875
0 0.0328125 0.2703125 0.00859375 0.03046875
0 0.02421875 0.2671875 0.0078125 0.02578125
0 0.01640625 0.265625 0.00859375 0.03203125
0 0.00390625 0.265625 0.0078125 0.034375
0 0.24296875 0.2890625 0.01171875 0.034375
0 0.246875 0.29140625 0.00703125 0.040625
0 0.31484375 0.296875 0.0125 0.06484375
0 0.3234375 0.3 0.015625 0.03984375
0 0.0515625 0.54921875 0.10234375 0.17421875
0 0.00859375 0.26171875 0.0078125 0.03203125
0 0.040625 0.26796875 0.0109375 0.02421875
0 0.165625 0.28203125 0.0125 0.05
0 0.178125 0.2546875 0.0125 0.0140625
0 0.3265625 0.275 0.059375 0.046875
0 0.38359375 0.28046875 0.03359375 0.03828125
0 0.325 0.23359375 0.009375 0.02109375
0 0.2796875 0.16796875 0.0515625 0.07421875
0 0.63515625 0.334375 0.05390625 0.0796875
0 0.15 0.2640625 0.00859375 0.01171875