0 0.09765625 0.49765625 0.15625 0.6828125
0 0.146875 0.3390625 0.08125 0.38359375
0 0.24609375 0.69375 0.1421875 0.246875
0 0.196875 0.6765625 0.1359375 0.54609375
0 0.25625 0.4375 0.0859375 0.29609375
0 0.2140625 0.3078125 0.11015625 0.38828125
0 0.28515625 0.525 0.09765625 0.45859375
0 0.38046875 0.73125 0.14765625 0.4046875
0 0.35859375 0.625 0.15234375 0.56015625
0 0.4859375 0.7515625 0.125 0.346875
0 0.48671875 0.65 0.1671875 0.55546875
0 0.42890625 0.44140625 0.08984375 0.19609375
0 0.60234375 0.56953125 0.17890625 0.38828125
0 0.6546875 0.59140625 0.1578125 0.259375
0 0.66875 0.63359375 0.1703125 0.53671875
0 0.80625 0.35625 0.0953125 0.26875
0 0.83125 0.36171875 0.15703125 0.4234375
0 0.8484375 0.6421875 0.26953125 0.70078125