0 0.496875 0.64375 0.103125 0.2640625
0 0.796875 0.55390625 0.03984375 0.11875
0 0.74296875 0.53125 0.025 0.090625
0 0.85546875 0.5125 0.028125 0.071875
0 0.95546875 0.5203125 0.028125 0.06953125
0 0.990625 0.53125 0.0171875 0.09140625
0 0.975 0.5140625 0.02421875 0.0703125
0 0.925 0.49765625 0.0125 0.04140625
0 0.89921875 0.496875 0.0265625 0.0484375
0 0.871875 0.48515625 0.0125 0.01484375
0 0.82265625 0.5046875 0.01953125 0.06640625
0 0.809375 0.49921875 0.01640625 0.0546875
0 0.77734375 0.521875 0.02734375 0.078125
0 0.72265625 0.49609375 0.01875 0.0453125
0 0.71171875 0.4890625 0.0125 0.04140625
0 0.64140625 0.49609375 0.0203125 0.06171875
0 0.46953125 0.4984375 0.021875 0.06640625
0 0.44921875 0.484375 0.015625 0.04296875
0 0.35703125 0.4953125 0.03203125 0.0703125
0 0.3328125 0.48125 0.01640625 0.0390625
0 0.31953125 0.48359375 0.01171875 0.04921875
0 0.27265625 0.49921875 0.0265625 0.06171875
0 0.24765625 0.5140625 0.03203125 0.08828125
0 0.2046875 0.5 0.0203125 0.06328125
0 0.1625 0.49921875 0.01796875 0.06171875
0 0.1515625 0.49453125 0.0265625 0.0609375
0 0.0765625 0.48125 0.01875 0.03671875
0 0.05859375 0.49921875 0.02890625 0.0765625
0 0.01328125 0.49921875 0.0265625 0.0734375
0 0.53046875 0.49375 0.02109375 0.06328125
0 0.34375 0.48125 0.3203125 0.10390625
0 0.75 0.50234375 0.49140625 0.11015625
0 0.5640625 0.3609375 0.0890625 0.1390625