0 0.2203125 0.7625 0.2703125 0.471875
0 0.36953125 0.7390625 0.2 0.521875
0 0.13984375 0.7359375 0.1328125 0.528125
0 0.4125 0.53515625 0.14375 0.41328125
0 0.0859375 0.478125 0.08203125 0.278125
0 0.14375 0.525 0.15390625 0.33828125
0 0.246875 0.3484375 0.09453125 0.2375
0 0.634375 0.44296875 0.09921875 0.13515625
0 0.3140625 0.35390625 0.06484375 0.14609375
0 0.353125 0.34296875 0.059375 0.1515625
0 0.05234375 0.3546875 0.071875 0.203125
0 0.0390625 0.56015625 0.07578125 0.34765625
0 0.2390625 0.26875 0.05859375 0.13203125
0 0.28125 0.28515625 0.0390625 0.17265625
0 0.296875 0.5265625 0.11796875 0.29921875
0 0.01875 0.51484375 0.0375 0.9640625
0 0.11875 0.37890625 0.06484375 0.1546875
0 0.296875 0.14765625 0.18203125 0.1140625
0 0.3375 0.24453125 0.10234375 0.08359375