0 0.07109375 0.8171875 0.1265625 0.303125
0 0.125 0.74921875 0.09609375 0.4078125
0 0.19921875 0.74609375 0.07578125 0.41015625
0 0.2734375 0.7515625 0.09609375 0.41015625
0 0.3640625 0.75625 0.0921875 0.4140625
0 0.4359375 0.7671875 0.09765625 0.421875
0 0.5140625 0.77265625 0.08828125 0.4046875
0 0.57890625 0.7671875 0.09921875 0.41796875
0 0.6609375 0.77265625 0.078125 0.4125
0 0.73046875 0.7734375 0.08828125 0.43359375
0 0.80390625 0.8484375 0.11328125 0.2984375
0 0.79921875 0.6765625 0.08046875 0.2046875
0 0.875 0.77734375 0.09375 0.44140625
0 0.13671875 0.5546875 0.109375 0.1640625
0 0.17265625 0.490625 0.06640625 0.1171875
0 0.2296875 0.5421875 0.09140625 0.196875
0 0.30859375 0.66796875 0.084375 0.421875
0 0.2734375 0.50625 0.04453125 0.1328125
0 0.3984375 0.5609375 0.0953125 0.22265625
0 0.371875 0.48046875 0.09609375 0.15625
0 0.459375 0.5671875 0.0765625 0.178125
0 0.46796875 0.5 0.08828125 0.1640625
0 0.53671875 0.68125 0.0640625 0.40625
0 0.5421875 0.49609375 0.0703125 0.1484375
0 0.6078125 0.5625 0.09140625 0.19140625
0 0.60859375 0.484375 0.0765625 0.15234375
0 0.690625 0.578125 0.0609375 0.16796875
0 0.66953125 0.51171875 0.0875 0.12109375
0 0.70625 0.4921875 0.06875 0.15234375
0 0.7703125 0.5734375 0.06796875 0.1578125
0 0.80078125 0.53203125 0.05234375 0.115625
0 0.83671875 0.57890625 0.05625 0.1546875
0 0.8078125 0.5046875 0.08203125 0.18125
0 0.76953125 0.47265625 0.03515625 0.046875
0 0.48359375 0.7703125 0.0234375 0.36875
0 0.22421875 0.8671875 0.27109375 0.15234375
0 0.6328125 0.8859375 0.21015625 0.1578125
0 0.8890625 0.9140625 0.18515625 0.16796875