0 0.96015625 0.42109375 0.02734375 0.0328125
0 0.91953125 0.4234375 0.0296875 0.0328125
0 0.803125 0.42578125 0.01640625 0.0234375
0 0.77421875 0.42734375 0.021875 0.02421875
0 0.67578125 0.43046875 0.015625 0.021875
0 0.553125 0.42890625 0.0203125 0.034375
0 0.53359375 0.4265625 0.0140625 0.03203125
0 0.51640625 0.42734375 0.025 0.07578125
0 0.1765625 0.66640625 0.0953125 0.49140625
0 0.25390625 0.6578125 0.0765625 0.47265625
0 0.328125 0.65078125 0.084375 0.478125
0 0.3625 0.74140625 0.0953125 0.3921875
0 0.40546875 0.60625 0.0828125 0.32734375
0 0.43203125 0.4765625 0.04921875 0.14453125
0 0.4421875 0.74296875 0.0984375 0.3984375
0 0.484375 0.6265625 0.07109375 0.33203125
0 0.49296875 0.478125 0.07890625 0.16875
0 0.553125 0.55234375 0.071875 0.21953125
0 0.5359375 0.74921875 0.09765625 0.39609375
0 0.61015625 0.74375 0.09375 0.3796875
0 0.584375 0.55859375 0.04453125 0.2890625
0 0.634375 0.546875 0.08515625 0.209375
0 0.66875 0.6375 0.06796875 0.42890625
0 0.725 0.65234375 0.0734375 0.4421875
0 0.78671875 0.66796875 0.0734375 0.4609375
0 0.38359375 0.425 0.07109375 0.03515625
0 0.29453125 0.42421875 0.025 0.02421875
0 0.6 0.28125 0.02109375 0.04765625
0 0.875 0.43046875 0.0203125 0.04140625