0 0.9390625 0.8203125 0.12109375 0.359375
0 0.98515625 0.603125 0.0296875 0.0640625
0 0.8796875 0.83359375 0.09765625 0.32578125
0 0.8953125 0.678125 0.1 0.1890625
0 0.903125 0.615625 0.0625 0.12109375
0 0.86328125 0.67265625 0.03515625 0.228125
0 0.83984375 0.584375 0.0296875 0.05703125
0 0.78515625 0.6859375 0.0953125 0.24453125
0 0.6296875 0.6046875 0.10625 0.16015625
0 0.69609375 0.80703125 0.32890625 0.3828125
0 0.52734375 0.76875 0.1859375 0.4625
0 0.415625 0.6609375 0.1109375 0.303125
0 0.37734375 0.79296875 0.16328125 0.4140625
0 0.25859375 0.78515625 0.2046875 0.4296875
0 0.1015625 0.7859375 0.203125 0.428125
0 0.42734375 0.584375 0.85234375 0.21328125