0 0.01015625 0.271875 0.01953125 0.103125
0 0.03828125 0.58046875 0.07578125 0.56640625
0 0.0421875 0.54375 0.07421875 0.51015625
0 0.0421875 0.5359375 0.0765625 0.4703125
0 0.0953125 0.50546875 0.05859375 0.45390625
0 0.1015625 0.2953125 0.02265625 0.1203125
0 0.121875 0.46796875 0.05546875 0.403125
0 0.14609375 0.29609375 0.021875 0.103125
0 0.1921875 0.44765625 0.09140625 0.59140625
0 0.22109375 0.3109375 0.0328125 0.20625
0 0.26171875 0.2921875 0.04296875 0.1640625
0 0.26796875 0.30546875 0.06484375 0.1984375
0 0.3578125 0.7296875 0.1609375 0.53671875
0 0.28046875 0.68125 0.10234375 0.63671875
0 0.35234375 0.434375 0.05625 0.109375
0 0.30546875 0.50859375 0.26171875 0.41484375
0 0.3546875 0.3984375 0.06328125 0.228125
0 0.36875 0.48125 0.08515625 0.50546875
0 0.39140625 0.3015625 0.04453125 0.18046875
0 0.4421875 0.28671875 0.03515625 0.08125
0 0.45390625 0.4265625 0.06171875 0.38046875
0 0.4859375 0.47890625 0.08125 0.5109375
0 0.5359375 0.30546875 0.0640625 0.16953125
0 0.84296875 0.35390625 0.01875 0.0765625
0 0.86015625 0.3640625 0.02265625 0.09921875
0 0.90546875 0.57734375 0.09765625 0.60859375
0 0.9515625 0.69609375 0.09609375 0.60390625
0 0.75625 0.428125 0.1375 0.4984375
0 0.6421875 0.53828125 0.25703125 0.921875
0 0.58515625 0.540625 0.24140625 0.91796875
0 0.37109375 0.246875 0.08671875 0.07109375
0 0.51015625 0.275 0.03515625 0.05
0 0.6875 0.3015625 0.02734375 0.046875
0 0.90078125 0.37578125 0.0375 0.034375
0 0.91171875 0.70625 0.02578125 0.0984375