0 0.06328125 0.95234375 0.09296875 0.0953125
0 0.10078125 0.9640625 0.053125 0.071875
0 0.16875 0.975 0.03984375 0.046875
0 0.2125 0.975 0.034375 0.046875
0 0.23515625 0.971875 0.0328125 0.05625
0 0.16328125 0.953125 0.04453125 0.09375
0 0.19765625 0.95703125 0.0328125 0.08203125
0 0.3140625 0.94375 0.06875 0.10859375
0 0.071875 0.896875 0.02421875 0.0859375
0 0.09140625 0.89921875 0.02578125 0.0703125
0 0.11015625 0.89609375 0.03984375 0.0796875
0 0.146875 0.92109375 0.04609375 0.15
0 0.178125 0.8859375 0.02734375 0.0640625
0 0.19609375 0.90390625 0.02734375 0.0875
0 0.14609375 0.86875 0.01015625 0.01328125
0 0.23203125 0.90234375 0.02734375 0.0703125
0 0.2234375 0.91796875 0.02109375 0.1125
0 0.24140625 0.90078125 0.02578125 0.09375
0 0.2484375 0.93515625 0.04296875 0.1265625
0 0.2671875 0.89375 0.02890625 0.0875
0 0.28984375 0.89921875 0.0203125 0.05859375
0 0.2875 0.88359375 0.02109375 0.046875
0 0.36328125 0.9203125 0.0296875 0.11640625
0 0.38671875 0.9125 0.01875 0.10078125
0 0.4078125 0.89609375 0.02109375 0.05625
0 0.4265625 0.90859375 0.02734375 0.10859375
0 0.43984375 0.90390625 0.02265625 0.10703125
0 0.4703125 0.9140625 0.034375 0.12421875
0 0.50546875 0.90625 0.02890625 0.1046875
0 0.5359375 0.9203125 0.02890625 0.10859375
0 0.57109375 0.9171875 0.04453125 0.134375
0 0.6078125 0.90390625 0.0296875 0.11484375
0 0.63359375 0.9015625 0.02734375 0.103125
0 0.6484375 0.89375 0.02265625 0.0953125
0 0.66015625 0.86171875 0.0171875 0.02734375
0 0.68125 0.9046875 0.034375 0.10859375
0 0.73203125 0.90625 0.05 0.128125
0 0.73046875 0.90859375 0.04453125 0.10859375
0 0.74296875 0.87734375 0.02890625 0.06640625
0 0.78671875 0.90390625 0.02734375 0.09921875
0 0.79609375 0.8609375 0.02578125 0.04453125
0 0.8125 0.86484375 0.0203125 0.05625
0 0.82578125 0.9125 0.0484375 0.13203125
0 0.84296875 0.896875 0.034375 0.13203125
0 0.86875 0.89765625 0.0203125 0.12265625
0 0.87734375 0.9 0.034375 0.12265625
0 0.88828125 0.89921875 0.0375 0.1359375
0 0.91875 0.9078125 0.0375 0.1265625
0 0.9125 0.8921875 0.02890625 0.11875
0 0.92890625 0.88046875 0.0296875 0.0796875
0 0.9578125 0.89609375 0.0359375 0.1265625
0 0.97265625 0.8734375 0.0203125 0.06640625
0 0.98671875 0.9171875 0.02421875 0.16171875
0 0.98828125 0.871875 0.02265625 0.06640625
0 0.49296875 0.8890625 0.0171875 0.05859375
0 0.5265625 0.88359375 0.02734375 0.05859375
0 0.55390625 0.86796875 0.0140625 0.0390625
0 0.00390625 0.9015625 0.00703125 0.071875
0 0.309375 0.86953125 0.05 0.0390625
0 0.4546875 0.8625 0.18984375 0.02890625
0 0.5828125 0.8765625 0.0203125 0.05234375
0 0.79140625 0.98046875 0.403125 0.0390625
0 0.375 0.7234375 0.02109375 0.03515625
0 0.48984375 0.72734375 0.0203125 0.04296875
0 0.4625 0.63828125 0.02734375 0.02734375