0 0.91953125 0.70234375 0.15859375 0.59296875
0 0.86328125 0.59453125 0.07109375 0.209375
0 0.8375 0.621875 0.078125 0.18125
0 0.76953125 0.6296875 0.0640625 0.171875
0 0.72890625 0.64375 0.04296875 0.15
0 0.67734375 0.74609375 0.07421875 0.33046875
0 0.628125 0.7421875 0.078125 0.29375
0 0.64765625 0.74453125 0.04140625 0.246875
0 0.58671875 0.7515625 0.0609375 0.22734375
0 0.59765625 0.76171875 0.02265625 0.15234375
0 0.50234375 0.7171875 0.1421875 0.565625
0 0.30234375 0.73671875 0.17421875 0.52421875
0 0.3546875 0.75546875 0.05 0.31875
0 0.4171875 0.7515625 0.0328125 0.15546875
0 0.39609375 0.75546875 0.02421875 0.1390625
0 0.246875 0.753125 0.05234375 0.16796875
0 0.21015625 0.72265625 0.0203125 0.05234375
0 0.17578125 0.76015625 0.0671875 0.16484375
0 0.1640625 0.75234375 0.034375 0.16640625
0 0.1515625 0.7546875 0.05703125 0.15234375
0 0.1375 0.72890625 0.025 0.0625
0 0.10390625 0.74609375 0.02890625 0.12109375
0 0.075 0.75546875 0.03828125 0.1125
0 0.0359375 0.75703125 0.04375 0.16640625
0 0.01171875 0.72578125 0.02265625 0.146875
0 0.70859375 0.684375 0.0203125 0.06015625
0 0.44296875 0.75703125 0.0296875 0.1421875
0 0.428125 0.7234375 0.01328125 0.08671875
0 0.38203125 0.75625 0.04375 0.15
0 0.2375 0.7375 0.01640625 0.0796875
0 0.55390625 0.79453125 0.021875 0.1109375
0 0.13984375 0.70234375 0.02109375 0.02421875
0 0.33984375 0.73671875 0.0140625 0.0625
0 0.98359375 0.6765625 0.0328125 0.30859375