0 0.775 0.6421875 0.1515625 0.5953125
0 0.87421875 0.49296875 0.12109375 0.4890625
0 0.92890625 0.3859375 0.07109375 0.26953125
0 0.82109375 0.3015625 0.06875 0.1859375
0 0.80078125 0.2765625 0.034375 0.096875
0 0.76875 0.371875 0.09453125 0.19609375
0 0.60703125 0.6265625 0.16328125 0.56953125
0 0.67578125 0.496875 0.08984375 0.46328125
0 0.46484375 0.63125 0.1515625 0.61640625
0 0.3375 0.64453125 0.14140625 0.571875
0 0.18515625 0.61484375 0.16640625 0.540625
0 0.0625 0.46484375 0.1125 0.50703125
0 0.1328125 0.3640625 0.06640625 0.2515625
0 0.21484375 0.4578125 0.115625 0.48984375
0 0.1765625 0.30625 0.04765625 0.14140625
0 0.26796875 0.4484375 0.0546875 0.4046875
0 0.30546875 0.3953125 0.0890625 0.30546875
0 0.39765625 0.46796875 0.08046875 0.38984375
0 0.34765625 0.30078125 0.0390625 0.12421875
0 0.40390625 0.290625 0.0921875 0.171875
0 0.44296875 0.28828125 0.034375 0.06875
0 0.47734375 0.34453125 0.09296875 0.21015625
0 0.55234375 0.45703125 0.09453125 0.403125
0 0.6109375 0.32109375 0.07421875 0.13671875
0 0.64921875 0.31640625 0.04609375 0.13984375
0 0.58125 0.2859375 0.03671875 0.103125
0 0.6328125 0.27109375 0.0359375 0.1015625
0 0.4984375 0.2796875 0.0890625 0.13125
0 0.725 0.30546875 0.05703125 0.1265625
0 0.7109375 0.27890625 0.03046875 0.0796875
0 0.52890625 0.27578125 0.0421875 0.05703125