0 0.0546875 0.5796875 0.075 0.325
0 0.12578125 0.61171875 0.0953125 0.3078125
0 0.203125 0.621875 0.0625 0.29453125
0 0.24453125 0.615625 0.090625 0.33984375
0 0.315625 0.6515625 0.07890625 0.325
0 0.3484375 0.63828125 0.05625 0.34921875
0 0.4125 0.6625 0.103125 0.4578125
0 0.45546875 0.65078125 0.06015625 0.4078125
0 0.49453125 0.64296875 0.08984375 0.315625
0 0.53984375 0.66640625 0.0625 0.39296875
0 0.57109375 0.68828125 0.08125 0.39765625
0 0.62109375 0.640625 0.08046875 0.359375
0 0.66796875 0.6859375 0.0859375 0.35625
0 0.77265625 0.6828125 0.10078125 0.38046875
0 0.909375 0.7171875 0.12421875 0.56484375
0 0.96953125 0.68984375 0.0609375 0.415625
0 0.38203125 0.6359375 0.0453125 0.30546875
0 0.01328125 0.61015625 0.02578125 0.29609375