0 0.09765625 0.59609375 0.04921875 0.2453125
0 0.26015625 0.61171875 0.0578125 0.26328125
0 0.26640625 0.59296875 0.028125 0.2234375
0 0.28828125 0.5890625 0.03515625 0.2296875
0 0.3109375 0.59140625 0.0390625 0.215625
0 0.3234375 0.48984375 0.02109375 0.07109375
0 0.3359375 0.509375 0.02265625 0.06328125
0 0.33203125 0.6359375 0.040625 0.28125
0 0.3625 0.628125 0.06328125 0.31015625
0 0.39609375 0.6109375 0.04453125 0.26015625
0 0.396875 0.4796875 0.0171875 0.0359375
0 0.42578125 0.509375 0.01875 0.1125
0 0.440625 0.465625 0.01171875 0.0359375
0 0.45390625 0.603125 0.05546875 0.278125
0 0.47890625 0.5 0.01640625 0.07578125
0 0.4828125 0.484375 0.0140625 0.07578125
0 0.49140625 0.4875 0.01484375 0.0734375
0 0.49609375 0.4546875 0.00859375 0.03359375
0 0.51015625 0.4546875 0.0109375 0.0234375
0 0.509375 0.4875 0.01171875 0.071875
0 0.515625 0.46953125 0.0109375 0.04765625
0 0.5265625 0.60703125 0.0578125 0.25703125
0 0.5359375 0.49296875 0.0265625 0.071875
0 0.52578125 0.46484375 0.0171875 0.0453125
0 0.5390625 0.4671875 0.015625 0.06328125
0 0.54921875 0.47265625 0.0171875 0.07421875
0 0.56015625 0.47734375 0.0171875 0.065625
0 0.5625 0.453125 0.01328125 0.03125
0 0.56875 0.46875 0.01171875 0.0640625
0 0.57578125 0.4703125 0.0109375 0.0625
0 0.58125 0.46640625 0.0125 0.06328125
0 0.59375 0.471875 0.01953125 0.08125
0 0.6109375 0.471875 0.015625 0.078125
0 0.6390625 0.47734375 0.0171875 0.0703125
0 0.66484375 0.509375 0.021875 0.103125
0 0.76953125 0.55 0.0265625 0.1
0 0.7796875 0.53671875 0.0453125 0.1375
0 0.759375 0.45234375 0.01015625 0.05546875
0 0.74375 0.44375 0.00703125 0.03203125
0 0.55546875 0.484375 0.0078125 0.04453125
0 0.5015625 0.46953125 0.0078125 0.06328125
0 0.35078125 0.48359375 0.0125 0.03125
0 0.41796875 0.49375 0.01171875 0.06328125
0 0.459375 0.4765625 0.0203125 0.05546875
0 0.48359375 0.44921875 0.0125 0.015625
0 0.971875 0.4375 0.034375 0.05
0 0.546875 0.41796875 0.1109375 0.05078125