0 0.82421875 0.58515625 0.35 0.828125
0 0.9640625 0.54296875 0.071875 0.53515625
0 0.74375 0.33125 0.1125 0.1671875
0 0.69453125 0.68125 0.290625 0.63515625
0 0.6515625 0.4921875 0.08671875 0.44453125
0 0.584375 0.40390625 0.10703125 0.40859375
0 0.4875 0.73125 0.33671875 0.5359375
0 0.5609375 0.55859375 0.171875 0.38515625
0 0.465625 0.34296875 0.18828125 0.30625
0 0.37421875 0.55859375 0.1453125 0.284375
0 0.278125 0.7875 0.27890625 0.42265625
0 0.06953125 0.76328125 0.1375 0.4734375
0 0.228125 0.57890625 0.17890625 0.3828125
0 0.315625 0.41015625 0.13515625 0.40546875
0 0.1953125 0.39453125 0.20078125 0.51796875
0 0.096875 0.42578125 0.11953125 0.4640625
0 0.0671875 0.540625 0.134375 0.3
0 0.06640625 0.35859375 0.0640625 0.32734375