0 0.8171875 0.57578125 0.05625 0.17109375
0 0.8609375 0.58046875 0.0546875 0.1828125
0 0.90234375 0.5890625 0.04765625 0.1734375
0 0.9375 0.584375 0.03984375 0.16484375
0 0.8828125 0.565625 0.021875 0.13515625
0 0.971875 0.53828125 0.02421875 0.0453125
0 0.9875 0.54765625 0.02265625 0.07109375
0 0.9921875 0.54453125 0.015625 0.0671875
0 0.465625 0.5796875 0.56796875 0.21015625
0 0.9953125 0.54609375 0.009375 0.0703125
0 0.81015625 0.40234375 0.0765625 0.0875
0 0.78828125 0.5515625 0.0546875 0.1203125