0 0.53203125 0.81875 0.10234375 0.13203125
0 0.11015625 0.86171875 0.21953125 0.2734375
0 0.77421875 0.89453125 0.1734375 0.2078125
0 0.840625 0.91171875 0.0875 0.1765625
0 0.9234375 0.86484375 0.1375 0.2703125
0 0.95703125 0.76875 0.078125 0.28984375
0 0.2234375 0.90546875 0.12890625 0.1890625
0 0.334375 0.86640625 0.1375 0.26640625
0 0.2 0.83359375 0.1078125 0.24453125
0 0.26640625 0.80703125 0.0921875 0.27265625
0 0.4265625 0.821875 0.11796875 0.29453125
0 0.5625 0.77578125 0.09765625 0.2609375
0 0.66875 0.8328125 0.115625 0.325
0 0.771875 0.81328125 0.07734375 0.21796875
0 0.8546875 0.809375 0.1 0.28671875
0 0.8078125 0.74765625 0.04765625 0.11875
0 0.9 0.66640625 0.0765625 0.13203125
0 0.8609375 0.65859375 0.103125 0.19921875
0 0.76484375 0.64375 0.0890625 0.165625
0 0.68203125 0.70390625 0.0890625 0.17265625
0 0.67890625 0.71484375 0.11328125 0.2828125
0 0.25625 0.70234375 0.096875 0.159375
0 0.3296875 0.7125 0.1046875 0.25625
0 0.353125 0.64296875 0.0421875 0.0875
0 0.40390625 0.69296875 0.090625 0.20078125
0 0.46953125 0.69296875 0.0765625 0.2828125
0 0.43046875 0.6421875 0.04609375 0.1828125
0 0.55546875 0.628125 0.0953125 0.2078125
0 0.52421875 0.63515625 0.05390625 0.22265625
0 0.6390625 0.628125 0.06953125 0.2109375
0 0.7671875 0.5796875 0.06953125 0.1140625
0 0.80390625 0.59765625 0.0203125 0.13203125
0 0.790625 0.58984375 0.0265625 0.09375
0 0.7171875 0.58984375 0.0578125 0.17890625
0 0.74765625 0.54921875 0.0265625 0.0703125
0 0.75859375 0.51015625 0.021875 0.03671875
0 0.690625 0.5359375 0.0484375 0.1171875
0 0.6296875 0.66015625 0.0328125 0.27265625
0 0.590625 0.56796875 0.0359375 0.07578125
0 0.49921875 0.63125 0.0546875 0.275
0 0.4234375 0.5375 0.02265625 0.03828125
0 0.3953125 0.5421875 0.03203125 0.1125
0 0.50546875 0.9296875 0.24140625 0.1375
0 0.38046875 0.63203125 0.034375 0.08359375
0 0.59296875 0.5234375 0.3765625 0.13359375
0 0.27265625 0.5828125 0.13359375 0.19609375