0 0.1171875 0.49921875 0.234375 0.99765625
0 0.2 0.53671875 0.1375 0.91875
0 0.27109375 0.54375 0.21875 0.9125
0 0.3796875 0.19296875 0.165625 0.38515625
0 0.528125 0.54375 0.284375 0.9125
0 0.5765625 0.471875 0.30390625 0.88515625
0 0.61953125 0.5 0.23828125 1
0 0.7703125 0.5203125 0.240625 0.959375
0 0.88984375 0.5 0.2203125 1
0 0.3609375 0.55 0.21015625 0.9
0 0.29453125 0.13125 0.034375 0.13359375
0 0.42578125 0.17109375 0.0859375 0.275
0 0.96328125 0.16328125 0.05859375 0.13984375
0 0.9875 0.884375 0.02421875 0.23125