0 0.88203125 0.5703125 0.22109375 0.60078125
0 0.815625 0.58046875 0.06796875 0.46640625
0 0.91796875 0.39921875 0.16171875 0.43984375
0 0.8671875 0.3203125 0.04453125 0.2
0 0.8265625 0.325 0.02890625 0.05546875
0 0.82734375 0.28125 0.053125 0.134375
0 0.7578125 0.39453125 0.25078125 0.63671875
0 0.6953125 0.51953125 0.11796875 0.54375
0 0.628125 0.5953125 0.15078125 0.59609375
0 0.565625 0.55859375 0.12890625 0.51875
0 0.609375 0.31015625 0.05390625 0.175
0 0.5453125 0.43359375 0.0921875 0.4359375
0 0.5171875 0.56953125 0.03828125 0.31015625
0 0.4515625 0.5578125 0.17734375 0.66875
0 0.36875 0.565625 0.1171875 0.53046875
0 0.40703125 0.51015625 0.171875 0.48671875
0 0.35234375 0.36015625 0.09609375 0.178125
0 0.31015625 0.30390625 0.05859375 0.15859375
0 0.2640625 0.5140625 0.16328125 0.4328125
0 0.25703125 0.3484375 0.03203125 0.07265625
0 0.2640625 0.59375 0.08828125 0.3921875
0 0.215625 0.578125 0.1171875 0.55234375
0 0.19609375 0.5046875 0.05703125 0.40234375
0 0.1265625 0.56015625 0.17421875 0.53828125
0 0.06484375 0.553125 0.12890625 0.459375
0 0.03515625 0.49375 0.0703125 0.36015625
0 0.02109375 0.4546875 0.03984375 0.3640625
0 0.090625 0.29921875 0.14765625 0.24453125
0 0.70546875 0.2671875 0.065625 0.12109375
0 0.08359375 0.27578125 0.05 0.0875
0 0.128125 0.2546875 0.02421875 0.06015625
0 0.15234375 0.3609375 0.04921875 0.1734375
0 0.165625 0.5515625 0.05703125 0.22265625
0 0.03125 0.353125 0.01953125 0.046875
0 0.21953125 0.30703125 0.08515625 0.0921875
0 0.2359375 0.31015625 0.0453125 0.134375
0 0.22578125 0.26640625 0.02109375 0.0609375
0 0.22265625 0.24453125 0.02734375 0.0484375
0 0.27421875 0.2984375 0.0203125 0.05078125
0 0.3078125 0.303125 0.05234375 0.1578125
0 0.26015625 0.27890625 0.0203125 0.0625
0 0.48203125 0.25625 0.134375 0.11640625
0 0.465625 0.5046875 0.146875 0.57734375
0 0.63359375 0.29765625 0.04453125 0.10234375
0 0.66328125 0.28671875 0.07109375 0.196875
0 0.9359375 0.375 0.0515625 0.2796875
0 0.8984375 0.35 0.115625 0.34140625
0 0.9734375 0.47578125 0.0515625 0.68046875
0 0.890625 0.3078125 0.0390625 0.1921875
0 0.58203125 0.271875 0.0234375 0.05390625
0 0.02265625 0.21875 0.0453125 0.203125
0 0.0875 0.37109375 0.01171875 0.0453125
0 0.16328125 0.25 0.046875 0.0625
0 0.36171875 0.2625 0.071875 0.05859375
0 0.50390625 0.2546875 0.17734375 0.14453125
0 0.69296875 0.25859375 0.0171875 0.0484375
0 0.77421875 0.5453125 0.01640625 0.1484375
0 0.9265625 0.22421875 0.0140625 0.0265625
0 0.9625 0.1984375 0.075 0.2125
0 0.26640625 0.26328125 0.009375 0.03359375