0 0.91875 0.5765625 0.1625 0.33828125
0 0.7734375 0.53828125 0.1171875 0.39296875
0 0.64921875 0.49296875 0.11328125 0.48671875
0 0.46640625 0.47578125 0.11015625 0.4625
0 0.5765625 0.41484375 0.125 0.50546875
0 0.39296875 0.44609375 0.128125 0.49453125
0 0.27265625 0.478125 0.12109375 0.42109375
0 0.15703125 0.3875 0.13359375 0.48828125
0 0.25 0.28984375 0.1 0.23671875
0 0.075 0.50234375 0.14921875 0.39765625
0 0.36484375 0.3703125 0.11796875 0.55625
0 0.37421875 0.11875 0.07734375 0.23671875
0 0.4859375 0.25234375 0.1125 0.38984375
0 0.55 0.12421875 0.0640625 0.24765625
0 0.6921875 0.3453125 0.12109375 0.52109375
0 0.82890625 0.35546875 0.10234375 0.3734375
0 0.95703125 0.3203125 0.0859375 0.409375
0 0.90859375 0.22734375 0.1359375 0.4546875
0 0.85625 0.09375 0.06171875 0.1875
0 0.8125 0.1734375 0.07421875 0.346875
0 0.72421875 0.2140625 0.07109375 0.42734375
0 0.65546875 0.134375 0.09453125 0.15078125
0 0.64296875 0.13828125 0.075 0.2546875
0 0.5203125 0.04609375 0.046875 0.0921875
0 0.98125 0.3078125 0.0375 0.1640625