0 0.40078125 0.37109375 0.03828125 0.05078125
0 0.953125 0.83828125 0.09375 0.26328125
0 0.79375 0.9 0.0890625 0.19609375
0 0.78203125 0.95546875 0.0453125 0.0890625
0 0.78515625 0.82421875 0.06171875 0.1171875
0 0.71953125 0.83515625 0.1015625 0.309375
0 0.66796875 0.8125 0.07109375 0.35
0 0.72421875 0.671875 0.05703125 0.1015625
0 0.6546875 0.6875 0.0671875 0.309375
0 0.73671875 0.63125 0.05546875 0.1296875
0 0.759375 0.64609375 0.07109375 0.23515625
0 0.69609375 0.615625 0.03828125 0.22265625
0 0.74921875 0.5375 0.05078125 0.08671875
0 0.64375 0.5796875 0.0484375 0.23671875
0 0.6328125 0.5109375 0.0421875 0.14765625
0 0.7 0.52421875 0.0546875 0.21875
0 0.7328125 0.52265625 0.0328125 0.20234375
0 0.7015625 0.42421875 0.034375 0.08671875
0 0.67421875 0.46484375 0.03828125 0.1515625
0 0.5953125 0.53515625 0.046875 0.22890625
0 0.646875 0.4234375 0.0265625 0.0484375
0 0.62734375 0.459375 0.03046875 0.12109375
0 0.64921875 0.38359375 0.028125 0.05859375
0 0.59375 0.43203125 0.0421875 0.15625
0 0.62265625 0.35859375 0.0265625 0.1375
0 0.61171875 0.34609375 0.02421875 0.1015625
0 0.59140625 0.3734375 0.021875 0.07109375
0 0.59296875 0.3734375 0.02265625 0.08671875
0 0.5609375 0.42734375 0.03671875 0.190625
0 0.56796875 0.32890625 0.03828125 0.0828125
0 0.5796875 0.30859375 0.02421875 0.0421875
0 0.58203125 0.334375 0.03203125 0.12109375
0 0.58359375 0.28671875 0.02421875 0.07109375
0 0.540625 0.34375 0.0421875 0.1578125
0 0.5390625 0.296875 0.02890625 0.1640625
0 0.5171875 0.28671875 0.028125 0.1359375
0 0.53828125 0.290625 0.03515625 0.1515625
0 0.53203125 0.22578125 0.02265625 0.034375
0 0.5484375 0.221875 0.02265625 0.046875
0 0.5046875 0.2359375 0.028125 0.13125
0 0.51328125 0.18515625 0.01484375 0.05078125
0 0.51875 0.19609375 0.03046875 0.12109375
0 0.50234375 0.153125 0.01875 0.05859375
0 0.48515625 0.1296875 0.01484375 0.08515625
0 0.475 0.11953125 0.01640625 0.08515625
0 0.46953125 0.11875 0.01171875 0.05859375
0 0.46953125 0.11328125 0.0140625 0.06484375
0 0.49921875 0.13984375 0.0203125 0.09296875
0 0.6796875 0.384375 0.028125 0.05234375
0 0.70546875 0.41796875 0.0265625 0.0625
0 0.7953125 0.48515625 0.03203125 0.1359375
0 0.85390625 0.54453125 0.053125 0.21015625
0 0.83359375 0.71953125 0.06875 0.28984375
0 0.8953125 0.76015625 0.071875 0.33828125
0 0.90703125 0.634375 0.06171875 0.1515625
0 0.4125 0.37109375 0.01640625 0.0421875
0 0.896875 0.99140625 0.0375 0.0171875
0 0.6625 0.4078125 0.01796875 0.0421875
0 0.6 0.3296875 0.01640625 0.0484375
0 0.56015625 0.1984375 0.065625 0.12578125
0 0.6703125 0.36328125 0.0046875 0.0140625
0 0.753125 0.43125 0.0421875 0.12578125