0 0.0203125 0.63046875 0.02734375 0.1
0 0.06171875 0.66484375 0.06171875 0.20859375
0 0.125 0.6546875 0.06015625 0.18046875
0 0.15703125 0.59765625 0.01484375 0.034375
0 0.18203125 0.63984375 0.04140625 0.1484375
0 0.2375 0.6453125 0.04609375 0.165625
0 0.2796875 0.6625 0.065625 0.21953125
0 0.3125 0.6453125 0.02421875 0.1046875
0 0.32578125 0.64140625 0.0171875 0.096875
0 0.34453125 0.634375 0.025 0.1296875
0 0.3609375 0.64921875 0.03828125 0.15
0 0.38203125 0.5859375 0.025 0.05078125
0 0.42578125 0.6296875 0.046875 0.153125
0 0.4640625 0.63359375 0.03359375 0.1671875
0 0.5 0.65625 0.0703125 0.2546875
0 0.565625 0.65625 0.07109375 0.24609375
0 0.59609375 0.6234375 0.03828125 0.134375
0 0.61328125 0.6171875 0.025 0.1328125
0 0.64921875 0.678125 0.08203125 0.26796875
0 0.69921875 0.615625 0.04296875 0.13359375
0 0.7078125 0.575 0.01953125 0.03515625
0 0.7234375 0.59921875 0.02109375 0.08125
0 0.74609375 0.59765625 0.01640625 0.0828125
0 0.76328125 0.6109375 0.0359375 0.1515625
0 0.8 0.615625 0.053125 0.20234375
0 0.85078125 0.6125 0.05625 0.13125
0 0.871875 0.60859375 0.02109375 0.1046875
0 0.90078125 0.60859375 0.03984375 0.12109375
0 0.9234375 0.6046875 0.0515625 0.1375
0 0.9359375 0.6 0.01953125 0.09921875
0 0.9515625 0.603125 0.025 0.11484375
0 0.97578125 0.609375 0.046875 0.159375
0 0.165625 0.628125 0.0203125 0.096875
0 0.20390625 0.58515625 0.01875 0.03203125
0 0.21875 0.64453125 0.0234375 0.121875
0 0.2515625 0.63984375 0.01640625 0.11875
0 0.26953125 0.63671875 0.0328125 0.1359375
0 0.30234375 0.6578125 0.01796875 0.08984375
0 0.303125 0.584375 0.0171875 0.040625
0 0.43203125 0.62734375 0.02734375 0.13359375
0 0.53515625 0.6375 0.03046875 0.1796875
0 0.675 0.61640625 0.015625 0.1078125
0 0.82578125 0.5984375 0.01875 0.0921875
0 0.99296875 0.5734375 0.0140625 0.06875
0 0.88828125 0.5796875 0.021875 0.0765625
0 0.39765625 0.6265625 0.03046875 0.13125
0 0.35625 0.23671875 0.0953125 0.165625
0 0.1140625 0.48828125 0.0671875 0.07421875
0 0.01328125 0.63046875 0.01875 0.06875
0 0.03359375 0.5828125 0.02421875 0.02734375
0 0.1359375 0.70546875 0.01015625 0.04140625
0 0.3265625 0.584375 0.02578125 0.015625
0 0.33984375 0.6609375 0.00859375 0.06171875
0 0.621875 0.49765625 0.0359375 0.05546875
0 0.91328125 0.434375 0.0359375 0.0875
0 0.58046875 0.571875 0.01875 0.03125
0 0.715625 0.5734375 0.009375 0.02890625
0 0.73671875 0.55390625 0.0265625 0.02421875
0 0.84375 0.65625 0.01171875 0.02890625
0 0.86171875 0.565625 0.0265625 0.034375
0 0.9796875 0.646875 0.0109375 0.03515625
0 0.4171875 0.5734375 0.0078125 0.01015625