0 0.95390625 0.6515625 0.07890625 0.69296875
0 0.88359375 0.6765625 0.0859375 0.64296875
0 0.84375 0.7046875 0.05703125 0.4859375
0 0.84296875 0.71796875 0.0640625 0.42109375
0 0.79453125 0.58671875 0.021875 0.07890625
0 0.77109375 0.715625 0.0703125 0.45
0 0.7515625 0.75390625 0.02890625 0.259375
0 0.71328125 0.775 0.0625 0.45
0 0.64765625 0.60859375 0.128125 0.77890625
0 0.58984375 0.7203125 0.0609375 0.559375
0 0.56640625 0.7296875 0.0453125 0.53125
0 0.54609375 0.68359375 0.03046875 0.3140625
0 0.51953125 0.75703125 0.03984375 0.32890625
0 0.48515625 0.74609375 0.03359375 0.3546875
0 0.44765625 0.76171875 0.06328125 0.4765625
0 0.43125 0.66171875 0.0828125 0.67109375
0 0.3734375 0.68046875 0.071875 0.6390625
0 0.30390625 0.61875 0.16640625 0.75703125
0 0.2515625 0.75859375 0.04296875 0.4453125
0 0.30078125 0.7 0.0703125 0.5953125
0 0.20234375 0.64296875 0.134375 0.7140625
0 0.15390625 0.68046875 0.0453125 0.6390625
0 0.08515625 0.7484375 0.0578125 0.50234375
0 0.05859375 0.70390625 0.10390625 0.58828125
0 0.0203125 0.78359375 0.0328125 0.3953125
0 0.734375 0.74296875 0.0265625 0.25234375
0 0.95625 0.63203125 0.05859375 0.540625
0 0.91953125 0.7359375 0.01953125 0.3046875
0 0.828125 0.74609375 0.02421875 0.16875