0 0.12421875 0.69296875 0.0109375 0.04375
0 0.15 0.68203125 0.00546875 0.0375
0 0.17890625 0.6671875 0.0046875 0.03203125
0 0.18359375 0.66796875 0.0046875 0.03046875
0 0.1890625 0.66796875 0.0046875 0.03046875
0 0.1921875 0.70078125 0.0078125 0.04375
0 0.225 0.6796875 0.00625 0.03671875
0 0.28671875 0.6734375 0.0046875 0.03671875
0 0.28828125 0.76015625 0.01328125 0.07578125
0 0.30859375 0.7671875 0.0109375 0.0671875
0 0.36171875 0.828125 0.025 0.1046875
0 0.396875 0.81875 0.0140625 0.0859375
0 0.4359375 0.7953125 0.01015625 0.0875
0 0.4828125 0.6453125 0.00859375 0.05546875
0 0.49375 0.64375 0.0109375 0.0578125
0 0.50234375 0.64375 0.00859375 0.05546875
0 0.51015625 0.6421875 0.00859375 0.05546875
0 0.515625 0.640625 0.00703125 0.05234375
0 0.51953125 0.64375 0.0078125 0.04921875
0 0.5234375 0.64296875 0.00546875 0.05078125
0 0.52734375 0.640625 0.009375 0.0625
0 0.53359375 0.63984375 0.00859375 0.04921875
0 0.5375 0.640625 0.00703125 0.05078125
0 0.54140625 0.63828125 0.00859375 0.05546875
0 0.5453125 0.63671875 0.00859375 0.05546875
0 0.55 0.628125 0.00625 0.0375
0 0.571875 0.6375 0.00703125 0.05078125
0 0.58125 0.62578125 0.0078125 0.03046875
0 0.6921875 0.6890625 0.0078125 0.0375
0 0.740625 0.6328125 0.0046875 0.021875
0 0.7453125 0.63359375 0.0046875 0.02578125
0 0.77890625 0.67734375 0.0046875 0.03515625
0 0.7828125 0.6828125 0.0046875 0.02578125
0 0.815625 0.671875 0.0046875 0.02578125
0 0.8109375 0.684375 0.0078125 0.03515625
0 0.8125 0.72578125 0.0078125 0.04765625
0 0.846875 0.84375 0.0171875 0.109375
0 0.16171875 0.66171875 0.00625 0.03671875
0 0.503125 0.36640625 0.0046875 0.0234375
0 0.4734375 0.20390625 0.0828125 0.021875
0 0.4796875 0.25625 0.01640625 0.03671875
0 0.53359375 0.2109375 0.0140625 0.0203125
0 0.371875 0.33125 0.01171875 0.0234375
0 0.28046875 0.34921875 0.0046875 0.00546875
0 0.46484375 0.33046875 0.0078125 0.01328125
0 0.453125 0.3328125 0.00546875 0.01484375
0 0.5171875 0.32578125 0.05234375 0.0234375
0 0.5546875 0.33203125 0.00625 0.015625
0 0.56796875 0.33125 0.0078125 0.0171875
0 0.6078125 0.33828125 0.0046875 0.0203125
0 0.6203125 0.34375 0.0078125 0.015625
0 0.68359375 0.359375 0.01640625 0.0234375
0 0.5640625 0.47421875 0.01015625 0.025
0 0.453125 0.46796875 0.04296875 0.03203125
0 0.50703125 0.46796875 0.02734375 0.02578125
0 0.5 0.41953125 0.01640625 0.07421875
0 0.36875 0.584375 0.0109375 0.03203125
0 0.1234375 0.65234375 0.00625 0.02890625
0 0.4875 0.64140625 0.00546875 0.04765625
0 0.5484375 0.61953125 0.003125 0.00859375
0 0.5421875 0.4671875 0.01015625 0.02734375
0 0.7703125 0.65390625 0.00625 0.02890625
0 0.79453125 0.66328125 0.0171875 0.03671875
0 0.825 0.6703125 0.009375 0.02578125
0 0.46328125 0.3125 0.0046875 0.0203125
0 0.5015625 0.29375 0.0109375 0.0171875