0 0.9625 0.76953125 0.075 0.1390625
0 0.971875 0.69921875 0.053125 0.0375
0 0.89296875 0.75078125 0.06796875 0.12421875
0 0.82890625 0.7484375 0.0890625 0.1265625
0 0.79609375 0.73515625 0.0375 0.08671875
0 0.78125 0.70625 0.02109375 0.03125
0 0.759375 0.7140625 0.0203125 0.04296875
0 0.7515625 0.7109375 0.0140625 0.04296875
0 0.73203125 0.725 0.046875 0.08359375
0 0.703125 0.728125 0.03828125 0.0765625
0 0.66328125 0.78828125 0.1203125 0.20390625
0 0.56328125 0.7703125 0.13359375 0.21796875
0 0.62265625 0.7203125 0.03046875 0.04765625
0 0.64765625 0.70703125 0.01640625 0.02734375
0 0.596875 0.69765625 0.01015625 0.00859375
0 0.5140625 0.7 0.0140625 0.0109375
0 0.5109375 0.69375 0.01015625 0.00625
0 0.4890625 0.7328125 0.05390625 0.1046875
0 0.4546875 0.71875 0.03046875 0.0484375
0 0.434375 0.7140625 0.03046875 0.05234375
0 0.4171875 0.7296875 0.0609375 0.03984375
0 0.3984375 0.7203125 0.0234375 0.028125
0 0.40859375 0.703125 0.01484375 0.0109375
0 0.4203125 0.70078125 0.0125 0.009375
0 0.39375 0.70703125 0.009375 0.0140625
0 0.3859375 0.70703125 0.0203125 0.0203125
0 0.37734375 0.703125 0.009375 0.00703125
0 0.36484375 0.7125 0.009375 0.02578125
0 0.36875 0.715625 0.0109375 0.02890625
0 0.334375 0.7125 0.01171875 0.028125
0 0.33984375 0.71484375 0.01484375 0.03046875
0 0.3234375 0.71640625 0.02734375 0.03671875
0 0.30078125 0.73671875 0.0390625 0.0390625
0 0.27109375 0.73359375 0.02890625 0.0390625
0 0.3140625 0.7078125 0.015625 0.01953125
0 0.3078125 0.70859375 0.0203125 0.01953125
0 0.24609375 0.73359375 0.0390625 0.07578125
0 0.23671875 0.7203125 0.01953125 0.03828125
0 0.225 0.7234375 0.0203125 0.0453125
0 0.2296875 0.71953125 0.02421875 0.0453125
0 0.20078125 0.72734375 0.0296875 0.059375
0 0.1765625 0.72109375 0.0328125 0.053125
0 0.159375 0.721875 0.0234375 0.05078125
0 0.16796875 0.71875 0.02265625 0.03984375
0 0.13828125 0.74375 0.04921875 0.11640625
0 0.1234375 0.74375 0.02734375 0.09375
0 0.0859375 0.746875 0.07109375 0.13359375
0 0.04765625 0.75078125 0.0484375 0.10625
0 0.01015625 0.73984375 0.0203125 0.07421875
0 0.8515625 0.696875 0.02421875 0.01640625
0 0.80234375 0.6921875 0.01328125 0.0109375
0 0.740625 0.69140625 0.009375 0.009375
0 0.63515625 0.6984375 0.01171875 0.01171875
0 0.609375 0.70078125 0.01640625 0.0109375
0 0.5265625 0.69609375 0.015625 0.00703125
0 0.47265625 0.69765625 0.01640625 0.01171875
0 0.45078125 0.696875 0.00859375 0.0078125
0 0.40234375 0.7015625 0.0078125 0.0046875
0 0.71171875 0.6984375 0.00859375 0.00703125
0 0.6203125 0.69921875 0.0046875 0.009375
0 0.58671875 0.69609375 0.01171875 0.00703125
0 0.50390625 0.69296875 0.01015625 0.00703125
0 0.41328125 0.70078125 0.0046875 0.0046875