0 0.09609375 0.8296875 0.19140625 0.33984375
0 0.09296875 0.80625 0.1859375 0.3015625
0 0.25390625 0.884375 0.22890625 0.23125
0 0.43671875 0.67265625 0.6328125 0.65390625
0 0.6515625 0.74453125 0.20703125 0.5109375
0 0.81953125 0.765625 0.20078125 0.46875
0 0.9203125 0.721875 0.1578125 0.55546875
0 0.61328125 0.51328125 0.21796875 0.24765625
0 0.85625 0.55390625 0.0890625 0.29453125
0 0.134375 0.71015625 0.08671875 0.15546875
0 0.21796875 0.73515625 0.13359375 0.1984375
0 0.0984375 0.453125 0.01171875 0.02890625
0 0.10625 0.45 0.0109375 0.0328125
0 0.16953125 0.446875 0.0125 0.0265625
0 0.29921875 0.4515625 0.01640625 0.04765625
0 0.303125 0.4203125 0.0109375 0.028125
0 0.30859375 0.42265625 0.00625 0.0234375
0 0.31484375 0.41796875 0.01015625 0.03515625
0 0.32734375 0.40625 0.0109375 0.021875
0 0.33515625 0.42265625 0.0140625 0.04296875
0 0.3390625 0.42265625 0.00859375 0.040625
0 0.459375 0.36640625 0.009375 0.02890625
0 0.54453125 0.39375 0.01328125 0.04140625
0 0.56796875 0.384375 0.01328125 0.02421875
0 0.2453125 0.5359375 0.0453125 0.06484375
0 0.215625 0.55078125 0.021875 0.07734375
0 0.284375 0.55625 0.05078125 0.08671875
0 0.3234375 0.5453125 0.03515625 0.0765625
0 0.35625 0.53359375 0.0390625 0.06875
0 0.33984375 0.95546875 0.0640625 0.0890625
0 0.32734375 0.8453125 0.1046875 0.134375
0 0.46796875 0.53203125 0.934375 0.25078125
0 0.871875 0.35390625 0.25546875 0.1046875