0 0.0984375 0.78671875 0.19609375 0.42265625
0 0.0765625 0.4734375 0.08671875 0.25859375
0 0.13125 0.36875 0.05390625 0.096875
0 0.16875 0.36953125 0.05 0.09296875
0 0.1859375 0.34765625 0.02265625 0.08515625
0 0.20703125 0.33828125 0.03515625 0.05859375
0 0.21640625 0.4078125 0.06953125 0.12265625
0 0.2375 0.37421875 0.0375 0.07890625
0 0.2609375 0.39453125 0.0375 0.1078125
0 0.2875 0.42265625 0.06875 0.11796875
0 0.2984375 0.61640625 0.08359375 0.4765625
0 0.346875 0.515625 0.065625 0.3015625
0 0.38046875 0.4046875 0.05390625 0.1421875
0 0.40390625 0.41640625 0.040625 0.1390625
0 0.459375 0.565625 0.16875 0.2671875
0 0.4 0.825 0.1671875 0.340625
0 0.5921875 0.75546875 0.13125 0.4859375
0 0.546875 0.4375 0.0328125 0.09140625
0 0.56640625 0.48203125 0.065625 0.21640625
0 0.59296875 0.49140625 0.08671875 0.18359375
0 0.646875 0.72421875 0.1109375 0.5484375
0 0.6609375 0.440625 0.065625 0.146875
0 0.71171875 0.425 0.046875 0.08515625
0 0.7109375 0.68359375 0.0796875 0.440625
0 0.74140625 0.4671875 0.04375 0.1296875
0 0.784375 0.4375 0.040625 0.08515625
0 0.8078125 0.43203125 0.025 0.0390625
0 0.86640625 0.56640625 0.0578125 0.2484375
0 0.9109375 0.803125 0.1765625 0.39296875
0 0.12578125 0.55703125 0.1 0.32421875
0 0.215625 0.65 0.21328125 0.5234375
0 0.4734375 0.5578125 0.06015625 0.26328125
0 0.4875 0.4296875 0.0640625 0.12109375
0 0.42890625 0.4078125 0.04921875 0.08359375
0 0.771875 0.7375 0.1875 0.521875
0 0.81640625 0.5109375 0.0984375 0.203125
0 0.64140625 0.3421875 0.38359375 0.05390625
0 0.5078125 0.3921875 0.04921875 0.04609375
0 0.6203125 0.38671875 0.08671875 0.034375
0 0.70703125 0.3796875 0.03671875 0.02421875
0 0.4234375 0.353125 0.04921875 0.0421875
0 0.36015625 0.3421875 0.03515625 0.0359375
0 0.3078125 0.34296875 0.0671875 0.04296875
0 0.1234375 0.28046875 0.0375 0.08828125
0 0.2359375 0.32734375 0.025 0.02109375
0 0.0359375 0.55859375 0.071875 0.0765625
0 0.1703125 0.81171875 0.1265625 0.08984375
0 0.259375 0.9453125 0.253125 0.109375
0 0.98203125 0.3796875 0.0359375 0.03125
0 0.85078125 0.3625 0.015625 0.01953125
0 0.94453125 0.38359375 0.02265625 0.04296875
0 0.978125 0.88359375 0.04375 0.1984375
0 0.0125 0.4546875 0.025 0.1109375
0 0.11328125 0.37734375 0.0265625 0.028125
0 0.31484375 0.38515625 0.02109375 0.02578125
0 0.9578125 0.5578125 0.084375 0.14375
0 0.83125 0.4046875 0.0296875 0.02265625