0 0.0703125 0.61328125 0.140625 0.7703125
0 0.1578125 0.64765625 0.15859375 0.70078125
0 0.18125 0.3578125 0.14765625 0.2171875
0 0.3140625 0.61796875 0.1890625 0.7640625
0 0.43203125 0.6296875 0.1359375 0.73671875
0 0.546875 0.6140625 0.1484375 0.76953125
0 0.534375 0.63046875 0.11875 0.73828125
0 0.65546875 0.61953125 0.1484375 0.7609375
0 0.7984375 0.65390625 0.2046875 0.6921875
0 0.92421875 0.6390625 0.1515625 0.72109375
0 0.978125 0.36953125 0.04375 0.2015625
0 0.3296875 0.3421875 0.0734375 0.0546875