0 0.04921875 0.56328125 0.0984375 0.2140625
0 0.10078125 0.57265625 0.07890625 0.16015625
0 0.14140625 0.59609375 0.04921875 0.08671875
0 0.1859375 0.596875 0.06953125 0.09453125
0 0.22265625 0.575 0.03984375 0.0984375
0 0.24765625 0.746875 0.0671875 0.35
0 0.2921875 0.57421875 0.04375 0.0703125
0 0.2953125 0.61484375 0.05859375 0.09765625
0 0.33203125 0.62109375 0.0296875 0.08046875
0 0.365625 0.70625 0.05703125 0.3234375
0 0.40390625 0.6140625 0.04375 0.08984375
0 0.4390625 0.6125 0.059375 0.08984375
0 0.4859375 0.6171875 0.05859375 0.09453125
0 0.5203125 0.70546875 0.05390625 0.26953125
0 0.5109375 0.5625 0.02265625 0.05234375
0 0.53125 0.60078125 0.0265625 0.13046875
0 0.5640625 0.6296875 0.03671875 0.0671875
0 0.59296875 0.62890625 0.05 0.071875
0 0.6265625 0.70546875 0.046875 0.2578125
0 0.7328125 0.7453125 0.08828125 0.30546875
0 0.76328125 0.71640625 0.04921875 0.24375
0 0.82109375 0.6875 0.0421875 0.20390625
0 0.84375 0.690625 0.03359375 0.19921875
0 0.86875 0.6921875 0.03046875 0.175
0 0.88203125 0.6875 0.02890625 0.18984375
0 0.88671875 0.60078125 0.0171875 0.034375
0 0.90078125 0.62109375 0.02421875 0.05390625
0 0.9203125 0.6953125 0.040625 0.178125
0 0.94765625 0.684375 0.0390625 0.19765625
0 0.9671875 0.69296875 0.0390625 0.1796875
0 0.98125 0.68203125 0.0359375 0.20234375
0 0.73203125 0.6046875 0.16171875 0.0984375
0 0.596875 0.58203125 0.10625 0.071875
0 0.09140625 0.49921875 0.18203125 0.103125