0 0.85 0.77265625 0.20546875 0.45234375
0 0.696875 0.784375 0.15 0.428125
0 0.6328125 0.76484375 0.09375 0.45703125
0 0.57734375 0.78828125 0.08359375 0.42109375
0 0.4453125 0.82421875 0.20625 0.34921875
0 0.3109375 0.79609375 0.1671875 0.4078125
0 0.14921875 0.79140625 0.2609375 0.4171875
0 0.20078125 0.68671875 0.12734375 0.2453125
0 0.15625 0.621875 0.04765625 0.14296875
0 0.05234375 0.71171875 0.1046875 0.36953125
0 0.38515625 0.7375 0.0734375 0.253125
0 0.4765625 0.60078125 0.05703125 0.115625
0 0.41171875 0.62265625 0.06328125 0.13828125
0 0.44921875 0.62421875 0.04609375 0.08828125
0 0.51328125 0.62421875 0.03671875 0.1015625
0 0.4890625 0.58515625 0.01640625 0.0453125
0 0.534375 0.59296875 0.02265625 0.0359375
0 0.3734375 0.584375 0.03359375 0.06796875
0 0.9734375 0.85703125 0.05078125 0.28125
0 0.24296875 0.63203125 0.04609375 0.090625
0 0.80703125 0.615625 0.11640625 0.1265625
0 0.715625 0.57265625 0.06171875 0.03828125
0 0.38125 0.55625 0.19609375 0.05625
0 0.56171875 0.54921875 0.165625 0.0453125