0 0.0625 0.52265625 0.090625 0.19453125
0 0.07421875 0.63828125 0.11015625 0.42578125
0 0.05859375 0.38046875 0.0390625 0.10078125
0 0.12578125 0.63671875 0.12734375 0.60078125
0 0.171875 0.628125 0.07265625 0.515625
0 0.13984375 0.3375 0.02734375 0.053125
0 0.159375 0.3546875 0.03203125 0.05703125
0 0.17890625 0.425 0.034375 0.146875
0 0.20078125 0.43984375 0.05078125 0.128125
0 0.24765625 0.64140625 0.08515625 0.47734375
0 0.23125 0.38203125 0.0359375 0.07265625
0 0.240625 0.6546875 0.14296875 0.51875
0 0.31328125 0.64375 0.0921875 0.47890625
0 0.31875 0.61328125 0.096875 0.43671875
0 0.2953125 0.43359375 0.05 0.14140625
0 0.284375 0.38046875 0.07421875 0.1546875
0 0.3375 0.3765625 0.03125 0.08203125
0 0.3578125 0.5890625 0.05234375 0.421875
0 0.4046875 0.60390625 0.075 0.42578125
0 0.38984375 0.61640625 0.07265625 0.4578125
0 0.4421875 0.58515625 0.05703125 0.41796875
0 0.46953125 0.6046875 0.07109375 0.46171875
0 0.49765625 0.43203125 0.0359375 0.13203125
0 0.5953125 0.42734375 0.05078125 0.15625
0 0.62421875 0.4390625 0.03515625 0.13359375
0 0.646875 0.60234375 0.09921875 0.4828125
0 0.728125 0.63671875 0.10078125 0.55546875
0 0.7671875 0.425 0.03671875 0.1046875
0 0.8046875 0.6109375 0.07734375 0.44296875
0 0.803125 0.6421875 0.0859375 0.45234375
0 0.853125 0.60625 0.046875 0.421875
0 0.88046875 0.41015625 0.0328125 0.09140625
0 0.884375 0.6265625 0.0921875 0.5015625
0 0.91171875 0.64296875 0.09609375 0.4921875
0 0.96328125 0.67265625 0.07109375 0.54765625
0 0.5515625 0.6578125 0.16875 0.68125
0 0.0125 0.6609375 0.025 0.67734375
0 0.08671875 0.87578125 0.12578125 0.2484375
0 0.0671875 0.4125 0.0890625 0.121875
0 0.2015625 0.3578125 0.0609375 0.06328125
0 0.30703125 0.37890625 0.04765625 0.05546875
0 0.25390625 0.38359375 0.0140625 0.03046875
0 0.41484375 0.35625 0.13828125 0.09765625
0 0.3765625 0.4296875 0.0171875 0.05
0 0.44921875 0.42578125 0.0171875 0.0421875
0 0.51953125 0.42109375 0.03671875 0.15078125
0 0.6078125 0.36171875 0.11015625 0.1546875
0 0.6921875 0.41015625 0.03828125 0.10703125
0 0.72734375 0.3578125 0.034375 0.04765625
0 0.80703125 0.39765625 0.071875 0.10859375
0 0.8546875 0.3828125 0.02578125 0.05546875
0 0.9671875 0.38515625 0.06484375 0.0609375
0 0.66796875 0.703125 0.05390625 0.17734375