0 0.1265625 0.65625 0.04375 0.1078125
0 0.14765625 0.659375 0.03046875 0.09765625
0 0.19453125 0.65703125 0.02734375 0.10625
0 0.2140625 0.66328125 0.05390625 0.1390625
0 0.2609375 0.6484375 0.03828125 0.11875
0 0.3140625 0.634375 0.02265625 0.07421875
0 0.33125 0.6375 0.025 0.075
0 0.2859375 0.665625 0.04609375 0.12421875
0 0.3 0.6578125 0.04296875 0.103125
0 0.35 0.6890625 0.034375 0.09375
0 0.3765625 0.64375 0.03828125 0.109375
0 0.41171875 0.66484375 0.04609375 0.1421875
0 0.421875 0.675 0.0390625 0.09765625
0 0.43671875 0.6296875 0.0265625 0.0765625
0 0.4578125 0.63203125 0.0171875 0.0734375
0 0.503125 0.6171875 0.0421875 0.06875
0 0.5609375 0.6546875 0.0328125 0.09296875
0 0.49296875 0.75234375 0.1078125 0.2234375
0 0.57578125 0.6453125 0.03046875 0.11640625
0 0.6 0.65546875 0.0421875 0.14453125
0 0.6078125 0.66015625 0.05859375 0.1703125
0 0.6546875 0.72109375 0.14140625 0.2765625
0 0.7015625 0.66640625 0.0484375 0.175
0 0.75234375 0.6625 0.06953125 0.16484375
0 0.76953125 0.646875 0.03515625 0.1140625
0 0.8234375 0.64609375 0.046875 0.10625
0 0.89375 0.71328125 0.14375 0.315625
0 0.94296875 0.61796875 0.03828125 0.08125
0 0.078125 0.6390625 0.08203125 0.078125
0 0.16875 0.64765625 0.0390625 0.08984375
0 0.196875 0.60078125 0.0234375 0.0203125
0 0.2390625 0.60078125 0.03125 0.021875
0 0.28828125 0.59921875 0.0265625 0.0265625
0 0.253125 0.66484375 0.0265625 0.0171875
0 0.35078125 0.62890625 0.0265625 0.071875
0 0.45625 0.5984375 0.084375 0.0203125
0 0.47890625 0.6203125 0.01875 0.0234375
0 0.53828125 0.63046875 0.03828125 0.07890625
0 0.63359375 0.59453125 0.028125 0.01640625
0 0.721875 0.646875 0.046875 0.1203125
0 0.9546875 0.69296875 0.0140625 0.028125