0 0.06640625 0.90390625 0.03203125 0.0484375
0 0.09140625 0.92734375 0.0296875 0.06796875
0 0.10546875 0.9140625 0.03125 0.05859375
0 0.15078125 0.91953125 0.046875 0.14140625
0 0.1859375 0.9234375 0.02890625 0.1234375
0 0.20078125 0.9265625 0.034375 0.13359375
0 0.228125 0.9328125 0.03359375 0.13203125
0 0.27578125 0.934375 0.03671875 0.128125
0 0.32265625 0.9390625 0.03203125 0.121875
0 0.34453125 0.94296875 0.03984375 0.11328125
0 0.36484375 0.921875 0.01015625 0.01328125
0 0.39609375 0.94140625 0.03203125 0.11328125
0 0.421875 0.94609375 0.05 0.1078125
0 0.46171875 0.93828125 0.02109375 0.1234375
0 0.4875 0.92890625 0.028125 0.14140625
0 0.496875 0.96796875 0.03359375 0.06328125
0 0.51953125 0.96796875 0.028125 0.06328125
0 0.5125 0.8875 0.02890625 0.0515625
0 0.5203125 0.91640625 0.03359375 0.0796875
0 0.534375 0.9125 0.0265625 0.10859375
0 0.5625 0.940625 0.04921875 0.11796875
0 0.62890625 0.9625 0.0359375 0.075
0 0.33125 0.9390625 0.021875 0.121875
0 0.0796875 0.9015625 0.03203125 0.053125
0 0.25390625 0.9234375 0.02109375 0.1265625
0 0.38046875 0.940625 0.01875 0.071875
0 0.4 0.89765625 0.0265625 0.03828125
0 0.44921875 0.92578125 0.0375 0.1484375
0 0.42265625 0.890625 0.02109375 0.01484375
0 0.6046875 0.9796875 0.02890625 0.03984375
0 0.33515625 0.875 0.04296875 0.03984375