0 0.04375 0.46015625 0.06875 0.309375
0 0.178125 0.40390625 0.0109375 0.053125
0 0.20703125 0.43828125 0.04765625 0.13203125
0 0.25078125 0.4140625 0.02578125 0.1109375
0 0.134375 0.46953125 0.02578125 0.11953125
0 0.096875 0.47421875 0.0921875 0.440625
0 0.34453125 0.46953125 0.02421875 0.17578125
0 0.359375 0.4734375 0.0359375 0.2015625
0 0.3921875 0.47265625 0.0578125 0.234375
0 0.43046875 0.5015625 0.0578125 0.24609375
0 0.45625 0.45546875 0.03828125 0.2125
0 0.49140625 0.4671875 0.0375 0.225
0 0.48125 0.50859375 0.0546875 0.2890625
0 0.53515625 0.48984375 0.0578125 0.246875
0 0.534375 0.5375 0.06015625 0.35234375
0 0.66484375 0.36328125 0.015625 0.0453125
0 0.671875 0.4296875 0.03828125 0.17265625
0 0.72578125 0.3765625 0.01796875 0.0375
0 0.6125 0.39140625 0.0765625 0.10234375
0 0.65234375 0.546875 0.0390625 0.26875
0 0.6 0.56875 0.10625 0.42265625
0 0.7546875 0.38046875 0.03984375 0.11171875
0 0.8171875 0.40546875 0.0328125 0.1078125
0 0.84609375 0.403125 0.0265625 0.06796875
0 0.9171875 0.3265625 0.01875 0.02734375
0 0.93125 0.3828125 0.02734375 0.1109375
0 0.88515625 0.578125 0.10703125 0.49375
0 0.734375 0.5765625 0.04765625 0.28984375
0 0.7734375 0.61640625 0.125 0.52578125
0 0.00625 0.39921875 0.0125 0.03671875
0 0.44296875 0.37890625 0.009375 0.01953125
0 0.50546875 0.396875 0.01171875 0.0390625
0 0.56953125 0.38359375 0.01171875 0.02265625
0 0.071875 0.546875 0.0171875 0.05234375
0 0.9453125 0.34765625 0.00546875 0.034375