0 0.0546875 0.509375 0.109375 0.978125
0 0.140625 0.6421875 0.11015625 0.690625
0 0.18671875 0.65078125 0.06015625 0.36484375
0 0.259375 0.66796875 0.06484375 0.27734375
0 0.225 0.6125 0.09375 0.540625
0 0.32109375 0.6234375 0.10625 0.5609375
0 0.38515625 0.62109375 0.07265625 0.4640625
0 0.46875 0.5828125 0.14609375 0.83359375
0 0.578125 0.64453125 0.14453125 0.69296875
0 0.6359375 0.6359375 0.0921875 0.54921875
0 0.6875 0.62890625 0.05546875 0.38125
0 0.721875 0.63203125 0.0890625 0.434375
0 0.81640625 0.6390625 0.12578125 0.68359375
0 0.859375 0.5859375 0.0296875 0.16171875
0 0.896875 0.6109375 0.08125 0.36875
0 0.36015625 0.596875 0.0234375 0.08671875
0 0.4375 0.775 0.0328125 0.109375
0 0.54765625 0.859375 0.02421875 0.04765625
0 0.5296875 0.37734375 0.015625 0.0390625
0 0.86875 0.63046875 0.015625 0.05703125
0 0.921875 0.63125 0.01328125 0.021875