0 0.1109375 0.7796875 0.221875 0.4375
0 0.25859375 0.740625 0.2015625 0.471875
0 0.42109375 0.73125 0.09453125 0.31484375
0 0.45390625 0.64375 0.07265625 0.3296875
0 0.38046875 0.60625 0.08515625 0.24609375
0 0.503125 0.5234375 0.05078125 0.21328125
0 0.4125 0.51328125 0.05234375 0.16796875
0 0.4578125 0.45703125 0.04921875 0.1140625
0 0.30625 0.4515625 0.01875 0.0921875
0 0.16328125 0.56953125 0.0328125 0.0546875
0 0.37890625 0.48203125 0.021875 0.05
0 0.56015625 0.5296875 0.05390625 0.17265625
0 0.6171875 0.475 0.0265625 0.0921875
0 0.540625 0.4265625 0.021875 0.06171875
0 0.5578125 0.440625 0.0203125 0.06640625
0 0.584375 0.4359375 0.0140625 0.04765625
0 0.603125 0.42734375 0.0171875 0.040625
0 0.64140625 0.4421875 0.0203125 0.078125
0 0.65546875 0.44921875 0.0203125 0.0828125
0 0.675 0.42734375 0.015625 0.0546875
0 0.69765625 0.4546875 0.0234375 0.08984375
0 0.71953125 0.4671875 0.025 0.07578125
0 0.73359375 0.5234375 0.021875 0.08984375
0 0.7109375 0.5390625 0.0234375 0.05
0 0.69140625 0.440625 0.0203125 0.08046875
0 0.68515625 0.43046875 0.0234375 0.1015625
0 0.49765625 0.3671875 0.0140625 0.06640625
0 0.51796875 0.359375 0.0171875 0.040625
0 0.3828125 0.39609375 0.0171875 0.06640625
0 0.2546875 0.54140625 0.04296875 0.0453125
0 0.45546875 0.490625 0.05390625 0.07109375
0 0.25078125 0.49375 0.03125 0.06875
0 0.11328125 0.43828125 0.021875 0.04765625
0 0.08671875 0.44296875 0.025 0.04296875
0 0.14765625 0.3640625 0.0203125 0.059375
0 0.12890625 0.35546875 0.0203125 0.05234375
0 0.03046875 0.35625 0.0234375 0.03046875
0 0.515625 0.4171875 0.015625 0.04296875
0 0.52734375 0.43359375 0.0171875 0.06640625
0 0.53359375 0.37109375 0.0171875 0.0640625
0 0.55859375 0.42421875 0.015625 0.06640625
0 0.5671875 0.4203125 0.0140625 0.0546875
0 0.43671875 0.42890625 0.01875 0.05703125
0 0.415625 0.39453125 0.0203125 0.078125
0 0.41640625 0.39609375 0.025 0.05234375
0 0.39375 0.37109375 0.0171875 0.0640625
0 0.41015625 0.36484375 0.0125 0.07109375
0 0.38125 0.36015625 0.0171875 0.0328125
0 0.6265625 0.4359375 0.015625 0.07578125
0 0.52265625 0.52109375 0.0296875 0.18046875
0 0.01328125 0.38125 0.0265625 0.06640625
0 0.0609375 0.80703125 0.12109375 0.3859375
0 0.03515625 0.46953125 0.0703125 0.1203125
0 0.23125 0.3078125 0.0390625 0.028125
0 0.45234375 0.35625 0.06953125 0.0640625
0 0.365625 0.27265625 0.09765625 0.07578125
0 0.09609375 0.3171875 0.1265625 0.0328125
0 0.5421875 0.46953125 0.0203125 0.04296875
0 0.384375 0.32265625 0.0359375 0.0328125
0 0.08125 0.359375 0.07109375 0.059375