0 0.05234375 0.44453125 0.0140625 0.03125
0 0.078125 0.4484375 0.01484375 0.0296875
0 0.15390625 0.46640625 0.01640625 0.05625
0 0.1875 0.4609375 0.0078125 0.0421875
0 0.20546875 0.4609375 0.01328125 0.046875
0 0.27109375 0.503125 0.065625 0.15390625
0 0.48046875 0.525 0.07421875 0.209375
0 0.5984375 0.53828125 0.04609375 0.159375
0 0.9640625 0.43671875 0.00859375 0.015625
0 0.14296875 0.76171875 0.240625 0.47578125
0 0.2875 0.7671875 0.15234375 0.465625
0 0.3578125 0.78359375 0.14375 0.43203125
0 0.46640625 0.79453125 0.153125 0.41015625
0 0.571875 0.75 0.13984375 0.4984375
0 0.66015625 0.76640625 0.12890625 0.4609375
0 0.7859375 0.778125 0.18515625 0.44296875
0 0.7890625 0.55390625 0.11484375 0.2359375
0 0.83828125 0.70078125 0.10859375 0.271875
0 0.93515625 0.784375 0.1296875 0.4296875
0 0.33359375 0.48671875 0.09765625 0.178125
0 0.51640625 0.48125 0.0390625 0.07421875
0 0.67109375 0.46015625 0.03359375 0.07265625
0 0.98671875 0.5890625 0.02578125 0.1765625