0 0.95234375 0.59296875 0.03359375 0.14375
0 0.93671875 0.5828125 0.0140625 0.10546875
0 0.91640625 0.58359375 0.0265625 0.10078125
0 0.7890625 0.56953125 0.0234375 0.0703125
0 0.8171875 0.58203125 0.01953125 0.0765625
0 0.76875 0.56171875 0.02578125 0.0703125
0 0.7578125 0.5625 0.02265625 0.059375
0 0.73359375 0.5578125 0.01875 0.05703125
0 0.67734375 0.59609375 0.1125 0.58515625
0 0.4640625 0.58046875 0.05625 0.14375
0 0.29609375 0.57421875 0.03125 0.11953125
0 0.27890625 0.571875 0.02265625 0.09375
0 0.3109375 0.578125 0.01640625 0.10546875
0 0.234375 0.571875 0.01953125 0.09609375
0 0.20546875 0.5484375 0.01953125 0.05234375
0 0.075 0.54140625 0.01953125 0.04765625
0 0.0578125 0.5515625 0.0140625 0.03984375
0 0.4125 0.51484375 0.015625 0.015625
0 0.18046875 0.53203125 0.0265625 0.02890625
0 0.10546875 0.52734375 0.03125 0.01953125
0 0.8484375 0.5453125 0.02734375 0.0828125