0 0.07265625 0.35234375 0.14453125 0.54375
0 0.1828125 0.26953125 0.1046875 0.41171875
0 0.3484375 0.16015625 0.0875 0.15703125
0 0.740625 0.1921875 0.14375 0.34609375
0 0.93203125 0.3140625 0.08671875 0.13203125
0 0.85859375 0.48203125 0.15390625 0.28046875
0 0.68203125 0.3828125 0.3453125 0.53671875
0 0.32734375 0.5859375 0.471875 0.82578125
0 0.32421875 0.6 0.35546875 0.796875
0 0.540625 0.7640625 0.278125 0.47109375
0 0.7796875 0.69765625 0.415625 0.60234375
0 0.62421875 0.08671875 0.08203125 0.11015625
0 0.9796875 0.415625 0.040625 0.16875