0 0.0109375 0.453125 0.021875 0.1609375
0 0.0421875 0.4421875 0.03671875 0.17578125
0 0.1125 0.4546875 0.07578125 0.2859375
0 0.15234375 0.3953125 0.0234375 0.05234375
0 0.16640625 0.4015625 0.0171875 0.0375
0 0.203125 0.421875 0.02578125 0.0671875
0 0.2296875 0.42109375 0.01640625 0.0390625
0 0.31484375 0.4515625 0.06015625 0.25625
0 0.3546875 0.45078125 0.05 0.2171875
0 0.4359375 0.45078125 0.06640625 0.196875
0 0.50078125 0.4515625 0.04921875 0.17265625
0 0.52578125 0.44296875 0.0171875 0.078125
0 0.5359375 0.44296875 0.0125 0.06796875
0 0.5796875 0.44375 0.08984375 0.25078125
0 0.60859375 0.45703125 0.03203125 0.13828125
0 0.64296875 0.39765625 0.03828125 0.08046875
0 0.67109375 0.4015625 0.04765625 0.1609375
0 0.75546875 0.41484375 0.03671875 0.16640625
0 0.7140625 0.459375 0.09140625 0.41640625
0 0.79921875 0.42890625 0.028125 0.10078125
0 0.8265625 0.4359375 0.02734375 0.11953125
0 0.865625 0.3671875 0.05625 0.0984375
0 0.89765625 0.38203125 0.046875 0.05625
0 0.9359375 0.44765625 0.078125 0.25078125
0 0.01640625 0.40390625 0.01171875 0.02734375
0 0.075 0.45 0.02890625 0.15546875
0 0.13359375 0.39609375 0.01640625 0.01953125
0 0.18125 0.41328125 0.025 0.02109375
0 0.28359375 0.41640625 0.0140625 0.02109375
0 0.3875 0.4390625 0.04765625 0.053125
0 0.475 0.46796875 0.03359375 0.16875
0 0.54765625 0.4421875 0.0234375 0.0765625
0 0.7984375 0.41328125 0.05703125 0.0375
0 0.98046875 0.4265625 0.0234375 0.065625