0 0.9890625 0.559375 0.021875 0.478125
0 0.95703125 0.49140625 0.078125 0.4203125
0 0.9203125 0.4390625 0.08203125 0.4015625
0 0.88125 0.7953125 0.09140625 0.28984375
0 0.7453125 0.6765625 0.071875 0.10703125
0 0.70390625 0.80859375 0.34296875 0.35
0 0.75625 0.82421875 0.15859375 0.228125
0 0.66953125 0.75703125 0.1921875 0.33671875
0 0.5109375 0.76953125 0.33671875 0.38515625
0 0.45703125 0.73359375 0.128125 0.31640625
0 0.3359375 0.7640625 0.18671875 0.3453125
0 0.25390625 0.72734375 0.1859375 0.33828125
0 0.1453125 0.71484375 0.18125 0.33359375
0 0.72578125 0.5390625 0.08359375 0.33515625
0 0.67109375 0.540625 0.09296875 0.34140625
0 0.59609375 0.60078125 0.128125 0.3515625
0 0.55625 0.6265625 0.0703125 0.18359375
0 0.63828125 0.37421875 0.10546875 0.1953125
0 0.58515625 0.41328125 0.0921875 0.2796875
0 0.4578125 0.56484375 0.16015625 0.31015625
0 0.5109375 0.415625 0.09921875 0.375
0 0.3984375 0.39296875 0.04140625 0.21328125
0 0.35859375 0.45390625 0.0921875 0.38515625
0 0.32109375 0.32578125 0.0375 0.09140625
0 0.296875 0.48828125 0.09765625 0.36640625
0 0.253125 0.48671875 0.0859375 0.38984375
0 0.171875 0.52578125 0.1046875 0.49140625
0 0.171875 0.328125 0.1078125 0.20703125
0 0.06640625 0.553125 0.13203125 0.553125
0 0.63515625 0.28046875 0.1140625 0.1015625