0 0.07890625 0.2703125 0.0609375 0.20234375
0 0.13359375 0.2578125 0.078125 0.1734375
0 0.2078125 0.2125 0.0421875 0.121875
0 0.23125 0.21484375 0.0265625 0.06875
0 0.42890625 0.2125 0.02421875 0.05078125
0 0.4625 0.23515625 0.02109375 0.08984375
0 0.4703125 0.234375 0.02109375 0.08984375
0 0.4875 0.23515625 0.02734375 0.1140625
0 0.5046875 0.2109375 0.025 0.0671875
0 0.5203125 0.2671875 0.0421875 0.1921875
0 0.54375 0.27578125 0.065625 0.2046875
0 0.35546875 0.50078125 0.34765625 0.99765625
0 0.625 0.2125 0.01015625 0.02578125
0 0.64375 0.2140625 0.0078125 0.02734375
0 0.69140625 0.215625 0.0078125 0.02421875
0 0.7109375 0.21875 0.01484375 0.03671875
0 0.79296875 0.225 0.0203125 0.04609375
0 0.80234375 0.225 0.0265625 0.046875
0 0.94296875 0.234375 0.02265625 0.06328125
0 0.9625 0.23828125 0.0328125 0.06640625
0 0.9875 0.24375 0.01953125 0.06796875
0 0.940625 0.23828125 0.1140625 0.08359375
0 0.75 0.22421875 0.04921875 0.046875
0 0.359375 0.22890625 0.3078125 0.11328125