0 0.12109375 0.840625 0.2421875 0.31875
0 0.51875 0.846875 0.19921875 0.30546875
0 0.2953125 0.8296875 0.1984375 0.33828125
0 0.2078125 0.8140625 0.1296875 0.37109375
0 0.16015625 0.68828125 0.08984375 0.15390625
0 0.1921875 0.63125 0.04296875 0.13515625
0 0.3078125 0.68828125 0.10234375 0.21328125
0 0.4359375 0.84140625 0.11640625 0.31640625
0 0.41328125 0.76328125 0.11484375 0.271875
0 0.396875 0.6890625 0.075 0.2171875
0 0.3765625 0.67109375 0.0421875 0.19140625
0 0.35 0.59765625 0.040625 0.109375
0 0.36953125 0.5609375 0.02109375 0.04140625
0 0.3109375 0.571875 0.0296875 0.05078125
0 0.6375 0.825 0.11484375 0.34921875
0 0.56015625 0.6625 0.09765625 0.24140625
0 0.4765625 0.6359375 0.07890625 0.1703125
0 0.53359375 0.63046875 0.04609375 0.1234375
0 0.45390625 0.5953125 0.03671875 0.12421875
0 0.171875 0.5234375 0.021875 0.13671875
0 0.18828125 0.5171875 0.0171875 0.09921875
0 0.20078125 0.5234375 0.03671875 0.0953125
0 0.23515625 0.54375 0.03125 0.1234375
0 0.2359375 0.5296875 0.0328125 0.13515625
0 0.25390625 0.5234375 0.01875 0.11875
0 0.27578125 0.52578125 0.02421875 0.10546875
0 0.28515625 0.52578125 0.025 0.1140625
0 0.26640625 0.465625 0.01640625 0.03671875
0 0.275 0.4734375 0.01328125 0.0296875
0 0.2984375 0.5109375 0.01875 0.10078125
0 0.2828125 0.45859375 0.00859375 0.021875
0 0.3078125 0.5015625 0.01171875 0.0796875
0 0.31953125 0.50703125 0.01875 0.1109375
0 0.33984375 0.4765625 0.00703125 0.03671875
0 0.33984375 0.465625 0.00859375 0.04140625
0 0.3484375 0.4859375 0.015625 0.071875
0 0.3609375 0.50859375 0.02109375 0.08203125
0 0.36640625 0.4671875 0.0203125 0.04140625
0 0.38125 0.4640625 0.021875 0.03828125
0 0.38828125 0.46796875 0.0140625 0.0375
0 0.38203125 0.5234375 0.0265625 0.109375
0 0.39921875 0.4765625 0.01796875 0.0453125
0 0.4140625 0.52109375 0.0296875 0.13046875
0 0.42109375 0.47578125 0.009375 0.025
0 0.440625 0.553125 0.03046875 0.16171875
0 0.4515625 0.49375 0.0171875 0.046875
0 0.44921875 0.4625 0.0203125 0.025
0 0.4796875 0.49921875 0.0234375 0.06875
0 0.48828125 0.478125 0.0171875 0.04375
0 0.57109375 0.48984375 0.01796875 0.0546875
0 0.55859375 0.496875 0.02578125 0.04375
0 0.534375 0.49453125 0.021875 0.06015625
0 0.584375 0.5734375 0.03125 0.121875
0 0.54453125 0.53359375 0.025 0.0828125
0 0.55859375 0.56875 0.0265625 0.1078125
0 0.54140625 0.4859375 0.0203125 0.04140625
0 0.5265625 0.51484375 0.01875 0.06328125
0 0.49609375 0.5265625 0.0296875 0.0640625
0 0.521875 0.53828125 0.028125 0.05546875
0 0.5078125 0.49921875 0.021875 0.03046875
0 0.83515625 0.84453125 0.1328125 0.3109375
0 0.7171875 0.81328125 0.096875 0.37265625
0 0.6625 0.6625 0.053125 0.171875
0 0.6265625 0.60625 0.04375 0.109375
0 0.65234375 0.55546875 0.028125 0.0421875
0 0.7375 0.6390625 0.04375 0.18671875
0 0.890625 0.76015625 0.1421875 0.28515625
0 0.925 0.7484375 0.08125 0.3171875
0 0.890625 0.64453125 0.0453125 0.1203125
0 0.79140625 0.72421875 0.08125 0.2953125
0 0.77578125 0.68125 0.084375 0.26015625
0 0.86171875 0.59375 0.05625 0.1390625
0 0.9125 0.5625 0.05390625 0.05703125
0 0.7640625 0.5671875 0.04453125 0.09765625
0 0.7171875 0.5640625 0.03984375 0.103125
0 0.696875 0.5671875 0.0359375 0.12578125
0 0.67578125 0.52734375 0.0359375 0.1
0 0.59765625 0.5390625 0.02421875 0.1390625
0 0.61875 0.55 0.0359375 0.1328125
0 0.615625 0.49140625 0.02265625 0.040625
0 0.6140625 0.475 0.0203125 0.03671875
0 0.63359375 0.496875 0.0265625 0.08125
0 0.65 0.465625 0.021875 0.03515625
0 0.6546875 0.50546875 0.0265625 0.0734375
0 0.67265625 0.46953125 0.009375 0.021875
0 0.70625 0.48046875 0.01875 0.05078125
0 0.7078125 0.5109375 0.01640625 0.04140625
0 0.78671875 0.45234375 0.00703125 0.028125
0 0.75625 0.4546875 0.0109375 0.03828125
0 0.76328125 0.46015625 0.00859375 0.03046875
0 0.76953125 0.45390625 0.00625 0.02734375
0 0.72734375 0.48125 0.025 0.053125
0 0.721875 0.50078125 0.01640625 0.040625
0 0.7296875 0.51015625 0.01640625 0.028125
0 0.74375 0.5171875 0.0234375 0.0484375
0 0.740625 0.46640625 0.01875 0.034375
0 0.7515625 0.4890625 0.025 0.06640625
0 0.7703125 0.46953125 0.01640625 0.0359375
0 0.775 0.4796875 0.01796875 0.0328125
0 0.7953125 0.5171875 0.034375 0.08203125
0 0.7953125 0.4765625 0.01015625 0.01875
0 0.79375 0.46640625 0.0171875 0.025
0 0.8046875 0.49765625 0.021875 0.0578125
0 0.82265625 0.465625 0.01484375 0.02265625
0 0.81875 0.49609375 0.01953125 0.0421875
0 0.834375 0.4875 0.01796875 0.02265625
0 0.8421875 0.475 0.01640625 0.0359375
0 0.878125 0.53515625 0.03203125 0.096875
0 0.859375 0.5015625 0.02265625 0.04375
0 0.89296875 0.49296875 0.01796875 0.02421875
0 0.89765625 0.4859375 0.015625 0.03828125
0 0.91640625 0.49296875 0.0234375 0.04140625
0 0.9359375 0.4765625 0.01484375 0.0296875
0 0.93125 0.54609375 0.03515625 0.06953125
0 0.95625 0.5234375 0.028125 0.08203125
0 0.965625 0.59375 0.06875 0.171875
0 0.9734375 0.78046875 0.053125 0.396875
0 0.98046875 0.84453125 0.0390625 0.3109375
0 0.1171875 0.52578125 0.0375 0.115625
0 0.1078125 0.44765625 0.00703125 0.01796875
0 0.1125 0.5046875 0.01640625 0.08828125
0 0.0984375 0.50546875 0.0234375 0.09375
0 0.0109375 0.50234375 0.021875 0.09140625
0 0.0328125 0.5390625 0.0375 0.14375
0 0.05078125 0.53046875 0.034375 0.14140625
0 0.05390625 0.4703125 0.0328125 0.0515625
0 0.07578125 0.54296875 0.040625 0.15078125
0 0.2375 0.446875 0.00625 0.01875
0 0.7296875 0.4515625 0.0109375 0.02734375
0 0.15546875 0.50625 0.0625 0.24375
0 0.0265625 0.83984375 0.053125 0.2921875
0 0.53828125 0.55390625 0.13984375 0.1953125
0 0.28203125 0.48203125 0.04765625 0.04453125
0 0.45234375 0.49453125 0.0328125 0.08046875
0 0.9765625 0.72734375 0.046875 0.5390625
0 0.646875 0.58046875 0.0734375 0.109375
0 0.7390625 0.53515625 0.04453125 0.07734375
0 0.69765625 0.4875 0.03828125 0.0765625
0 0.65 0.48671875 0.021875 0.03828125
0 0.75546875 0.4671875 0.00703125 0.0171875
0 0.85703125 0.51328125 0.19453125 0.1296875
0 0.13984375 0.54296875 0.015625 0.06015625
0 0.08984375 0.45703125 0.01484375 0.028125
0 0.22890625 0.45 0.00703125 0.0203125
0 0.28828125 0.4421875 0.003125 0.01015625
0 0.7296875 0.4390625 0.01171875 0.015625