0 0.846875 0.865625 0.12890625 0.26875
0 0.7234375 0.875 0.1 0.246875
0 0.9578125 0.94140625 0.08203125 0.1140625
0 0.94609375 0.80078125 0.0578125 0.21875
0 0.9 0.778125 0.05390625 0.1859375
0 0.86953125 0.7609375 0.04921875 0.12421875
0 0.7671875 0.83515625 0.05 0.290625
0 0.7078125 0.77265625 0.0453125 0.13671875
0 0.684375 0.7875 0.034375 0.15078125
0 0.64140625 0.86328125 0.08203125 0.2703125
0 0.646875 0.74921875 0.053125 0.1
0 0.6015625 0.825 0.05 0.234375
0 0.56328125 0.85078125 0.0796875 0.29609375
0 0.51171875 0.82890625 0.07421875 0.278125
0 0.44921875 0.7859375 0.0421875 0.15078125
0 0.365625 0.7734375 0.0296875 0.1328125
0 0.39609375 0.86796875 0.05078125 0.2609375
0 0.39921875 0.7640625 0.04921875 0.1078125
0 0.3375 0.8703125 0.12734375 0.25859375
0 0.2734375 0.865625 0.10625 0.26875
0 0.17734375 0.834375 0.046875 0.221875
0 0.1359375 0.78828125 0.03046875 0.11875
0 0.1 0.75078125 0.0546875 0.11171875
0 0.1171875 0.88515625 0.15 0.2265625
0 0.04296875 0.7640625 0.075 0.13984375
0 0.21953125 0.79375 0.05546875 0.2078125
0 0.49453125 0.74765625 0.03203125 0.1078125
0 0.58828125 0.71953125 0.0234375 0.06171875
0 0.684375 0.78515625 0.0328125 0.15234375
0 0.67734375 0.7328125 0.028125 0.09375
0 0.8046875 0.71640625 0.03046875 0.05234375
0 0.82734375 0.71796875 0.02109375 0.06640625
0 0.31484375 0.771875 0.028125 0.08984375
0 0.2609375 0.7484375 0.028125 0.04765625
0 0.1875 0.71875 0.0234375 0.05234375
0 0.16171875 0.740625 0.0265625 0.05
0 0.97109375 0.76796875 0.0421875 0.14453125
0 0.98359375 0.7328125 0.03046875 0.090625
0 0.84375 0.71484375 0.028125 0.04453125
0 0.82734375 0.71953125 0.021875 0.0640625
0 0.7890625 0.7625 0.03828125 0.09375
0 0.68515625 0.69921875 0.021875 0.0359375
0 0.540625 0.73203125 0.02890625 0.0640625
0 0.4703125 0.76875 0.0296875 0.13203125
0 0.4328125 0.7796875 0.02890625 0.13046875
0 0.41484375 0.73125 0.025 0.06171875
0 0.91796875 0.75234375 0.03359375 0.0984375
0 0.5359375 0.65390625 0.1734375 0.0515625
0 0.0421875 0.78203125 0.084375 0.15234375
0 0.3 0.7234375 0.1046875 0.08671875
0 0.9578125 0.69765625 0.08359375 0.06640625
0 0.7296875 0.71484375 0.0484375 0.08828125
0 0.80078125 0.69296875 0.07734375 0.0515625
0 0.115625 0.73359375 0.06484375 0.084375
0 0.89140625 0.72421875 0.05078125 0.090625
0 0.68515625 0.70390625 0.0421875 0.0515625
0 0.634375 0.72109375 0.0609375 0.084375
0 0.47734375 0.7078125 0.25625 0.0578125
0 0.19765625 0.71484375 0.10078125 0.11796875
0 0.2359375 0.8375 0.02578125 0.13046875
0 0.6890625 0.90234375 0.034375 0.03203125
0 0.94921875 0.9765625 0.10078125 0.04609375
0 0.98828125 0.83828125 0.0234375 0.12578125