0 0.14453125 0.578125 0.0765625 0.26015625
0 0.19921875 0.57890625 0.08125 0.2953125
0 0.2296875 0.49296875 0.02265625 0.0765625
0 0.2859375 0.5640625 0.10625 0.30859375
0 0.33203125 0.51484375 0.0359375 0.13359375
0 0.34140625 0.51328125 0.0171875 0.11640625
0 0.3421875 0.52578125 0.0171875 0.125
0 0.36484375 0.51953125 0.0328125 0.1484375
0 0.378125 0.528125 0.03359375 0.1796875
0 0.39375 0.57578125 0.0546875 0.23828125
0 0.4375 0.5109375 0.03984375 0.1453125
0 0.46171875 0.5015625 0.01875 0.096875
0 0.4828125 0.503125 0.0328125 0.11328125
0 0.5015625 0.5015625 0.0265625 0.11015625
0 0.51171875 0.49453125 0.01640625 0.08828125
0 0.52578125 0.4984375 0.02109375 0.10703125
0 0.53984375 0.52265625 0.04765625 0.16796875
0 0.56484375 0.5125 0.025 0.1453125
0 0.5765625 0.50546875 0.03984375 0.1515625
0 0.5921875 0.52578125 0.03125 0.16796875
0 0.6125 0.48046875 0.02265625 0.08515625
0 0.62421875 0.5203125 0.03125 0.18359375
0 0.6609375 0.5640625 0.0875 0.321875
0 0.73828125 0.5734375 0.09609375 0.33984375
0 0.7671875 0.5671875 0.06875 0.3015625
0 0.7921875 0.509375 0.03125 0.1546875
0 0.82734375 0.49296875 0.03515625 0.15703125
0 0.83359375 0.49921875 0.025 0.14140625
0 0.975 0.515625 0.05 0.321875
0 0.309375 0.46171875 0.0265625 0.0296875
0 0.96796875 0.79921875 0.0609375 0.28515625
0 0.1109375 0.47109375 0.0171875 0.03203125
0 0.17109375 0.47265625 0.0296875 0.0546875
0 0.68984375 0.446875 0.05 0.06015625
0 0.03203125 0.4828125 0.0640625 0.1046875