0 0.009375 0.659375 0.01796875 0.0921875
0 0.06484375 0.67890625 0.034375 0.16796875
0 0.05 0.67109375 0.028125 0.1296875
0 0.1234375 0.6796875 0.0265625 0.121875
0 0.1515625 0.6796875 0.03046875 0.10703125
0 0.1265625 0.6703125 0.040625 0.11328125
0 0.17109375 0.66640625 0.0234375 0.10625
0 0.19609375 0.67734375 0.040625 0.1234375
0 0.215625 0.68359375 0.0515625 0.1421875
0 0.2453125 0.675 0.03203125 0.10859375
0 0.2984375 0.66953125 0.0203125 0.10234375
0 0.31953125 0.68359375 0.03828125 0.10234375
0 0.31171875 0.6734375 0.03828125 0.11484375
0 0.36015625 0.675 0.03046875 0.09609375
0 0.34765625 0.67421875 0.02421875 0.08984375
0 0.38671875 0.65390625 0.0203125 0.0859375
0 0.41328125 0.66875 0.02578125 0.0984375
0 0.45703125 0.68125 0.028125 0.103125
0 0.46640625 0.66796875 0.01484375 0.0875
0 0.48046875 0.659375 0.0109375 0.0625
0 0.48828125 0.68203125 0.02109375 0.10703125
0 0.5171875 0.66953125 0.0265625 0.08203125
0 0.5953125 0.68203125 0.02265625 0.0921875
0 0.65703125 0.66484375 0.02109375 0.07734375
0 0.7703125 0.66953125 0.015625 0.0671875
0 0.92109375 0.6578125 0.0171875 0.0609375
0 0.965625 0.6578125 0.0203125 0.05859375
0 0.9875 0.66171875 0.01328125 0.05703125
0 0.06875 0.66796875 0.02421875 0.10859375
0 0.221875 0.6296875 0.03828125 0.03203125
0 0.971875 0.6578125 0.028125 0.05859375
0 0.83515625 0.646875 0.0125 0.0296875
0 0.21640625 0.73203125 0.2421875 0.05