0 0.246875 0.69296875 0.0296875 0.05859375
0 0.26171875 0.6703125 0.0203125 0.04375
0 0.29765625 0.6765625 0.04609375 0.07578125
0 0.2875 0.771875 0.05 0.175
0 0.3234375 0.74296875 0.0515625 0.14453125
0 0.3671875 0.72421875 0.05234375 0.1484375
0 0.4171875 0.7296875 0.05 0.14453125
0 0.4625 0.728125 0.05625 0.140625
0 0.5265625 0.7328125 0.0578125 0.15
0 0.5984375 0.72265625 0.04453125 0.15625
0 0.65703125 0.7234375 0.05546875 0.15
0 0.70859375 0.7515625 0.05859375 0.2453125
0 0.7734375 0.73359375 0.0515625 0.17109375
0 0.85703125 0.72109375 0.05 0.13515625
0 0.8875 0.72421875 0.0375 0.140625
0 0.90859375 0.7296875 0.034375 0.10625
0 0.16015625 0.83671875 0.03046875 0.11796875
0 0.19140625 0.8328125 0.05390625 0.16328125
0 0.21328125 0.80625 0.034375 0.11015625
0 0.23359375 0.815625 0.03359375 0.0953125
0 0.24921875 0.82421875 0.04453125 0.1046875
0 0.290625 0.8453125 0.03984375 0.14609375
0 0.33125 0.84765625 0.04765625 0.1484375
0 0.375 0.83359375 0.05 0.1390625
0 0.42109375 0.85 0.04765625 0.17890625
0 0.46796875 0.8328125 0.06171875 0.17890625
0 0.51015625 0.8515625 0.04375 0.17890625
0 0.55078125 0.846875 0.04765625 0.184375
0 0.58046875 0.8234375 0.0375 0.121875
0 0.61953125 0.840625 0.0578125 0.15234375
0 0.66640625 0.8359375 0.05234375 0.15390625
0 0.72265625 0.84140625 0.03984375 0.1125
0 0.75703125 0.83359375 0.03984375 0.0890625
0 0.79375 0.8375 0.04140625 0.10859375
0 0.8171875 0.8171875 0.03984375 0.1484375
0 0.8453125 0.82734375 0.0296875 0.08359375
0 0.8765625 0.8390625 0.03828125 0.1125
0 0.9078125 0.815625 0.04609375 0.11796875
0 0.9375 0.8296875 0.03046875 0.1046875
0 0.96640625 0.8453125 0.03984375 0.11953125
0 0.98671875 0.8375 0.0265625 0.1578125
0 0.1265625 0.91796875 0.0296875 0.0796875
0 0.14453125 0.9375 0.06171875 0.09921875
0 0.1703125 0.9484375 0.03828125 0.09921875
0 0.17578125 0.8984375 0.028125 0.05859375
0 0.21328125 0.95703125 0.065625 0.08203125
0 0.203125 0.90703125 0.0421875 0.07578125
0 0.23984375 0.9 0.03828125 0.05859375
0 0.29296875 0.953125 0.0703125 0.0890625
0 0.33203125 0.925 0.028125 0.09296875
0 0.36953125 0.96015625 0.04609375 0.0796875
0 0.4015625 0.96171875 0.0375 0.07578125
0 0.378125 0.91171875 0.04140625 0.09296875
0 0.415625 0.91796875 0.04140625 0.09140625
0 0.46328125 0.9296875 0.0375 0.08359375
0 0.490625 0.9640625 0.034375 0.071875
0 0.50859375 0.915625 0.03359375 0.096875
0 0.515625 0.93984375 0.04609375 0.0859375
0 0.571875 0.95859375 0.05625 0.0828125
0 0.58046875 0.9109375 0.0296875 0.09140625
0 0.596875 0.946875 0.03203125 0.10625
0 0.628125 0.9359375 0.0515625 0.1234375
0 0.6625 0.9546875 0.06015625 0.0875
0 0.7046875 0.9546875 0.04453125 0.0875
0 0.74453125 0.95859375 0.0578125 0.0828125
0 0.78203125 0.946875 0.0515625 0.10234375
0 0.79140625 0.9125 0.0296875 0.06875
0 0.82265625 0.9265625 0.0421875 0.096875
0 0.81796875 0.96484375 0.04375 0.0703125
0 0.8671875 0.91640625 0.021875 0.071875
0 0.92109375 0.95390625 0.0296875 0.0921875
0 0.91953125 0.925 0.03359375 0.10078125
0 0.94609375 0.94296875 0.03359375 0.1140625
0 0.87109375 0.92421875 0.03203125 0.0421875
0 0.0453125 0.94765625 0.05 0.1046875
0 0.028125 0.92890625 0.02578125 0.06640625
0 0.09453125 0.94921875 0.0453125 0.1015625
0 0.91171875 0.82890625 0.1765625 0.33828125
0 0.23671875 0.7 0.0984375 0.10625
0 0.41171875 0.93046875 0.8234375 0.1390625
0 0.4640625 0.94296875 0.0359375 0.1140625
0 0.578125 0.35859375 0.3203125 0.446875