0 0.16015625 0.6765625 0.11875 0.64296875
0 0.2515625 0.615625 0.1046875 0.478125
0 0.3015625 0.55859375 0.07578125 0.4359375
0 0.3546875 0.546875 0.20078125 0.39609375
0 0.44609375 0.5671875 0.165625 0.35859375
0 0.48828125 0.56953125 0.07734375 0.340625
0 0.5734375 0.540625 0.1265625 0.40234375
0 0.72421875 0.42421875 0.0578125 0.16015625
0 0.8125 0.65703125 0.16640625 0.68359375
0 0.37109375 0.38984375 0.08984375 0.15703125
0 0.45625 0.4046875 0.04453125 0.15
0 0.52265625 0.3953125 0.20625 0.228125
0 0.5796875 0.40859375 0.078125 0.17421875
0 0.67578125 0.3546875 0.0546875 0.153125
0 0.74375 0.3609375 0.05625 0.1890625
0 0.68828125 0.6734375 0.12265625 0.63671875
0 0.625 0.421875 0.0734375 0.21328125
0 0.12265625 0.2890625 0.06328125 0.090625
0 0.1859375 0.26953125 0.028125 0.0515625
0 0.034375 0.40625 0.02734375 0.06328125
0 0.87421875 0.32578125 0.02734375 0.06015625
0 0.828125 0.30859375 0.034375 0.06484375
0 0.21796875 0.26875 0.02734375 0.04375