0 0.840625 0.76953125 0.0328125 0.159375
0 0.86796875 0.775 0.034375 0.1578125
0 0.8734375 0.76171875 0.04765625 0.18125
0 0.77890625 0.73828125 0.05078125 0.190625
0 0.66640625 0.77578125 0.0953125 0.2859375
0 0.68671875 0.7765625 0.04375 0.23046875
0 0.64921875 0.6984375 0.025 0.14765625
0 0.5859375 0.7453125 0.05078125 0.2234375
0 0.50234375 0.7484375 0.08203125 0.20390625
0 0.4703125 0.7640625 0.0625 0.21015625
0 0.39140625 0.76796875 0.053125 0.2078125
0 0.38984375 0.7734375 0.078125 0.26328125
0 0.30546875 0.79140625 0.09140625 0.259375
0 0.321875 0.77265625 0.0609375 0.1828125
0 0.3375 0.74296875 0.025 0.1484375
0 0.21484375 0.778125 0.0359375 0.21171875
0 0.1703125 0.82578125 0.08984375 0.34140625
0 0.1015625 0.82890625 0.125 0.3421875
0 0.14375 0.746875 0.04296875 0.20390625
0 0.140625 0.78515625 0.04375 0.22890625
0 0.1 0.7 0.0578125 0.1046875
0 0.0375 0.7671875 0.075 0.246875
0 0.0125 0.78515625 0.025 0.2078125
0 0.0203125 0.72421875 0.01328125 0.103125
0 0.13359375 0.8578125 0.00859375 0.0171875
0 0.48125 0.6109375 0.05 0.1078125
0 0.3546875 0.61640625 0.0390625 0.11875