0 0.11015625 0.671875 0.1140625 0.0953125
0 0.4 0.7421875 0.071875 0.378125
0 0.41328125 0.69921875 0.0609375 0.28203125
0 0.43671875 0.63203125 0.0296875 0.17578125
0 0.484375 0.671875 0.059375 0.246875
0 0.503125 0.74296875 0.05625 0.23359375
0 0.54296875 0.66328125 0.0578125 0.215625
0 0.60546875 0.6125 0.0421875 0.1
0 0.6265625 0.61015625 0.040625 0.10859375
0 0.6828125 0.71796875 0.0875 0.346875
0 0.775 0.65703125 0.090625 0.121875
0 0.81328125 0.73203125 0.0984375 0.2421875
0 0.93671875 0.53984375 0.0578125 0.12890625
0 0.4265625 0.6625 0.034375 0.1203125