0 0.03671875 0.73671875 0.0484375 0.05234375
0 0.16171875 0.74375 0.04375 0.05703125
0 0.1484375 0.7359375 0.034375 0.04453125
0 0.23515625 0.7625 0.03203125 0.02421875
0 0.21328125 0.75390625 0.04375 0.0609375
0 0.19375 0.73203125 0.025 0.03125
0 0.1828125 0.72578125 0.021875 0.02421875
0 0.2078125 0.728125 0.01953125 0.03828125
0 0.290625 0.77109375 0.07578125 0.10859375
0 0.30703125 0.76640625 0.0453125 0.0859375
0 0.33125 0.76875 0.04375 0.0953125
0 0.35234375 0.75546875 0.0265625 0.07421875
0 0.359375 0.765625 0.03828125 0.075
0 0.3765625 0.76796875 0.04296875 0.08828125
0 0.3953125 0.74609375 0.02421875 0.05546875
0 0.34453125 0.7171875 0.025 0.0140625
0 0.41796875 0.75625 0.02890625 0.05234375
0 0.4390625 0.77734375 0.071875 0.1046875
0 0.446875 0.7296875 0.03359375 0.03359375
0 0.4765625 0.76484375 0.03671875 0.08671875
0 0.49765625 0.72890625 0.02890625 0.03515625
0 0.5046875 0.7828125 0.05859375 0.08046875
0 0.51015625 0.7703125 0.05625 0.09765625
0 0.53359375 0.75859375 0.03828125 0.0828125
0 0.525 0.7125 0.01640625 0.0140625
0 0.58359375 0.7203125 0.02109375 0.03203125
0 0.61328125 0.721875 0.0171875 0.03203125
0 0.62578125 0.76640625 0.0359375 0.08203125
0 0.6640625 0.778125 0.08203125 0.1078125
0 0.665625 0.80234375 0.0578125 0.04375
0 0.80546875 0.759375 0.05625 0.0890625
0 0.86015625 0.8 0.075 0.13203125
0 0.93515625 0.77734375 0.0890625 0.09453125
0 0.89453125 0.77265625 0.0515625 0.08125
0 0.896875 0.734375 0.03359375 0.02734375
0 0.7796875 0.71328125 0.01640625 0.01484375
0 0.7015625 0.72421875 0.0140625 0.02421875
0 0.66171875 0.71640625 0.01875 0.01796875
0 0.6734375 0.721875 0.0140625 0.0265625
0 0.690625 0.7203125 0.009375 0.02265625
0 0.87890625 0.7140625 0.01171875 0.015625
0 0.74140625 0.7078125 0.025 0.00703125
0 0.53203125 0.7140625 0.009375 0.01015625
0 0.340625 0.7203125 0.0171875 0.00625
0 0.66796875 0.71171875 0.00703125 0.0046875
0 0.6765625 0.715625 0.00546875 0.01328125
0 0.7234375 0.709375 0.01015625 0.0046875
0 0.70625 0.71015625 0.0234375 0.0046875
0 0.68984375 0.71015625 0.009375 0.0046875
0 0.696875 0.70625 0.00703125 0.003125
0 0.928125 0.709375 0.01875 0.01015625
0 0.7765625 0.70859375 0.00703125 0.00390625
0 0.865625 0.71328125 0.01015625 0.01328125
0 0.7765625 0.73203125 0.065625 0.0203125