0 0.665625 0.871875 0.03671875 0.17578125
0 0.640625 0.825 0.03203125 0.1640625
0 0.6328125 0.87421875 0.03359375 0.1671875
0 0.609375 0.7671875 0.03359375 0.0453125
0 0.61796875 0.79296875 0.02421875 0.05703125
0 0.6015625 0.8671875 0.03671875 0.18359375
0 0.58359375 0.759375 0.03046875 0.06796875
0 0.5828125 0.84609375 0.02421875 0.1671875
0 0.5671875 0.8765625 0.03671875 0.16875
0 0.5625 0.77578125 0.02421875 0.0484375
0 0.5484375 0.84765625 0.02578125 0.1671875
0 0.5328125 0.87109375 0.03671875 0.17734375
0 0.53125 0.7625 0.02734375 0.05546875
0 0.51640625 0.84609375 0.025 0.17109375
0 0.496875 0.878125 0.03515625 0.16875
0 0.515625 0.759375 0.025 0.075
0 0.49921875 0.76484375 0.02734375 0.05390625
0 0.46328125 0.871875 0.034375 0.17890625
0 0.48203125 0.8375 0.02421875 0.13984375
0 0.48203125 0.759375 0.02578125 0.075
0 0.46484375 0.77578125 0.028125 0.06796875
0 0.4453125 0.84921875 0.02578125 0.1640625
0 0.44453125 0.74453125 0.02734375 0.05234375
0 0.42265625 0.76328125 0.021875 0.06953125
0 0.4265625 0.875 0.03671875 0.17265625
0 0.41171875 0.83046875 0.02890625 0.1515625
0 0.403125 0.75546875 0.02578125 0.06328125
0 0.390625 0.87734375 0.03671875 0.17109375
0 0.390625 0.76953125 0.01953125 0.05390625
0 0.3765625 0.84609375 0.03125 0.1671875
0 0.3671875 0.76875 0.03203125 0.10078125
0 0.3515625 0.87421875 0.034375 0.17421875
0 0.35625 0.7734375 0.02109375 0.04375
0 0.340625 0.84765625 0.02578125 0.1671875
0 0.315625 0.86796875 0.03984375 0.18515625
0 0.28828125 0.87421875 0.0375 0.17734375