0 0.09609375 0.7953125 0.19140625 0.40859375
0 0.24921875 0.81328125 0.12578125 0.371875
0 0.33984375 0.82265625 0.09921875 0.35390625
0 0.47890625 0.8078125 0.103125 0.38359375
0 0.55546875 0.69921875 0.05078125 0.20546875
0 0.58671875 0.84765625 0.146875 0.30390625
0 0.8 0.84140625 0.190625 0.3171875
0 0.865625 0.753125 0.06875 0.21640625
0 0.92890625 0.82578125 0.125 0.346875
0 0.965625 0.80859375 0.06875 0.3609375
0 0.259375 0.35625 0.51875 0.24609375
0 0.88046875 0.69453125 0.0390625 0.10078125