0 0.959375 0.63984375 0.0796875 0.4125
0 0.9015625 0.6640625 0.10078125 0.44375
0 0.81328125 0.64765625 0.0875 0.4171875
0 0.8546875 0.64375 0.0453125 0.396875
0 0.73671875 0.65078125 0.07890625 0.40234375
0 0.66484375 0.63359375 0.08515625 0.41015625
0 0.61171875 0.6140625 0.0734375 0.4203125
0 0.66796875 0.459375 0.06875 0.121875
0 0.71015625 0.61171875 0.040625 0.3921875
0 0.76796875 0.61328125 0.0578125 0.44765625
0 0.9125 0.46328125 0.0515625 0.0921875
0 0.8625 0.46875 0.05390625 0.096875
0 0.8234375 0.45859375 0.02734375 0.0703125
0 0.7375 0.43671875 0.03984375 0.08359375
0 0.78828125 0.44375 0.0265625 0.040625
0 0.80390625 0.42421875 0.028125 0.046875
0 0.684375 0.41328125 0.03828125 0.11015625
0 0.6421875 0.42578125 0.0453125 0.10546875
0 0.584375 0.4359375 0.053125 0.1421875
0 0.5359375 0.43515625 0.0578125 0.134375
0 0.55546875 0.57421875 0.06640625 0.28125
0 0.46796875 0.4359375 0.0625 0.15078125
0 0.50078125 0.55078125 0.08125 0.24296875
0 0.425 0.52265625 0.0875 0.21640625
0 0.38828125 0.4359375 0.06953125 0.1640625
0 0.303125 0.425 0.0828125 0.21484375
0 0.5421875 0.73515625 0.09375 0.3015625
0 0.475 0.72890625 0.078125 0.31328125
0 0.390625 0.728125 0.09765625 0.29453125
0 0.3328125 0.73046875 0.10546875 0.29609375
0 0.35078125 0.53125 0.07734375 0.27265625
0 0.32109375 0.56796875 0.07890625 0.2046875
0 0.25703125 0.64765625 0.084375 0.41171875
0 0.153125 0.6921875 0.09453125 0.3921875
0 0.06171875 0.65859375 0.10625 0.50625
0 0.06171875 0.63828125 0.1234375 0.4953125
0 0.10859375 0.62109375 0.05078125 0.41015625
0 0.134375 0.45703125 0.04765625 0.1140625
0 0.17421875 0.47109375 0.05546875 0.08046875
0 0.16328125 0.640625 0.05390625 0.396875
0 0.215625 0.6328125 0.078125 0.415625
0 0.22578125 0.44453125 0.05078125 0.0953125
0 0.25078125 0.46015625 0.03125 0.06875