0 0.55625 0.60078125 0.16015625 0.73984375
0 0.6765625 0.55546875 0.0796875 0.3296875
0 0.69921875 0.56796875 0.06484375 0.29375
0 0.72578125 0.5078125 0.02421875 0.1
0 0.7765625 0.5859375 0.05859375 0.3203125
0 0.8796875 0.54921875 0.14296875 0.9015625
0 0.94609375 0.44140625 0.1078125 0.6734375
0 0.33671875 0.5109375 0.06015625 0.528125
0 0.21640625 0.85625 0.121875 0.21796875
0 0.459375 0.471875 0.065625 0.16328125
0 0.521875 0.55234375 0.0546875 0.359375
0 0.63515625 0.5796875 0.021875 0.1546875
0 0.7453125 0.565625 0.0421875 0.2640625
0 0.8203125 0.56875 0.04921875 0.3484375
0 0.8375 0.80234375 0.0453125 0.1140625
0 0.77578125 0.44453125 0.0140625 0.040625