0 0.64453125 0.815625 0.08828125 0.2890625
0 0.553125 0.79296875 0.090625 0.3078125
0 0.46171875 0.796875 0.0796875 0.290625
0 0.3140625 0.8234375 0.10703125 0.3171875
0 0.3046875 0.81015625 0.06015625 0.29609375
0 0.1359375 0.68984375 0.05625 0.12578125
0 0.22734375 0.77265625 0.0609375 0.2921875
0 0.13046875 0.8296875 0.121875 0.3109375
0 0.15546875 0.83046875 0.071875 0.3359375
0 0.196875 0.84765625 0.07890625 0.30234375
0 0.47734375 0.74765625 0.25859375 0.203125
0 0.98046875 0.7984375 0.03671875 0.19296875