0 0.1890625 0.40390625 0.053125 0.08828125
0 0.2296875 0.3765625 0.0328125 0.0625
0 0.2625 0.3359375 0.01875 0.03359375
0 0.30625 0.35234375 0.01953125 0.05625
0 0.34609375 0.35703125 0.02421875 0.07578125
0 0.35703125 0.35 0.0109375 0.05703125
0 0.41640625 0.33515625 0.00703125 0.0140625
0 0.43125 0.340625 0.00859375 0.025
0 0.43828125 0.33671875 0.0078125 0.0140625
0 0.49140625 0.3265625 0.04375 0.08203125
0 0.6296875 0.35234375 0.02265625 0.06640625
0 0.64921875 0.3515625 0.03046875 0.07265625
0 0.69765625 0.33203125 0.0203125 0.02890625
0 0.93125 0.36171875 0.0484375 0.13515625
0 0.16875 0.3359375 0.01640625 0.0546875
0 0.01875 0.36015625 0.025 0.0296875
0 0.27265625 0.33359375 0.0125 0.02109375
0 0.32109375 0.34609375 0.01484375 0.04921875
0 0.31328125 0.3453125 0.009375 0.046875
0 0.89375 0.33515625 0.02265625 0.0328125
0 0.715625 0.3265625 0.0171875 0.02734375
0 0.45 0.334375 0.0140625 0.01953125
0 0.021875 0.3625 0.02734375 0.021875
0 0.1765625 0.35625 0.025 0.0296875
0 0.34453125 0.34921875 0.03125 0.05234375
0 0.3875 0.33515625 0.0078125 0.0171875
0 0.95625 0.34453125 0.00859375 0.01171875