0 0.075 0.61953125 0.15 0.7578125
0 0.20234375 0.4328125 0.2 0.5578125
0 0.325 0.646875 0.24921875 0.70234375
0 0.39375 0.4328125 0.15703125 0.628125
0 0.44140625 0.39921875 0.0859375 0.5078125
0 0.51015625 0.51484375 0.1109375 0.56953125
0 0.56953125 0.534375 0.2 0.44921875
0 0.70234375 0.59296875 0.1375 0.67265625
0 0.84921875 0.421875 0.18125 0.734375
0 0.784375 0.23046875 0.1171875 0.33984375
0 0.83515625 0.7484375 0.3296875 0.50234375
0 0.63125 0.1953125 0.0828125 0.25625
0 0.52578125 0.14609375 0.07421875 0.2
0 0.3109375 0.25546875 0.0703125 0.18203125
0 0.3453125 0.1171875 0.06171875 0.1171875
0 0.46171875 0.15859375 0.05 0.171875
0 0.53203125 0.209375 0.04921875 0.10078125
0 0.57890625 0.27734375 0.08671875 0.26015625
0 0.42265625 0.11328125 0.07734375 0.1171875
0 0.58515625 0.14453125 0.06484375 0.07265625
0 0.4953125 0.12578125 0.04296875 0.08828125
0 0.525 0.81015625 0.33125 0.3796875
0 0.034375 0.27421875 0.06796875 0.184375