0 0.70234375 0.59375 0.07734375 0.41328125
0 0.73359375 0.63203125 0.12109375 0.496875
0 0.5328125 0.5828125 0.11640625 0.4140625
0 0.578125 0.6390625 0.10625 0.39921875
0 0.46796875 0.575 0.08359375 0.3609375
0 0.4125 0.55859375 0.0625 0.36171875
0 0.45 0.59609375 0.11328125 0.428125
0 0.384375 0.77109375 0.11953125 0.27265625
0 0.27109375 0.6234375 0.1921875 0.57734375
0 0.1640625 0.7109375 0.07734375 0.290625
0 0.16875 0.47265625 0.06015625 0.15234375
0 0.1203125 0.49609375 0.05546875 0.20078125
0 0.103125 0.4671875 0.0390625 0.175
0 0.0546875 0.4359375 0.03515625 0.1328125
0 0.03515625 0.525 0.0703125 0.321875
0 0.18203125 0.4640625 0.0265625 0.1359375
0 0.1984375 0.440625 0.0234375 0.0828125
0 0.06328125 0.4453125 0.02734375 0.1203125
0 0.07734375 0.45078125 0.03125 0.0984375
0 0.315625 0.4359375 0.02265625 0.0625
0 0.32890625 0.415625 0.0234375 0.0421875
0 0.33046875 0.49296875 0.05078125 0.2
0 0.37734375 0.496875 0.04375 0.22578125
0 0.890625 0.57265625 0.19375 0.3984375
0 0.14140625 0.38515625 0.0546875 0.0375
0 0.0421875 0.4609375 0.0140625 0.0453125
0 0.00625 0.38984375 0.0125 0.03125