0 0.16484375 0.64921875 0.02734375 0.05703125
0 0.20078125 0.6703125 0.02421875 0.09921875
0 0.22734375 0.66875 0.02890625 0.1125
0 0.25078125 0.66953125 0.02109375 0.1140625
0 0.265625 0.6671875 0.02890625 0.11875
0 0.3125 0.671875 0.02265625 0.084375
0 0.3203125 0.634375 0.01171875 0.0234375
0 0.33828125 0.6546875 0.0140625 0.084375
0 0.390625 0.67578125 0.03828125 0.12265625
0 0.440625 0.7734375 0.0640625 0.31328125
0 0.44765625 0.81015625 0.07265625 0.33671875
0 0.49140625 0.75390625 0.06015625 0.1359375
0 0.5390625 0.71796875 0.06171875 0.1359375
0 0.64296875 0.709375 0.06875 0.24140625
0 0.63046875 0.75234375 0.0703125 0.13984375
0 0.68359375 0.7234375 0.04453125 0.20546875
0 0.703125 0.69609375 0.02890625 0.16328125
0 0.72578125 0.7078125 0.03984375 0.18203125
0 0.76484375 0.75390625 0.0671875 0.27109375
0 0.77890625 0.6703125 0.0359375 0.13359375
0 0.80390625 0.6984375 0.04453125 0.184375
0 0.82109375 0.68671875 0.03125 0.165625
0 0.86875 0.72265625 0.05703125 0.203125
0 0.93046875 0.80859375 0.12421875 0.37890625
0 0.509375 0.66015625 0.02734375 0.09921875
0 0.484375 0.67265625 0.034375 0.1125
0 0.5015625 0.678125 0.0140625 0.06328125
0 0.2015625 0.4796875 0.04296875 0.078125
0 0.18984375 0.65078125 0.3796875 0.0890625
0 0.4625 0.6421875 0.1125 0.059375
0 0.58046875 0.66328125 0.12421875 0.1140625
0 0.76328125 0.63125 0.22109375 0.0765625
0 0.9359375 0.63984375 0.128125 0.0859375
0 0.38515625 0.6640625 0.0125 0.0953125