0 0.7578125 0.72578125 0.11171875 0.5484375
0 0.66875 0.725 0.12578125 0.528125
0 0.55390625 0.70234375 0.1453125 0.5953125
0 0.10078125 0.76484375 0.2015625 0.4703125
0 0.2359375 0.7828125 0.184375 0.434375
0 0.30546875 0.48046875 0.10703125 0.19296875
0 0.1875 0.559375 0.10546875 0.18046875
0 0.1015625 0.753125 0.20234375 0.49375
0 0.38515625 0.709375 0.16171875 0.57890625
0 0.4515625 0.70703125 0.11171875 0.58125
0 0.6203125 0.59921875 0.0796875 0.371875
0 0.5234375 0.5859375 0.0640625 0.26640625
0 0.953125 0.6375 0.09375 0.56015625
0 0.83984375 0.74609375 0.09765625 0.5078125
0 0.25234375 0.40078125 0.0421875 0.1375
0 0.29375 0.4078125 0.0328125 0.1390625
0 0.29375 0.340625 0.0078125 0.0390625
0 0.309375 0.33828125 0.00703125 0.03125
0 0.31640625 0.334375 0.00859375 0.02578125
0 0.5 0.340625 0.0125 0.0484375
0 0.49375 0.34140625 0.00859375 0.046875
0 0.453125 0.34375 0.01171875 0.0515625
0 0.4453125 0.3265625 0.00546875 0.01484375
0 0.5515625 0.3984375 0.03671875 0.1703125
0 0.58046875 0.39296875 0.03203125 0.1390625
0 0.6625 0.446875 0.04296875 0.20390625
0 0.690625 0.34296875 0.0140625 0.053125
0 0.5140625 0.4390625 0.04375 0.12578125
0 0.4640625 0.4078125 0.04296875 0.125
0 0.92421875 0.48359375 0.06484375 0.19453125
0 0.76328125 0.32734375 0.00546875 0.02890625
0 0.74140625 0.32734375 0.0078125 0.02734375
0 0.73515625 0.3265625 0.0078125 0.03046875
0 0.72734375 0.32734375 0.0046875 0.02734375
0 0.72265625 0.32265625 0.00546875 0.0171875
0 0.703125 0.33125 0.009375 0.03828125
0 0.65390625 0.353125 0.02109375 0.071875
0 0.47265625 0.38828125 0.0359375 0.12578125
0 0.38828125 0.33515625 0.01171875 0.03125
0 0.328125 0.42578125 0.07421875 0.1109375
0 0.315625 0.36015625 0.01875 0.03359375
0 0.22734375 0.36484375 0.01953125 0.04140625
0 0.2125 0.37421875 0.02109375 0.0609375
0 0.20390625 0.41640625 0.0265625 0.12109375
0 0.10625 0.39453125 0.0421875 0.0796875
0 0.05859375 0.384375 0.02734375 0.0640625
0 0.0828125 0.42109375 0.03828125 0.11953125
0 0.93515625 0.76875 0.1265625 0.4625
0 0.62421875 0.83359375 0.18828125 0.3234375
0 0.12421875 0.525 0.08359375 0.246875
0 0.23671875 0.50078125 0.08828125 0.2390625
0 0.07265625 0.45390625 0.06484375 0.1484375
0 0.3984375 0.525 0.0609375 0.20859375
0 0.821875 0.33515625 0.0109375 0.040625
0 0.84375 0.3265625 0.00859375 0.02734375
0 0.7875 0.33984375 0.01171875 0.04921875
0 0.0296875 0.63359375 0.05625 0.5359375
0 0.1125 0.43828125 0.0375 0.06171875
0 0.478125 0.40078125 0.025 0.10703125
0 0.4453125 0.421875 0.01484375 0.11875
0 0.88203125 0.39375 0.2359375 0.103125
0 0.8640625 0.53203125 0.0578125 0.1734375
0 0.73828125 0.38515625 0.053125 0.121875
0 0.86328125 0.32734375 0.01484375 0.03203125