0 0.12734375 0.628125 0.1859375 0.56171875
0 0.259375 0.62421875 0.11015625 0.3484375
0 0.35703125 0.6453125 0.13828125 0.42265625
0 0.46328125 0.6640625 0.16875 0.43671875
0 0.115625 0.5484375 0.16796875 0.48515625
0 0.2484375 0.42734375 0.0953125 0.275
0 0.31484375 0.428125 0.0984375 0.259375
0 0.3671875 0.40078125 0.08203125 0.2921875
0 0.4390625 0.36953125 0.11484375 0.45
0 0.51015625 0.47109375 0.06953125 0.47890625
0 0.56875 0.515625 0.0734375 0.46171875
0 0.6328125 0.515625 0.14296875 0.46328125
0 0.75234375 0.53125 0.16015625 0.509375
0 0.84140625 0.56875 0.09921875 0.43359375
0 0.93359375 0.56484375 0.1328125 0.47265625
0 0.08671875 0.359375 0.11796875 0.41953125
0 0.19140625 0.26953125 0.10234375 0.26328125
0 0.26328125 0.2796875 0.0796875 0.23671875
0 0.359375 0.246875 0.065625 0.1890625
0 0.4109375 0.25859375 0.065625 0.215625
0 0.48203125 0.25 0.08828125 0.23203125
0 0.56015625 0.2578125 0.08671875 0.23671875
0 0.6296875 0.27734375 0.09921875 0.2171875
0 0.71171875 0.44375 0.08828125 0.48671875
0 0.77421875 0.390625 0.08828125 0.59140625
0 0.859375 0.31796875 0.10234375 0.22734375
0 0.94375 0.3140625 0.09765625 0.1984375
0 0.028125 0.28359375 0.02421875 0.0671875
0 0.0375 0.18046875 0.02421875 0.0859375
0 0.646875 0.14296875 0.01875 0.05859375
0 0.83125 0.13359375 0.021875 0.06484375
0 0.85546875 0.1796875 0.021875 0.0796875
0 0.8671875 0.1859375 0.021875 0.0421875
0 0.81328125 0.16953125 0.021875 0.06484375
0 0.7890625 0.15859375 0.01484375 0.0359375
0 0.8890625 0.18203125 0.03125 0.05625
0 0.9453125 0.18828125 0.028125 0.03984375
0 0.9296875 0.1921875 0.02421875 0.05859375
0 0.91875 0.15234375 0.01328125 0.053125
0 0.009375 0.284375 0.01796875 0.06640625
0 0.03203125 0.25703125 0.02578125 0.04375
0 0.23359375 0.159375 0.01796875 0.06171875
0 0.41328125 0.14765625 0.009375 0.01953125
0 0.42890625 0.159375 0.01875 0.0640625
0 0.8890625 0.16328125 0.015625 0.05
0 0.9125 0.184375 0.02734375 0.04921875
0 0.9109375 0.15234375 0.01015625 0.01640625
0 0.7984375 0.16953125 0.015625 0.040625
0 0.309375 0.28203125 0.05703125 0.23828125
0 0.65 0.15625 0.0609375 0.1671875
0 0.73125 0.1796875 0.08828125 0.1625
0 0.7984375 0.1296875 0.02265625 0.06171875
0 0.99140625 0.3203125 0.01640625 0.0640625
0 0.02421875 0.0375 0.0484375 0.05703125
0 0.5 0.175 0.03671875 0.090625
0 0.5953125 0.2015625 0.053125 0.07421875
0 0.6578125 0.221875 0.03203125 0.08359375
0 0.89375 0.240625 0.0140625 0.06484375
0 0.81328125 0.246875 0.025 0.0625
0 0.75859375 0.22890625 0.01484375 0.04375
0 0.6328125 0.13984375 0.009375 0.0359375
0 0.7 0.1734375 0.05078125 0.1578125