0 0.090625 0.52734375 0.04453125 0.05
0 0.17578125 0.53359375 0.0328125 0.05703125
0 0.2109375 0.5484375 0.05 0.0828125
0 0.23203125 0.54609375 0.0328125 0.08359375
0 0.2625 0.64140625 0.10390625 0.228125
0 0.34375 0.67421875 0.13125 0.3234375
0 0.39140625 0.63125 0.08359375 0.21171875
0 0.45 0.51484375 0.02109375 0.01796875
0 0.5078125 0.69140625 0.18515625 0.32421875
0 0.56875 0.66953125 0.05859375 0.2375
0 0.6109375 0.59453125 0.0703125 0.1609375
0 0.659375 0.54921875 0.0328125 0.04296875
0 0.67578125 0.68046875 0.14375 0.32734375
0 0.77890625 0.69375 0.09765625 0.29375
0 0.7234375 0.63671875 0.0578125 0.18046875
0 0.83203125 0.66484375 0.0578125 0.24296875
0 0.88671875 0.684375 0.13203125 0.28125
0 0.91796875 0.7953125 0.16328125 0.409375
0 0.734375 0.53984375 0.01796875 0.0296875
0 0.1546875 0.53671875 0.02734375 0.04296875
0 0.38203125 0.51171875 0.1 0.0328125
0 0.4890625 0.54609375 0.02890625 0.07265625
0 0.5515625 0.5265625 0.09765625 0.03671875
0 0.7546875 0.54921875 0.02421875 0.03515625
0 0.7890625 0.52890625 0.04296875 0.0296875
0 0.9421875 0.58125 0.03125 0.0390625
0 0.18046875 0.3140625 0.11484375 0.121875
0 0.6484375 0.528125 0.059375 0.034375