0 0.946875 0.4625 0.075 0.35234375
0 0.8859375 0.51171875 0.06484375 0.30546875
0 0.85625 0.3796875 0.05078125 0.175
0 0.8203125 0.3046875 0.04609375 0.0734375
0 0.81484375 0.49609375 0.084375 0.37578125
0 0.79140625 0.32578125 0.04140625 0.09453125
0 0.76796875 0.309375 0.0640625 0.125
0 0.76640625 0.41875 0.05546875 0.2109375
0 0.74765625 0.60703125 0.0671875 0.30703125
0 0.7296875 0.4296875 0.078125 0.20234375
0 0.70234375 0.359375 0.04921875 0.15078125
0 0.73046875 0.27109375 0.06171875 0.1265625
0 0.71796875 0.21953125 0.0515625 0.10546875
0 0.6953125 0.28359375 0.06328125 0.12109375
0 0.6796875 0.5046875 0.06015625 0.15625
0 0.67578125 0.771875 0.08125 0.4078125
0 0.6078125 0.75 0.090625 0.425
0 0.59765625 0.57265625 0.0875 0.190625
0 0.621875 0.5328125 0.05078125 0.134375
0 0.60859375 0.446875 0.07109375 0.18671875
0 0.65 0.41953125 0.0640625 0.15859375
0 0.65703125 0.3296875 0.07265625 0.15234375
0 0.646875 0.309375 0.06171875 0.17578125
0 0.61171875 0.24453125 0.04609375 0.08125
0 0.6140625 0.2953125 0.05 0.1078125
0 0.59296875 0.33046875 0.05078125 0.09609375
0 0.571875 0.38828125 0.0515625 0.084375
0 0.571875 0.48203125 0.04375 0.1296875
0 0.54921875 0.5171875 0.05546875 0.1203125
0 0.51875 0.70234375 0.07734375 0.428125
0 0.44921875 0.69296875 0.06640625 0.37578125
0 0.446875 0.503125 0.084375 0.1640625
0 0.4953125 0.48515625 0.0703125 0.14375
0 0.4671875 0.44140625 0.0375 0.09296875
0 0.5234375 0.41640625 0.06328125 0.134375
0 0.4703125 0.39453125 0.05703125 0.10703125
0 0.559375 0.35234375 0.06171875 0.13984375
0 0.50859375 0.365625 0.04453125 0.0984375
0 0.44453125 0.340625 0.04375 0.1078125
0 0.52734375 0.315625 0.0359375 0.07890625
0 0.5609375 0.28515625 0.053125 0.09609375
0 0.509375 0.27578125 0.05546875 0.11484375
0 0.48671875 0.26171875 0.02421875 0.04140625
0 0.47265625 0.3109375 0.05703125 0.14140625
0 0.56796875 0.2234375 0.05859375 0.12109375
0 0.60703125 0.20625 0.03671875 0.08125
0 0.58984375 0.16796875 0.03203125 0.075
0 0.5375 0.17890625 0.04921875 0.109375
0 0.515625 0.2296875 0.06171875 0.11875
0 0.4890625 0.21171875 0.03203125 0.1296875
0 0.47578125 0.20234375 0.0515625 0.11484375
0 0.46015625 0.253125 0.0359375 0.07734375
0 0.44609375 0.21015625 0.03984375 0.084375
0 0.41875 0.24296875 0.05546875 0.09453125
0 0.4296875 0.2625 0.03046875 0.06953125
0 0.41875 0.3078125 0.03046875 0.075
0 0.4109375 0.35859375 0.0703125 0.1359375
0 0.40859375 0.4296875 0.08515625 0.1359375
0 0.38515625 0.47421875 0.06875 0.11875
0 0.378125 0.6796875 0.08828125 0.40703125
0 0.29765625 0.6859375 0.084375 0.3796875
0 0.334375 0.50625 0.06328125 0.13203125
0 0.34296875 0.4140625 0.0671875 0.14296875
0 0.296875 0.459375 0.04765625 0.09453125
0 0.2625 0.5296875 0.0625 0.22265625
0 0.253125 0.42578125 0.07265625 0.14296875
0 0.3046875 0.36953125 0.05859375 0.11484375
0 0.33515625 0.32890625 0.065625 0.14765625
0 0.37109375 0.334375 0.05625 0.175
0 0.2921875 0.2921875 0.0625 0.1359375
0 0.3515625 0.26484375 0.0296875 0.0890625
0 0.38984375 0.25703125 0.025 0.07734375
0 0.3859375 0.215625 0.05546875 0.08515625
0 0.40703125 0.1890625 0.0328125 0.08515625
0 0.35390625 0.18671875 0.05390625 0.09296875
0 0.2953125 0.21953125 0.05234375 0.1265625
0 0.21015625 0.6703125 0.08984375 0.3921875
0 0.12265625 0.69453125 0.09453125 0.28828125
0 0.046875 0.6234375 0.0671875 0.3265625
0 0.12109375 0.565625 0.08359375 0.209375
0 0.1015625 0.44921875 0.06640625 0.14921875
0 0.184375 0.56484375 0.06328125 0.3453125
0 0.1875 0.4328125 0.0984375 0.175
0 0.21953125 0.43515625 0.06015625 0.1984375
0 0.1640625 0.2328125 0.04453125 0.28125
0 0.71953125 0.109375 0.01875 0.12265625
0 0.3359375 0.2375 0.028125 0.04765625
0 0.24921875 0.15078125 0.0390625 0.090625