0 0.8140625 0.59921875 0.37109375 0.8
0 0.2 0.7125 0.28671875 0.57421875
0 0.0765625 0.6125 0.153125 0.77421875
0 0.45078125 0.5734375 0.246875 0.334375
0 0.64140625 0.50625 0.18359375 0.490625
0 0.76015625 0.42890625 0.07421875 0.16796875
0 0.9375 0.6015625 0.125 0.765625
0 0.5421875 0.3734375 0.103125 0.19609375
0 0.4828125 0.40234375 0.0953125 0.1890625
0 0.3046875 0.4546875 0.1875 0.50234375
0 0.125 0.28984375 0.0828125 0.21328125
0 0.440625 0.3421875 0.128125 0.32890625
0 0.2046875 0.3078125 0.090625 0.25546875
0 0.57109375 0.265625 0.07421875 0.19609375
0 0.64453125 0.24765625 0.10390625 0.20703125
0 0.51875 0.25234375 0.08515625 0.1296875
0 0.06953125 0.24140625 0.1390625 0.2140625
0 0.721875 0.3515625 0.05 0.0625
0 0.17578125 0.1984375 0.065625 0.1109375
0 0.24609375 0.18203125 0.09921875 0.07578125
0 0.69296875 0.19296875 0.0515625 0.08671875
0 0.71015625 0.23828125 0.0640625 0.10703125
0 0.76015625 0.20703125 0.0421875 0.07421875
0 0.490625 0.21484375 0.04453125 0.07890625
0 0.73046875 0.28359375 0.059375 0.1359375
0 0.62265625 0.80625 0.17421875 0.140625
0 0.81484375 0.196875 0.05859375 0.05
0 0.34609375 0.17578125 0.04609375 0.065625