0 0.8375 0.6546875 0.221875 0.68515625
0 0.6328125 0.64140625 0.115625 0.36171875
0 0.60546875 0.5890625 0.0734375 0.34609375
0 0.56484375 0.38984375 0.0515625 0.07890625
0 0.4859375 0.403125 0.065625 0.21796875
0 0.38828125 0.46640625 0.0953125 0.384375
0 0.33515625 0.51875 0.0984375 0.27890625
0 0.3171875 0.44921875 0.06875 0.359375
0 0.28359375 0.4515625 0.0484375 0.34609375
0 0.25390625 0.49296875 0.0953125 0.4921875
0 0.24921875 0.6515625 0.0734375 0.34140625
0 0.04921875 0.57109375 0.0828125 0.7234375
0 0.14765625 0.553125 0.2515625 0.88984375
0 0.46640625 0.696875 0.1734375 0.52109375
0 0.196875 0.77265625 0.39375 0.36875
0 0.5140625 0.91484375 0.140625 0.08515625
0 0.85859375 0.84921875 0.2796875 0.2109375
0 0.62265625 0.78671875 0.0734375 0.0765625
0 0.04296875 0.3921875 0.0796875 0.39296875