0 0.934375 0.79296875 0.13125 0.4140625
0 0.81640625 0.75 0.11796875 0.296875
0 0.65390625 0.77109375 0.1078125 0.309375
0 0.690625 0.75078125 0.046875 0.1328125
0 0.51171875 0.74375 0.05703125 0.23984375
0 0.421875 0.7328125 0.0578125 0.2296875
0 0.46875 0.7 0.0296875 0.13828125
0 0.49140625 0.68828125 0.02265625 0.121875
0 0.525 0.6578125 0.015625 0.06484375
0 0.5453125 0.65703125 0.02265625 0.07421875
0 0.4546875 0.69140625 0.01875 0.128125
0 0.4390625 0.70625 0.02890625 0.1734375
0 0.4 0.715625 0.034375 0.171875
0 0.36796875 0.69921875 0.0453125 0.14140625
0 0.3515625 0.67734375 0.01328125 0.09453125
0 0.34140625 0.68671875 0.0234375 0.103125
0 0.31875 0.725 0.04296875 0.1859375
0 0.28359375 0.76171875 0.0796875 0.25703125
0 0.22421875 0.76015625 0.05859375 0.2171875
0 0.1453125 0.77109375 0.07890625 0.2546875
0 0.1125 0.771875 0.06328125 0.21640625
0 0.0765625 0.7640625 0.06484375 0.2171875
0 0.025 0.78046875 0.05 0.2578125
0 0.1703125 0.6625 0.02578125 0.06171875
0 0.190625 0.6703125 0.01796875 0.06953125
0 0.22890625 0.66015625 0.0265625 0.053125
0 0.68046875 0.6265625 0.0171875 0.028125
0 0.69921875 0.6328125 0.0171875 0.03828125
0 0.96796875 0.834375 0.0640625 0.2828125
0 0.425 0.73671875 0.84921875 0.24296875