0 0.08984375 0.22578125 0.0296875 0.10078125
0 0.13125 0.253125 0.02578125 0.103125
0 0.16953125 0.26640625 0.04609375 0.0953125
0 0.20078125 0.27890625 0.0234375 0.09453125
0 0.225 0.29453125 0.0203125 0.08828125
0 0.24453125 0.303125 0.01796875 0.0875
0 0.30078125 0.4828125 0.23515625 0.9265625
0 0.353125 0.62890625 0.29453125 0.74140625
0 0.5 0.61796875 0.24453125 0.7578125
0 0.64921875 0.5515625 0.6984375 0.896875
0 0.775 0.659375 0.44921875 0.68046875
0 0.5328125 0.2046875 0.30546875 0.35390625