0 0.0359375 0.54375 0.07109375 0.3890625
0 0.14765625 0.61640625 0.22578125 0.765625
0 0.32421875 0.6109375 0.21484375 0.775
0 0.5015625 0.60546875 0.19375 0.78671875
0 0.69765625 0.60546875 0.20546875 0.78671875
0 0.8734375 0.5453125 0.24296875 0.71796875
0 0.0625 0.3203125 0.125 0.25
0 0.13984375 0.23984375 0.08828125 0.1765625
0 0.1578125 0.10390625 0.06484375 0.1375
0 0.209375 0.1328125 0.10859375 0.265625
0 0.24765625 0.21640625 0.075 0.140625
0 0.3078125 0.2078125 0.065625 0.09765625
0 0.39609375 0.2859375 0.12890625 0.23515625
0 0.43671875 0.25078125 0.07890625 0.22734375
0 0.47578125 0.20859375 0.06796875 0.16484375
0 0.57421875 0.42734375 0.12265625 0.5859375
0 0.60625 0.2140625 0.07109375 0.13671875
0 0.70234375 0.1671875 0.08125 0.13984375
0 0.72890625 0.2453125 0.08359375 0.21953125
0 0.8359375 0.17109375 0.06484375 0.1140625
0 0.89453125 0.2890625 0.12109375 0.2609375
0 0.93828125 0.2140625 0.05390625 0.165625
0 0.96484375 0.2203125 0.0703125 0.2375
0 0.815625 0.1140625 0.05703125 0.09921875
0 0.59375 0.1234375 0.03359375 0.06171875
0 0.65234375 0.13046875 0.0375 0.09453125
0 0.3953125 0.159375 0.04765625 0.0828125
0 0.08984375 0.15078125 0.05 0.0921875
0 0.18515625 0.2140625 0.053125 0.11875
0 0.32734375 0.11015625 0.03515625 0.103125
0 0.5 0.10625 0.99921875 0.2125
0 0.090625 0.25546875 0.03828125 0.08359375