0 0.09453125 0.4828125 0.03671875 0.0984375
0 0.0890625 0.471875 0.0203125 0.1796875
0 0.18515625 0.4390625 0.03515625 0.11796875
0 0.27578125 0.44609375 0.0296875 0.1046875
0 0.31015625 0.4203125 0.03671875 0.06328125
0 0.30625 0.50234375 0.04765625 0.13828125
0 0.44375 0.43671875 0.03359375 0.11640625
0 0.49453125 0.47109375 0.06015625 0.15859375
0 0.51640625 0.45859375 0.04375 0.1734375
0 0.57265625 0.4390625 0.04765625 0.121875
0 0.65390625 0.4609375 0.05703125 0.18203125
0 0.68125 0.465625 0.02578125 0.16171875
0 0.73359375 0.42265625 0.0546875 0.13203125
0 0.86015625 0.534375 0.06484375 0.31796875
0 0.8921875 0.53046875 0.071875 0.26796875
0 0.92578125 0.51953125 0.1015625 0.30859375
0 0.21328125 0.665625 0.20390625 0.5515625
0 0.3640625 0.61484375 0.17421875 0.59296875
0 0.19921875 0.38828125 0.02890625 0.03671875
0 0.3078125 0.39765625 0.0859375 0.0546875
0 0.54375 0.44453125 0.03515625 0.13515625
0 0.475 0.43828125 0.0234375 0.1203125
0 0.8046875 0.36953125 0.08828125 0.05859375
0 0.16640625 0.52109375 0.05 0.13203125
0 0.93671875 0.496875 0.05 0.103125