0 0.540625 0.56171875 0.1 0.146875
0 0.825 0.33984375 0.04453125 0.05859375
0 0.80546875 0.32421875 0.059375 0.0859375
0 0.75390625 0.321875 0.05546875 0.0875
0 0.709375 0.32109375 0.0390625 0.08515625
0 0.659375 0.32265625 0.04921875 0.07734375
0 0.621875 0.31640625 0.04140625 0.0875
0 0.584375 0.31484375 0.05703125 0.09296875
0 0.44609375 0.30390625 0.053125 0.10546875
0 0.40546875 0.30390625 0.0390625 0.096875
0 0.3625 0.31953125 0.0390625 0.0625
0 0.31796875 0.2984375 0.0390625 0.0984375
0 0.27890625 0.29609375 0.0296875 0.103125
0 0.165625 0.29140625 0.1390625 0.1046875
0 0.7125 0.31953125 0.02734375 0.08515625
0 0.7515625 0.33125 0.04296875 0.0625
0 0.86484375 0.94765625 0.121875 0.09453125