0 0.740625 0.6296875 0.31875 0.740625
0 0.6765625 0.55234375 0.10625 0.646875
0 0.4921875 0.59375 0.17890625 0.72265625
0 0.26953125 0.63984375 0.1671875 0.7203125
0 0.14375 0.6796875 0.2875 0.640625
0 0.2640625 0.5109375 0.07734375 0.57421875
0 0.34609375 0.38359375 0.034375 0.34375
0 0.3703125 0.3625 0.05703125 0.31171875
0 0.5953125 0.43359375 0.1 0.409375
0 0.42578125 0.2921875 0.0390625 0.1546875
0 0.45703125 0.265625 0.04609375 0.11484375
0 0.5234375 0.2578125 0.03046875 0.125
0 0.57421875 0.2203125 0.034375 0.0875
0 0.7921875 0.21015625 0.053125 0.07109375
0 0.64296875 0.240625 0.02265625 0.13984375
0 0.62890625 0.21171875 0.02890625 0.0703125
0 0.61484375 0.23046875 0.02578125 0.11484375
0 0.48125 0.22890625 0.0265625 0.1125
0 0.4609375 0.21875 0.02265625 0.08671875
0 0.42578125 0.20390625 0.01640625 0.0359375
0 0.56171875 0.1953125 0.01328125 0.04609375
0 0.4828125 0.22734375 0.0265625 0.10546875
0 0.49375 0.1921875 0.06875 0.05078125
0 0.578125 0.20078125 0.05078125 0.0640625
0 0.90859375 0.375 0.103125 0.32265625
0 0.71015625 0.1921875 0.075 0.1265625