0 0.69609375 0.678125 0.2390625 0.64296875
0 0.7375 0.44375 0.01171875 0.0453125
0 0.74375 0.44453125 0.00703125 0.04296875
0 0.75 0.4453125 0.01171875 0.04296875
0 0.75625 0.4375 0.00703125 0.03203125
0 0.73671875 0.44375 0.01171875 0.0421875
0 0.99453125 0.43359375 0.00859375 0.0328125
0 0.99765625 0.4359375 0.00390625 0.025
0 0.99296875 0.4359375 0.009375 0.02734375
0 0.71875 0.44296875 0.0078125 0.02734375
0 0.85546875 0.43515625 0.00625 0.0234375
0 0.8375 0.43125 0.00546875 0.0078125
0 0.83359375 0.434375 0.00546875 0.01953125
0 0.8296875 0.43515625 0.0046875 0.01875
0 0.8234375 0.4359375 0.0046875 0.01953125
0 0.81796875 0.43515625 0.00390625 0.0203125
0 0.815625 0.434375 0.00390625 0.02109375
0 0.82890625 0.43515625 0.00390625 0.01796875
0 0.946875 0.43125 0.00859375 0.0203125
0 0.95390625 0.4265625 0.0046875 0.00625
0 0.95625 0.43828125 0.01171875 0.034375
0 0.96015625 0.4390625 0.00703125 0.0296875
0 0.96796875 0.4390625 0.01171875 0.0328125
0 0.84453125 0.43671875 0.0125 0.00703125
0 0.93359375 0.43125 0.003125 0.0140625