0 0.05546875 0.6578125 0.1109375 0.4265625
0 0.1296875 0.6734375 0.11640625 0.47109375
0 0.24921875 0.753125 0.17109375 0.4890625
0 0.3015625 0.52578125 0.0703125 0.14921875
0 0.36171875 0.68125 0.1109375 0.4734375
0 0.38828125 0.496875 0.04140625 0.1046875
0 0.42890625 0.66015625 0.08515625 0.36015625
0 0.4796875 0.56875 0.0625 0.20859375
0 0.5421875 0.571875 0.08125 0.246875
0 0.6015625 0.5875 0.075 0.2375
0 0.68984375 0.5796875 0.04765625 0.27578125
0 0.7171875 0.51875 0.03359375 0.1359375
0 0.7546875 0.52890625 0.0359375 0.115625
0 0.8203125 0.7046875 0.19375 0.5734375
0 0.7734375 0.86171875 0.203125 0.2765625
0 0.9265625 0.71640625 0.1015625 0.30859375
0 0.96015625 0.753125 0.0796875 0.3640625
0 0.81484375 0.5453125 0.3703125 0.2203125
0 0.27578125 0.4921875 0.0515625 0.078125
0 0.96953125 0.85234375 0.0609375 0.2953125