0 0.16875 0.6796875 0.20625 0.640625
0 0.31796875 0.69140625 0.2140625 0.61640625
0 0.521875 0.65234375 0.259375 0.69140625
0 0.71640625 0.6828125 0.2453125 0.634375
0 0.871875 0.646875 0.253125 0.70234375
0 0.63203125 0.47578125 0.0640625 0.26875
0 0.59765625 0.48203125 0.0390625 0.17265625
0 0.446875 0.45 0.028125 0.15390625
0 0.39921875 0.42265625 0.0578125 0.15859375
0 0.0640625 0.51640625 0.05 0.2625
0 0.09375 0.4375 0.040625 0.05
0 0.11796875 0.43203125 0.0296875 0.04765625
0 0.35078125 0.45390625 0.1390625 0.20859375
0 0.41640625 0.41015625 0.0546875 0.09609375
0 0.43203125 0.47265625 0.0359375 0.15390625
0 0.58359375 0.42734375 0.0234375 0.05859375
0 0.57265625 0.38515625 0.0265625 0.04140625
0 0.26328125 0.38828125 0.0703125 0.04765625