0 0.0234375 0.48125 0.0421875 0.25859375
0 0.059375 0.471875 0.0390625 0.26875
0 0.11171875 0.4875 0.04140625 0.24375
0 0.1703125 0.48671875 0.04375 0.271875
0 0.1984375 0.515625 0.02734375 0.19609375
0 0.23125 0.53125 0.0296875 0.165625
0 0.228125 0.43203125 0.0453125 0.14296875
0 0.259375 0.4921875 0.0390625 0.24921875
0 0.29375 0.47578125 0.06171875 0.29921875
0 0.346875 0.47578125 0.046875 0.29140625
0 0.3890625 0.471875 0.07734375 0.3140625
0 0.46171875 0.47421875 0.06328125 0.29921875
0 0.49375 0.4765625 0.03671875 0.265625
0 0.5265625 0.48125 0.034375 0.24921875
0 0.5703125 0.46953125 0.06171875 0.309375
0 0.6125 0.47421875 0.05234375 0.2890625
0 0.65546875 0.471875 0.04765625 0.30859375
0 0.7 0.49140625 0.05390625 0.2609375
0 0.73203125 0.48359375 0.04453125 0.26484375
0 0.73125 0.39453125 0.0515625 0.1765625
0 0.78671875 0.46328125 0.05859375 0.2953125
0 0.81875 0.44765625 0.03203125 0.246875
0 0.8453125 0.45546875 0.04453125 0.290625
0 0.89453125 0.4671875 0.05703125 0.275
0 0.93984375 0.42890625 0.0359375 0.1609375
0 0.971875 0.46015625 0.03671875 0.26484375
0 0.96953125 0.35 0.0375 0.059375
0 0.93125 0.3609375 0.02578125 0.078125
0 0.9125 0.4609375 0.02734375 0.24609375
0 0.86015625 0.3515625 0.0234375 0.05625
0 0.81640625 0.4859375 0.02421875 0.2203125
0 0.75703125 0.453125 0.02265625 0.24921875
0 0.68046875 0.47421875 0.028125 0.26015625
0 0.68046875 0.35390625 0.034375 0.06484375
0 0.63125 0.46953125 0.02734375 0.2796875
0 0.5625 0.471875 0.04765625 0.2953125
0 0.5265625 0.3625 0.04765625 0.0765625
0 0.5046875 0.38515625 0.02109375 0.08515625
0 0.4796875 0.35 0.01796875 0.04609375
0 0.4171875 0.48671875 0.04765625 0.25078125
0 0.3265625 0.4109375 0.02890625 0.134375
0 0.26171875 0.37421875 0.03203125 0.075
0 0.2171875 0.39296875 0.02734375 0.0890625
0 0.2 0.38828125 0.02890625 0.07578125
0 0.18203125 0.384375 0.02265625 0.0640625
0 0.15 0.48125 0.02265625 0.23984375
0 0.13359375 0.47421875 0.03203125 0.25078125
0 0.1 0.36328125 0.01640625 0.03125
0 0.09140625 0.49453125 0.03359375 0.2109375
0 0.0828125 0.40625 0.02265625 0.07890625
0 0.05546875 0.46953125 0.03359375 0.26015625
0 0.9921875 0.46640625 0.015625 0.2609375
0 0.96328125 0.353125 0.04453125 0.05859375
0 0.92109375 0.37421875 0.01875 0.07421875
0 0.78125 0.3640625 0.03046875 0.04609375
0 0.72265625 0.35 0.06015625 0.04609375
0 0.67109375 0.35546875 0.01171875 0.02421875
0 0.61953125 0.35078125 0.021875 0.0515625
0 0.584375 0.36171875 0.02421875 0.06796875
0 0.540625 0.3625 0.01484375 0.03203125
0 0.46953125 0.36171875 0.01328125 0.03984375
0 0.42109375 0.3703125 0.05390625 0.07421875
0 0.35234375 0.36484375 0.03984375 0.040625
0 0.30859375 0.3609375 0.01953125 0.04140625
0 0.2796875 0.36953125 0.01328125 0.02578125
0 0.24375 0.3875 0.0296875 0.06171875
0 0.21015625 0.3734375 0.015625 0.04453125
0 0.14453125 0.39140625 0.02421875 0.0546875
0 0.10703125 0.384375 0.03671875 0.03671875
0 0.0703125 0.3953125 0.02421875 0.06640625
0 0.03828125 0.38828125 0.02421875 0.0484375
0 0.0109375 0.4828125 0.02109375 0.234375
0 0.48203125 0.2515625 0.03515625 0.04453125