0 0.3828125 0.4375 0.009375 0.034375
0 0.384375 0.48203125 0.01328125 0.03984375
0 0.38984375 0.4765625 0.0078125 0.0375
0 0.40703125 0.44375 0.0125 0.034375
0 0.47734375 0.425 0.009375 0.02890625
0 0.49140625 0.41796875 0.00546875 0.02578125
0 0.440625 0.4421875 0.01328125 0.0171875
0 0.490625 0.446875 0.01640625 0.02109375
0 0.45390625 0.4296875 0.01015625 0.01875
0 0.33671875 0.4546875 0.01640625 0.0203125
0 0.3453125 0.4421875 0.01640625 0.02265625
0 0.3375 0.43671875 0.01015625 0.0171875
0 0.31328125 0.4515625 0.009375 0.01875
0 0.2859375 0.43984375 0.00546875 0.015625
0 0.45703125 0.51328125 0.0265625 0.0171875
0 0.5265625 0.5171875 0.015625 0.02421875
0 0.2640625 0.51015625 0.01171875 0.0328125
0 0.27265625 0.51640625 0.01640625 0.06015625
0 0.2875 0.5265625 0.01015625 0.0171875
0 0.27890625 0.55625 0.01796875 0.05703125
0 0.23203125 0.58046875 0.021875 0.09296875
0 0.31796875 0.7171875 0.096875 0.24453125
0 0.4140625 0.73984375 0.13046875 0.34609375
0 0.53984375 0.71328125 0.07265625 0.33359375
0 0.725 0.7203125 0.1234375 0.459375
0 0.3921875 0.4125 0.0078125 0.02421875
0 0.87109375 0.77265625 0.25546875 0.29765625
0 0.35546875 0.42578125 0.0140625 0.02109375
0 0.31640625 0.4375 0.0140625 0.0140625
0 0.43828125 0.4265625 0.0125 0.0171875
0 0.465625 0.409375 0.025 0.0203125
0 0.49140625 0.3984375 0.009375 0.01875
0 0.509375 0.4046875 0.01171875 0.0140625
0 0.5015625 0.421875 0.01171875 0.0171875
0 0.5375 0.4234375 0.0140625 0.0171875
0 0.54453125 0.40859375 0.015625 0.015625
0 0.5453125 0.39140625 0.01015625 0.0125
0 0.51015625 0.3859375 0.00859375 0.02109375
0 0.38984375 0.440625 0.009375 0.04609375
0 0.3796875 0.4609375 0.01171875 0.01171875
0 0.08359375 0.42890625 0.021875 0.0203125
0 0.12265625 0.4390625 0.009375 0.01171875
0 0.18671875 0.43671875 0.0078125 0.02578125
0 0.16640625 0.43125 0.01328125 0.0328125
0 0.1375 0.42421875 0.00859375 0.01875
0 0.1484375 0.42109375 0.0078125 0.01875
0 0.15546875 0.4234375 0.00546875 0.0171875
0 0.4140625 0.40859375 0.0296875 0.04140625
0 0.64765625 0.37421875 0.009375 0.02109375