0 0.0421875 0.56953125 0.084375 0.8609375
0 0.15703125 0.5484375 0.2015625 0.90234375
0 0.32265625 0.565625 0.1765625 0.86875
0 0.246875 0.54296875 0.11640625 0.87734375
0 0.4921875 0.5359375 0.1859375 0.92578125
0 0.6765625 0.51328125 0.1984375 0.8046875
0 0.56796875 0.53359375 0.1359375 0.828125
0 0.79609375 0.490625 0.134375 0.7828125
0 0.909375 0.475 0.14140625 0.7484375
0 0.9796875 0.4515625 0.03984375 0.71640625
0 0.56796875 0.534375 0.13984375 0.8265625
0 0.5 0.159375 1 0.17578125
0 0.5 0.7953125 1 0.4