0 0.09921875 0.8421875 0.19765625 0.31484375
0 0.05 0.60390625 0.07109375 0.215625
0 0.15546875 0.521875 0.06015625 0.1109375
0 0.23828125 0.7640625 0.15859375 0.43359375
0 0.2171875 0.71875 0.09375 0.48671875
0 0.25859375 0.50546875 0.0546875 0.1046875
0 0.34375 0.62734375 0.134375 0.3078125
0 0.43671875 0.78203125 0.140625 0.43203125
0 0.56640625 0.721875 0.2 0.4125
0 0.54453125 0.60859375 0.12578125 0.28515625
0 0.60625 0.63046875 0.06328125 0.3015625
0 0.68125 0.62890625 0.04296875 0.2578125
0 0.778125 0.75234375 0.2359375 0.49453125
0 0.87578125 0.678125 0.13046875 0.2953125
0 0.87578125 0.68671875 0.13046875 0.2828125
0 0.95 0.66875 0.071875 0.25234375
0 0.50078125 0.48046875 0.996875 0.1203125