0 0.1734375 0.73984375 0.12734375 0.47578125
0 0.27890625 0.7359375 0.1328125 0.4625
0 0.39453125 0.7359375 0.1203125 0.4625
0 0.4953125 0.746875 0.1171875 0.44921875
0 0.590625 0.75234375 0.1078125 0.43359375
0 0.690625 0.73046875 0.13125 0.49140625
0 0.75078125 0.68828125 0.08828125 0.38984375
0 0.6421875 0.521875 0.1171875 0.1765625
0 0.5546875 0.534375 0.08671875 0.16484375
0 0.47109375 0.51796875 0.08828125 0.19375
0 0.3609375 0.50625 0.10234375 0.19375
0 0.23828125 0.525 0.10078125 0.209375
0 0.1078125 0.65859375 0.10234375 0.440625
0 0.07734375 0.49453125 0.11171875 0.41171875
0 0.19140625 0.4296875 0.109375 0.2375
0 0.29140625 0.45390625 0.10078125 0.25078125
0 0.4015625 0.46015625 0.05625 0.1984375
0 0.4734375 0.425 0.09765625 0.171875
0 0.54375 0.38515625 0.08125 0.15
0 0.6203125 0.40859375 0.090625 0.24453125
0 0.68515625 0.37890625 0.07421875 0.32578125
0 0.58203125 0.31484375 0.07109375 0.1453125
0 0.47421875 0.34140625 0.08828125 0.171875
0 0.39453125 0.3515625 0.08828125 0.1875
0 0.31484375 0.35234375 0.0953125 0.1765625
0 0.240625 0.346875 0.08125 0.16953125
0 0.15625 0.3421875 0.090625 0.21796875
0 0.0828125 0.29765625 0.08515625 0.13203125
0 0.70078125 0.26796875 0.078125 0.22265625
0 0.58125 0.2546875 0.1078125 0.16484375
0 0.49296875 0.2796875 0.090625 0.215625
0 0.39921875 0.24453125 0.1078125 0.1765625
0 0.3109375 0.24765625 0.09765625 0.19609375
0 0.2484375 0.22890625 0.08671875 0.2375
0 0.1578125 0.209375 0.10234375 0.215625
0 0.3375 0.17734375 0.04765625 0.12109375
0 0.39296875 0.175 0.08125 0.1390625
0 0.4609375 0.20390625 0.0546875 0.134375
0 0.540625 0.2078125 0.07265625 0.1609375
0 0.6328125 0.21796875 0.07578125 0.1765625
0 0.709375 0.19140625 0.10234375 0.21171875
0 0.61328125 0.1421875 0.07265625 0.1125
0 0.528125 0.159375 0.09375 0.1609375
0 0.68125 0.12421875 0.10234375 0.14296875
0 0.56171875 0.090625 0.0796875 0.15
0 0.4625 0.12890625 0.09765625 0.209375
0 0.3515625 0.1203125 0.05859375 0.12578125
0 0.2875 0.10703125 0.0796875 0.14765625
0 0.2015625 0.15625 0.08828125 0.26875
0 0.53828125 0.47109375 0.08828125 0.1453125
0 0.65625 0.46015625 0.10625 0.1984375
0 0.4203125 0.059375 0.04765625 0.096875
0 0.08515625 0.0484375 0.0640625 0.075
0 0.96015625 0.07734375 0.0796875 0.05703125