0 0.0734375 0.7984375 0.0234375 0.07109375
0 0.090625 0.79453125 0.01484375 0.0546875
0 0.096875 0.7953125 0.01484375 0.053125
0 0.2546875 0.81015625 0.0234375 0.06796875
0 0.278125 0.81484375 0.0125 0.07109375
0 0.31640625 0.81640625 0.0125 0.07109375
0 0.33828125 0.803125 0.01015625 0.05625
0 0.34609375 0.80625 0.01484375 0.06796875
0 0.365625 0.80703125 0.0140625 0.06796875
0 0.37578125 0.81015625 0.01171875 0.06484375
0 0.384375 0.80625 0.01015625 0.07109375
0 0.39140625 0.7953125 0.01328125 0.053125
0 0.4015625 0.7921875 0.01015625 0.04296875
0 0.41171875 0.79765625 0.0109375 0.04921875
0 0.40390625 0.8140625 0.01328125 0.07578125
0 0.421875 0.81640625 0.02109375 0.09453125
0 0.434375 0.828125 0.01484375 0.0890625
0 0.440625 0.80078125 0.01015625 0.0578125
0 0.44921875 0.8171875 0.01484375 0.07890625
0 0.45546875 0.8109375 0.00859375 0.07578125
0 0.471875 0.83046875 0.01640625 0.084375
0 0.4640625 0.8140625 0.01171875 0.07578125
0 0.47109375 0.7828125 0.00703125 0.01640625
0 0.478125 0.8140625 0.0109375 0.0640625
0 0.4796875 0.79296875 0.01015625 0.034375
0 0.49296875 0.8171875 0.0125 0.07265625
0 0.490625 0.7890625 0.01015625 0.034375
0 0.49609375 0.78203125 0.009375 0.0234375
0 0.5015625 0.7921875 0.00859375 0.04921875
0 0.50859375 0.77890625 0.0078125 0.02109375
0 0.51015625 0.79765625 0.009375 0.04609375
0 0.50234375 0.8171875 0.01640625 0.0875
0 0.509375 0.81796875 0.009375 0.0796875
0 0.51640625 0.8125 0.0078125 0.0609375
0 0.52265625 0.8234375 0.0140625 0.07734375
0 0.52890625 0.81484375 0.0109375 0.06484375
0 0.53828125 0.815625 0.01484375 0.07578125
0 0.5421875 0.809375 0.009375 0.06640625
0 0.5484375 0.8 0.00859375 0.05
0 0.5578125 0.81875 0.01484375 0.07890625
0 0.5546875 0.81640625 0.01015625 0.07421875
0 0.56953125 0.82109375 0.01171875 0.07421875
0 0.57265625 0.81484375 0.01015625 0.07109375
0 0.5828125 0.8140625 0.0140625 0.07578125
0 0.6140625 0.80234375 0.0140625 0.04921875
0 0.63515625 0.78828125 0.00859375 0.02109375
0 0.63984375 0.79921875 0.0125 0.04609375
0 0.66171875 0.78671875 0.0078125 0.0234375
0 0.66328125 0.80390625 0.01328125 0.03984375
0 0.66640625 0.8046875 0.01015625 0.06796875
0 0.6765625 0.78828125 0.00859375 0.01796875
0 0.68359375 0.79921875 0.0109375 0.04296875
0 0.76796875 0.796875 0.01484375 0.05
0 0.80078125 0.790625 0.01328125 0.028125
0 0.89296875 0.75 0.0125 0.01953125
0 0.90234375 0.790625 0.021875 0.04609375
0 0.178125 0.8078125 0.02578125 0.07890625
0 0.21171875 0.81640625 0.0171875 0.0796875
0 0.2046875 0.8078125 0.025 0.07890625
0 0.21640625 0.809375 0.01796875 0.06953125
0 0.22265625 0.80703125 0.01484375 0.0609375
0 0.403125 0.796875 0.0125 0.04453125
0 0.5359375 0.809375 0.01015625 0.0609375
0 0.0296875 0.79453125 0.059375 0.0640625
0 0.4296875 0.7765625 0.0109375 0.01484375
0 0.309375 0.753125 0.03515625 0.10546875
0 0.43046875 0.79296875 0.00390625 0.01484375
0 0.459375 0.7828125 0.00390625 0.01640625
0 0.484375 0.80703125 0.0078125 0.0640625
0 0.52734375 0.775 0.01796875 0.0328125
0 0.54921875 0.7765625 0.0140625 0.01484375
0 0.553125 0.78359375 0.0078125 0.01796875
0 0.559375 0.778125 0.00703125 0.00625
0 0.5640625 0.78828125 0.0078125 0.01484375
0 0.56484375 0.81796875 0.003125 0.04765625
0 0.6046875 0.8046875 0.0234375 0.0828125
0 0.62265625 0.77890625 0.01953125 0.0234375
0 0.62578125 0.80859375 0.01484375 0.0359375
0 0.66796875 0.81171875 0.04609375 0.01796875
0 0.703125 0.765625 0.02578125 0.0828125
0 0.82734375 0.8078125 0.06484375 0.01953125
0 0.95546875 0.7828125 0.08828125 0.1203125
0 0.9421875 0.70234375 0.04453125 0.0296875
0 0.9859375 0.68671875 0.028125 0.028125
0 0.21171875 0.584375 0.05 0.04921875
0 0.134375 0.53125 0.02734375 0.140625
0 0.2015625 0.78984375 0.071875 0.0796875
0 0.4796875 0.7671875 0.0234375 0.02109375
0 0.5125 0.7703125 0.00703125 0.02109375
0 0.50625 0.68515625 0.0390625 0.04296875
0 0.60703125 0.6828125 0.00703125 0.0328125
0 0.8140625 0.77578125 0.01484375 0.01953125
0 0.5953125 0.69921875 0.0140625 0.01171875
0 0.89453125 0.46640625 0.0671875 0.07734375