0 0.2328125 0.63125 0.13203125 0.44921875
0 0.265625 0.4484375 0.0421875 0.071875
0 0.3171875 0.5625 0.11015625 0.32109375
0 0.3234375 0.53203125 0.0703125 0.2828125
0 0.39453125 0.56953125 0.0734375 0.30390625
0 0.340625 0.52734375 0.02734375 0.24375
0 0.446875 0.5515625 0.05234375 0.27890625
0 0.47890625 0.453125 0.025 0.04296875
0 0.509375 0.596875 0.1078125 0.36015625
0 0.40703125 0.54765625 0.04609375 0.21796875
0 0.4203125 0.4515625 0.02578125 0.059375
0 0.4671875 0.45078125 0.02265625 0.0640625
0 0.484375 0.41796875 0.021875 0.0328125
0 0.52421875 0.4328125 0.040625 0.0734375
0 0.5328125 0.44296875 0.01875 0.0484375
0 0.553125 0.51328125 0.028125 0.20859375
0 0.6140625 0.54453125 0.10625 0.29921875
0 0.83125 0.584375 0.075 0.41640625
0 0.8765625 0.6484375 0.10078125 0.5375
0 0.928125 0.6390625 0.14375 0.5359375
0 0.00859375 0.4453125 0.01015625 0.03671875
0 0.0234375 0.4453125 0.0125 0.0375
0 0.0484375 0.440625 0.034375 0.040625
0 0.42578125 0.40234375 0.1109375 0.0625
0 0.575 0.5328125 0.03515625 0.2125
0 0.6296875 0.69921875 0.3890625 0.1515625
0 0.28671875 0.7359375 0.196875 0.2265625
0 0.78125 0.84140625 0.2796875 0.13515625