0 0.96328125 0.40390625 0.0734375 0.49921875
0 0.91796875 0.6375 0.11796875 0.7203125
0 0.85703125 0.625 0.07109375 0.71796875
0 0.87109375 0.2484375 0.09921875 0.32578125
0 0.828125 0.19296875 0.04140625 0.1546875
0 0.77890625 0.2375 0.08125 0.28203125
0 0.78046875 0.7265625 0.1484375 0.54296875
0 0.6953125 0.703125 0.0984375 0.5890625
0 0.634375 0.690625 0.0890625 0.55390625
0 0.734375 0.41484375 0.10234375 0.353125
0 0.65703125 0.41015625 0.08515625 0.29296875
0 0.67578125 0.24921875 0.0703125 0.23984375
0 0.5421875 0.67578125 0.1140625 0.60703125
0 0.62109375 0.33359375 0.053125 0.20078125
0 0.5828125 0.4328125 0.07421875 0.3578125
0 0.6015625 0.253125 0.04375 0.1734375
0 0.5921875 0.19140625 0.0890625 0.35078125
0 0.52734375 0.21328125 0.06640625 0.31171875
0 0.53515625 0.38203125 0.05 0.21484375
0 0.4890625 0.32421875 0.0734375 0.1828125
0 0.49921875 0.5921875 0.06796875 0.5796875
0 0.44375 0.57734375 0.084375 0.55
0 0.4421875 0.30859375 0.07109375 0.1734375
0 0.41171875 0.7359375 0.0953125 0.478125
0 0.3765625 0.5828125 0.08203125 0.65390625
0 0.42734375 0.23203125 0.0359375 0.12734375
0 0.4015625 0.215625 0.04921875 0.15
0 0.3671875 0.2203125 0.059375 0.1546875
0 0.3234375 0.1953125 0.06328125 0.159375
0 0.29453125 0.725 0.14296875 0.5453125
0 0.28828125 0.4203125 0.10234375 0.38359375
0 0.2484375 0.33125 0.0703125 0.19609375
0 0.33359375 0.3328125 0.05390625 0.18046875
0 0.20234375 0.43203125 0.08046875 0.3328125
0 0.1859375 0.70078125 0.10625 0.5984375
0 0.06640625 0.70546875 0.1328125 0.584375
0 0.12109375 0.596875 0.09375 0.6859375
0 0.128125 0.3140625 0.09375 0.19375
0 0.47109375 0.26015625 0.028125 0.15
0 0.753125 0.19765625 0.04140625 0.10859375
0 0.784375 0.384375 0.0390625 0.09921875
0 0.409375 0.309375 0.0359375 0.1203125
0 0.3515625 0.29296875 0.02578125 0.0875
0 0.2625 0.2359375 0.0359375 0.1203125
0 0.221875 0.2640625 0.02890625 0.09921875