0 0.9265625 0.49453125 0.1296875 0.68125
0 0.88203125 0.4640625 0.20625 0.68203125
0 0.75625 0.59296875 0.14765625 0.565625
0 0.615625 0.60234375 0.12109375 0.5703125
0 0.5125 0.61640625 0.1078125 0.60546875
0 0.3921875 0.61015625 0.1375 0.6078125
0 0.275 0.6125 0.1609375 0.58984375
0 0.7625 0.3140625 0.09453125 0.30234375
0 0.6578125 0.4453125 0.18203125 0.6390625
0 0.61640625 0.4296875 0.25625 0.6546875
0 0.528125 0.2734375 0.2421875 0.36875
0 0.446875 0.4140625 0.096875 0.6796875
0 0.3671875 0.27734375 0.125 0.38984375
0 0.28359375 0.47109375 0.10390625 0.61796875
0 0.19296875 0.4609375 0.1171875 0.69140625
0 0.07421875 0.471875 0.14765625 0.7765625