0 0.109375 0.59921875 0.21875 0.80078125
0 0.4515625 0.54140625 0.1421875 0.86875
0 0.6078125 0.5203125 0.1078125 0.52890625
0 0.75078125 0.56171875 0.2296875 0.8765625
0 0.9625 0.42265625 0.075 0.38203125
0 0.9359375 0.40078125 0.06328125 0.2796875
0 0.91640625 0.3265625 0.04609375 0.14921875
0 0.803125 0.26484375 0.0328125 0.07890625
0 0.85390625 0.29375 0.03828125 0.13125
0 0.8765625 0.3203125 0.02265625 0.11953125
0 0.8296875 0.27734375 0.02265625 0.07890625
0 0.88671875 0.35546875 0.02734375 0.1828125
0 0.2859375 0.32734375 0.1703125 0.21875
0 0.76640625 0.24765625 0.021875 0.0484375
0 0.5421875 0.27265625 0.096875 0.19921875
0 0.88671875 0.265625 0.021875 0.02578125