0 0.08203125 0.3078125 0.03203125 0.11171875
0 0.1828125 0.30625 0.02734375 0.075
0 0.1984375 0.30859375 0.02890625 0.075
0 0.21484375 0.27734375 0.02578125 0.05546875
0 0.3484375 0.26640625 0.02265625 0.08203125
0 0.14296875 0.28671875 0.03359375 0.0703125
0 0.0453125 0.29296875 0.02578125 0.08203125
0 0.03125 0.359375 0.040625 0.15703125
0 0.0234375 0.4359375 0.046875 0.334375
0 0.12421875 0.5375 0.2484375 0.31015625
0 0.17578125 0.58359375 0.3515625 0.3296875
0 0.22421875 0.596875 0.4484375 0.38046875
0 0.309375 0.61015625 0.43515625 0.4015625
0 0.41875 0.6171875 0.52109375 0.51796875
0 0.43671875 0.42890625 0.603125 0.334375
0 0.55078125 0.678125 0.54375 0.46484375
0 0.69609375 0.7515625 0.6078125 0.49609375
0 0.50078125 0.240625 0.9984375 0.48125