0 0.6390625 0.4203125 0.01640625 0.08203125
0 0.65703125 0.6140625 0.02421875 0.10625
0 0.6265625 0.62578125 0.034375 0.146875
0 0.58828125 0.64296875 0.0484375 0.26640625
0 0.56796875 0.634375 0.0296875 0.24296875
0 0.54453125 0.63125 0.06328125 0.2921875
0 0.97421875 0.62734375 0.0296875 0.15703125
0 0.9640625 0.65859375 0.0375 0.165625
0 0.9953125 0.584375 0.00859375 0.06171875
0 0.99453125 0.6140625 0.0109375 0.075
0 0.09296875 0.6515625 0.06171875 0.2703125
0 0.1609375 0.64375 0.02109375 0.196875
0 0.18203125 0.63828125 0.03828125 0.23046875
0 0.20703125 0.6765625 0.0546875 0.17109375
0 0.80078125 0.63984375 0.128125 0.71640625
0 0.8625 0.5796875 0.265625 0.8375
0 0.04375 0.703125 0.0875 0.528125
0 0.14296875 0.68515625 0.071875 0.4515625
0 0.215625 0.671875 0.0671875 0.39296875
0 0.27265625 0.65703125 0.05859375 0.35078125
0 0.31640625 0.64921875 0.05 0.32109375
0 0.35546875 0.64375 0.04296875 0.2890625
0 0.3828125 0.6375 0.0421875 0.26640625
0 0.40703125 0.63515625 0.0375 0.24765625
0 0.42890625 0.634375 0.0328125 0.22890625
0 0.44609375 0.63046875 0.03046875 0.215625
0 0.46015625 0.63125 0.03359375 0.2
0 0.47578125 0.628125 0.0296875 0.18984375
0 0.4890625 0.62734375 0.02890625 0.178125
0 0.5015625 0.628125 0.02578125 0.16953125
0 0.5125 0.62890625 0.02109375 0.15390625
0 0.2671875 0.6109375 0.0453125 0.04296875
0 0.76796875 0.5359375 0.11328125 0.35703125