0 0.8953125 0.615625 0.01796875 0.04765625
0 0.7625 0.603125 0.0140625 0.0453125
0 0.7515625 0.603125 0.0125 0.05
0 0.73515625 0.60078125 0.015625 0.0453125
0 0.72265625 0.60859375 0.015625 0.04375
0 0.70703125 0.60703125 0.015625 0.04140625
0 0.5265625 0.6390625 0.02265625 0.06875
0 0.42265625 0.62578125 0.0140625 0.04140625
0 0.3875 0.64609375 0.025 0.0640625
0 0.37734375 0.6390625 0.02109375 0.0734375
0 0.34453125 0.628125 0.01953125 0.059375
0 0.30234375 0.6453125 0.028125 0.0796875
0 0.28203125 0.61953125 0.0265625 0.04375
0 0.2859375 0.66796875 0.0265625 0.10703125
0 0.2546875 0.646875 0.025 0.0890625
0 0.2421875 0.62890625 0.01796875 0.06171875
0 0.225 0.65625 0.02109375 0.084375
0 0.20703125 0.6484375 0.025 0.07734375
0 0.19921875 0.6109375 0.02265625 0.05703125
0 0.17421875 0.6109375 0.0125 0.04375
0 0.1578125 0.60625 0.01796875 0.04765625
0 0.11328125 0.653125 0.0421875 0.08203125
0 0.12265625 0.59375 0.04765625 0.0453125
0 0.8109375 0.596875 0.0140625 0.0390625
0 0.6671875 0.6015625 0.04609375 0.034375
0 0.36640625 0.58203125 0.0109375 0.02734375