0 0.06640625 0.678125 0.1015625 0.64375
0 0.140625 0.6734375 0.20234375 0.64921875
0 0.18984375 0.65078125 0.29453125 0.69765625
0 0.21796875 0.4265625 0.04375 0.0953125
0 0.3765625 0.621875 0.140625 0.75625
0 0.4890625 0.6578125 0.15703125 0.684375
0 0.4921875 0.5453125 0.16328125 0.528125
0 0.61640625 0.63671875 0.1984375 0.7265625
0 0.634375 0.3515625 0.0921875 0.171875
0 0.6796875 0.38125 0.06875 0.16484375
0 0.82578125 0.5546875 0.26484375 0.8875
0 0.04921875 0.87734375 0.02109375 0.08125
0 0.0609375 0.465625 0.02578125 0.0453125
0 0.3140625 0.43671875 0.078125 0.05390625
0 0.4328125 0.43046875 0.05078125 0.08359375