0 0.0171875 0.74296875 0.03359375 0.246875
0 0.03515625 0.68515625 0.0296875 0.12109375
0 0.0546875 0.68046875 0.04375 0.1375
0 0.08515625 0.67734375 0.025 0.125
0 0.1 0.728125 0.05546875 0.26328125
0 0.5359375 0.628125 0.01640625 0.02890625
0 0.55859375 0.63203125 0.0171875 0.04140625
0 0.578125 0.634375 0.01796875 0.04375
0 0.60234375 0.7046875 0.03984375 0.1828125
0 0.6390625 0.66796875 0.03359375 0.15234375
0 0.62421875 0.67890625 0.03359375 0.15859375
0 0.6984375 0.70546875 0.053125 0.21484375
0 0.7234375 0.653125 0.01796875 0.11015625
0 0.71484375 0.65625 0.0234375 0.10703125
0 0.74921875 0.6578125 0.021875 0.08671875
0 0.77890625 0.66640625 0.03515625 0.140625
0 0.796875 0.675 0.03828125 0.140625
0 0.83046875 0.671875 0.0421875 0.16328125
0 0.875 0.67734375 0.0421875 0.140625
0 0.91015625 0.66953125 0.05703125 0.23046875
0 0.92421875 0.62421875 0.02109375 0.03203125
0 0.959375 0.67578125 0.05390625 0.14375
0 0.9890625 0.6625 0.02109375 0.1328125
0 0.0328125 0.68125 0.0265625 0.11640625
0 0.88046875 0.47890625 0.04296875 0.10703125
0 0.34453125 0.64140625 0.0078125 0.03046875
0 0.35 0.64296875 0.00703125 0.0375
0 0.36875 0.64609375 0.0109375 0.046875
0 0.04609375 0.4203125 0.0375 0.059375
0 0.07890625 0.628125 0.01640625 0.02265625
0 0.10390625 0.62109375 0.01484375 0.028125
0 0.08828125 0.59765625 0.03671875 0.03203125
0 0.33671875 0.640625 0.01171875 0.0375
0 0.3578125 0.64296875 0.01171875 0.04609375
0 0.36640625 0.628125 0.00625 0.0265625
0 0.42734375 0.63984375 0.10234375 0.05078125
0 0.52890625 0.62734375 0.0078125 0.03359375
0 0.546875 0.63125 0.0125 0.0453125
0 0.5671875 0.62890625 0.0125 0.04453125
0 0.59609375 0.62109375 0.02890625 0.0421875
0 0.7359375 0.64921875 0.01328125 0.0796875
0 0.7609375 0.65390625 0.02265625 0.09296875
0 0.790625 0.65703125 0.01328125 0.10703125
0 0.81484375 0.653125 0.01796875 0.11328125
0 0.85546875 0.659375 0.02734375 0.10859375
0 0.8859375 0.65625 0.01953125 0.1109375
0 0.92890625 0.65234375 0.02890625 0.08671875
0 0.9796875 0.64375 0.01640625 0.06953125
0 0.3140625 0.65078125 0.02265625 0.02734375