0 0.3234375 0.240625 0.01875 0.0859375
0 0.3515625 0.23828125 0.0140625 0.06640625
0 0.36171875 0.23828125 0.01875 0.090625
0 0.36953125 0.23671875 0.01484375 0.08359375
0 0.38125 0.22109375 0.01796875 0.05703125
0 0.409375 0.2140625 0.0140625 0.02890625
0 0.41875 0.24375 0.01484375 0.08828125
0 0.44296875 0.24140625 0.01484375 0.08359375
0 0.51796875 0.24140625 0.0203125 0.09296875
0 0.54921875 0.2609375 0.025 0.06875
0 0.56796875 0.24765625 0.01796875 0.090625
0 0.6359375 0.24765625 0.01875 0.1
0 0.66015625 0.24296875 0.01875 0.1
0 0.6875 0.24140625 0.01796875 0.10234375
0 0.71796875 0.22109375 0.01484375 0.05703125
0 0.72734375 0.240625 0.021875 0.1
0 0.7546875 0.24296875 0.01875 0.0765625
0 0.77265625 0.24765625 0.02421875 0.1
0 0.81484375 0.25234375 0.01796875 0.0765625
0 0.82421875 0.225 0.01484375 0.059375
0 0.82578125 0.2640625 0.021875 0.05703125
0 0.8671875 0.26875 0.01796875 0.109375
0 0.85859375 0.29609375 0.03046875 0.12109375
0 0.83828125 0.284375 0.025 0.059375
0 0.8359375 0.325 0.02421875 0.12109375
0 0.81875 0.334375 0.02265625 0.1265625
0 0.80703125 0.3265625 0.01875 0.11875
0 0.7953125 0.34375 0.0265625 0.140625
0 0.75234375 0.334375 0.01875 0.13125
0 0.7375 0.32734375 0.021875 0.1359375
0 0.7765625 0.359375 0.02890625 0.12890625
0 0.75859375 0.3546875 0.0265625 0.14765625
0 0.7078125 0.34375 0.01796875 0.13125
0 0.69921875 0.3609375 0.021875 0.1265625
0 0.68828125 0.35703125 0.028125 0.16171875
0 0.6765625 0.3515625 0.01875 0.1359375
0 0.64453125 0.38203125 0.0328125 0.1546875
0 0.60078125 0.3859375 0.02890625 0.14296875
0 0.55078125 0.38125 0.03046875 0.12890625
0 0.575 0.390625 0.0453125 0.18125
0 0.52890625 0.40859375 0.03515625 0.1546875
0 0.50546875 0.40234375 0.02890625 0.16640625
0 0.48828125 0.42109375 0.04296875 0.2
0 0.459375 0.43125 0.03515625 0.18125
0 0.4234375 0.3703125 0.0265625 0.059375
0 0.44140625 0.47109375 0.03828125 0.2234375
0 0.38515625 0.39140625 0.021875 0.08359375
0 0.3921875 0.459375 0.0328125 0.23359375
0 0.4109375 0.47890625 0.06171875 0.24296875
0 0.35859375 0.3953125 0.03203125 0.0859375
0 0.34609375 0.4203125 0.02890625 0.08359375
0 0.321875 0.52890625 0.046875 0.2765625
0 0.371875 0.57890625 0.04453125 0.3
0 0.35078125 0.59296875 0.0734375 0.3234375
0 0.28203125 0.465625 0.0484375 0.22109375
0 0.28828125 0.49609375 0.040625 0.23125
0 0.2375 0.484375 0.046875 0.25
0 0.2078125 0.515625 0.053125 0.25
0 0.25390625 0.55859375 0.04921875 0.26875
0 0.325 0.52734375 0.046875 0.27890625
0 0.4984375 0.66171875 0.06328125 0.34296875
0 0.55546875 0.69609375 0.06796875 0.40234375
0 0.57578125 0.63125 0.07109375 0.33828125
0 0.621875 0.659375 0.05859375 0.409375
0 0.64921875 0.7203125 0.08125 0.459375
0 0.69453125 0.62734375 0.06171875 0.359375
0 0.765625 0.7484375 0.1015625 0.49765625
0 0.81484375 0.7234375 0.07109375 0.42890625
0 0.9296875 0.715625 0.08515625 0.4453125
0 0.5515625 0.4984375 0.06328125 0.19296875
0 0.46015625 0.25390625 0.0140625 0.09296875
0 0.6546875 0.2734375 0.00859375 0.01875
0 0.67109375 0.2453125 0.01484375 0.1046875
0 0.76328125 0.21171875 0.0125 0.04765625
0 0.725 0.36171875 0.03828125 0.16171875
0 0.58515625 0.3234375 0.0125 0.0234375
0 0.5515625 0.315625 0.0125 0.02109375
0 0.27890625 0.3515625 0.0140625 0.02109375