0 0.16484375 0.43828125 0.31796875 0.8640625
0 0.2328125 0.41484375 0.1609375 0.8171875
0 0.3484375 0.309375 0.12109375 0.52421875
0 0.43203125 0.25625 0.1140625 0.40859375
0 0.4703125 0.40078125 0.16875 0.72109375
0 0.64140625 0.29921875 0.24140625 0.53125
0 0.70546875 0.34765625 0.128125 0.50390625
0 0.82890625 0.46171875 0.146875 0.76484375
0 0.91640625 0.53203125 0.16171875 0.7515625
0 0.7265625 0.69296875 0.17109375 0.61015625
0 0.58359375 0.6921875 0.15703125 0.58515625
0 0.43203125 0.6734375 0.17265625 0.58984375
0 0.28125 0.68046875 0.18046875 0.63515625