0 0.03984375 0.6296875 0.0796875 0.371875
0 0.03671875 0.4765625 0.07265625 0.13046875
0 0.12421875 0.6109375 0.07578125 0.36875
0 0.10625 0.47890625 0.084375 0.1734375
0 0.1625 0.44765625 0.0484375 0.12734375
0 0.184375 0.54921875 0.07421875 0.23203125
0 0.20546875 0.634375 0.0796875 0.38359375
0 0.271875 0.61015625 0.084375 0.3984375
0 0.24140625 0.475 0.0359375 0.0984375
0 0.2203125 0.44921875 0.0296875 0.0625
0 0.23203125 0.4296875 0.0609375 0.10078125
0 0.31953125 0.45234375 0.04296875 0.0796875
0 0.33359375 0.5125 0.0625 0.1546875
0 0.35 0.70546875 0.1203125 0.39453125
0 0.44296875 0.56328125 0.08046875 0.125
0 0.4609375 0.51640625 0.08828125 0.21328125
0 0.3953125 0.490625 0.08125 0.18828125
0 0.3609375 0.45703125 0.02578125 0.05390625
0 0.3796875 0.43125 0.02265625 0.06328125
0 0.4328125 0.43359375 0.040625 0.065625
0 0.51328125 0.52890625 0.0609375 0.2
0 0.55390625 0.45078125 0.04921875 0.0859375
0 0.58984375 0.46640625 0.06796875 0.1125
0 0.54375 0.54921875 0.0484375 0.15234375
0 0.5828125 0.57421875 0.08125 0.13359375
0 0.6734375 0.734375 0.10234375 0.39609375
0 0.66015625 0.5328125 0.0890625 0.2234375
0 0.62265625 0.5078125 0.0515625 0.1609375
0 0.734375 0.52421875 0.08125 0.221875
0 0.78125 0.6484375 0.11640625 0.4421875
0 0.8 0.7546875 0.13046875 0.4328125
0 0.87421875 0.6859375 0.08203125 0.4484375
0 0.85078125 0.4890625 0.09296875 0.1109375
0 0.903125 0.48828125 0.0625 0.10546875
0 0.95390625 0.7140625 0.09140625 0.4671875
0 0.95078125 0.6796875 0.09765625 0.48046875
0 0.3109375 0.42265625 0.02421875 0.03828125