0 0.571875 0.846875 0.03203125 0.18515625
0 0.5421875 0.84921875 0.03046875 0.18125
0 0.275 0.83984375 0.02578125 0.13359375
0 0.32890625 0.84296875 0.01796875 0.11015625
0 0.3390625 0.85 0.01875 0.09609375
0 0.353125 0.82734375 0.01875 0.08359375
0 0.3671875 0.84609375 0.02578125 0.10390625
0 0.41875 0.8375 0.01875 0.10859375
0 0.43515625 0.84140625 0.01875 0.1
0 0.45 0.840625 0.01796875 0.09765625
0 0.465625 0.83828125 0.028125 0.10234375
0 0.59140625 0.83046875 0.01640625 0.08984375
0 0.49375 0.8375 0.01875 0.09140625
0 0.8421875 0.80703125 0.0296875 0.07734375
0 0.8671875 0.80546875 0.03515625 0.08984375
0 0.88046875 0.77421875 0.0234375 0.06015625
0 0.9 0.80078125 0.034375 0.08984375
0 0.75390625 0.79765625 0.02734375 0.05859375
0 0.73828125 0.78828125 0.01875 0.03984375
0 0.72578125 0.80078125 0.0203125 0.06875
0 0.71328125 0.828125 0.02265625 0.11875
0 0.68984375 0.81953125 0.01640625 0.08515625
0 0.7078125 0.83046875 0.02578125 0.13125
0 0.61640625 0.84921875 0.02265625 0.14375
0 0.6046875 0.81796875 0.01640625 0.08984375
0 0.028125 0.840625 0.0328125 0.15234375
0 0.1703125 0.83828125 0.02109375 0.07734375
0 0.18671875 0.8375 0.01875 0.07890625
0 0.1203125 0.828125 0.0109375 0.05234375
0 0.12890625 0.82265625 0.0109375 0.04140625
0 0.74453125 0.53359375 0.02734375 0.09140625
0 0.7640625 0.53515625 0.01875 0.075
0 0.7875 0.528125 0.01875 0.09765625
0 0.8984375 0.52421875 0.01796875 0.03984375
0 0.99296875 0.52109375 0.0140625 0.0390625
0 0.8609375 0.51015625 0.015625 0.02890625
0 0.82265625 0.51953125 0.01640625 0.06875
0 0.83359375 0.51484375 0.01171875 0.02890625
0 0.84375 0.53359375 0.01875 0.07890625
0 0.96328125 0.56171875 0.02109375 0.10625
0 0.78046875 0.534375 0.02109375 0.08984375
0 0.10625 0.81875 0.09765625 0.04140625
0 0.3453125 0.83359375 0.23359375 0.07109375
0 0.68984375 0.80859375 0.0296875 0.09609375
0 0.234375 0.45546875 0.09140625 0.11484375
0 0.3765625 0.47890625 0.04453125 0.06640625
0 0.81640625 0.42109375 0.3671875 0.34609375