0 0.0359375 0.603125 0.07109375 0.22890625
0 0.05625 0.565625 0.0375 0.16640625
0 0.13671875 0.55234375 0.04375 0.13984375
0 0.20078125 0.5953125 0.03359375 0.16875
0 0.2375 0.54140625 0.0171875 0.08203125
0 0.703125 0.6046875 0.0265625 0.12421875
0 0.72421875 0.60703125 0.03125 0.12421875
0 0.846875 0.6375 0.04609375 0.1734375
0 0.8828125 0.64296875 0.0484375 0.20234375
0 0.8953125 0.6453125 0.01875 0.1625
0 0.96015625 0.6640625 0.0453125 0.2046875
0 0.16796875 0.56328125 0.12421875 0.13984375
0 0.66328125 0.59453125 0.05234375 0.13984375
0 0.9921875 0.6265625 0.01484375 0.10234375