0 0.328125 0.57421875 0.00546875 0.01796875
0 0.3203125 0.57734375 0.00859375 0.02109375
0 0.32265625 0.57421875 0.0046875 0.01796875
0 0.3859375 0.571875 0.00625 0.0125
0 0.27890625 0.5453125 0.00546875 0.0078125
0 0.35859375 0.5546875 0.00625 0.0140625
0 0.4140625 0.7953125 0.00625 0.01796875
0 0.4203125 0.796875 0.0078125 0.0140625
0 0.43046875 0.78671875 0.00546875 0.01015625
0 0.43515625 0.78671875 0.009375 0.0171875
0 0.453125 0.7609375 0.01015625 0.0171875
0 0.459375 0.75546875 0.00546875 0.0125
0 0.428125 0.74375 0.0109375 0.025
0 0.571875 0.90546875 0.00703125 0.0125
0 0.6109375 0.8828125 0.0171875 0.02890625
0 0.61171875 0.87109375 0.0125 0.021875
0 0.60625 0.8578125 0.0125 0.02578125
0 0.60703125 0.85703125 0.009375 0.02109375
0 0.63203125 0.84765625 0.0109375 0.03125
0 0.675 0.7890625 0.00859375 0.025
0 0.68828125 0.78046875 0.009375 0.0265625
0 0.73046875 0.7875 0.01015625 0.015625
0 0.3515625 0.553125 0.00625 0.0140625
0 0.35078125 0.55546875 0.00625 0.0140625
0 0.3921875 0.57890625 0.00859375 0.01640625
0 0.3265625 0.55859375 0.0109375 0.0171875
0 0.3296875 0.55546875 0.00625 0.0140625
0 0.3109375 0.553125 0.00703125 0.0140625
0 0.31796875 0.546875 0.009375 0.0109375
0 0.31875 0.55703125 0.0078125 0.0125
0 0.33984375 0.55859375 0.00859375 0.01484375
0 0.253125 0.5609375 0.01015625 0.01640625
0 0.54765625 0.315625 0.00390625 0.0109375
0 0.55078125 0.31640625 0.003125 0.01015625
0 0.55390625 0.31640625 0.00390625 0.0125
0 0.2421875 0.58046875 0.00703125 0.0234375
0 0.41015625 0.80078125 0.00703125 0.02109375
0 0.2359375 0.56015625 0.0046875 0.0125
0 0.21953125 0.453125 0.0046875 0.0125
0 0.30078125 0.4703125 0.01015625 0.01484375
0 0.49921875 0.3484375 0.01484375 0.0453125
0 0.36015625 0.3375 0.0171875 0.03828125
0 0.32265625 0.37578125 0.009375 0.01796875
0 0.16953125 0.24765625 0.00859375 0.01484375
0 0.2703125 0.2125 0.0234375 0.009375
0 0.55390625 0.38828125 0.00625 0.0171875
0 0.24140625 0.5578125 0.01640625 0.0171875
0 0.4578125 0.3140625 0.00859375 0.021875
0 0.38984375 0.3953125 0.01171875 0.00625
0 0.33046875 0.5515625 0.04296875 0.01796875