0 0.32109375 0.6453125 0.125 0.52734375
0 0.3921875 0.75625 0.06171875 0.28046875
0 0.696875 0.60390625 0.0984375 0.3921875
0 0.66953125 0.5890625 0.0578125 0.35078125
0 0.6078125 0.5640625 0.0671875 0.278125
0 0.5234375 0.5515625 0.0625 0.296875
0 0.4890625 0.553125 0.04609375 0.240625
0 0.5578125 0.60859375 0.0984375 0.31484375
0 0.44375 0.5671875 0.090625 0.30859375
0 0.41328125 0.553125 0.05390625 0.26796875
0 0.375 0.49921875 0.04140625 0.17890625
0 0.18515625 0.52109375 0.07734375 0.24453125
0 0.0875 0.51640625 0.07265625 0.221875
0 0.24765625 0.48515625 0.03125 0.1171875
0 0.21015625 0.49765625 0.4203125 0.1828125