0 0.2578125 0.63125 0.0453125 0.19296875
0 0.415625 0.5734375 0.05234375 0.309375
0 0.4453125 0.60703125 0.034375 0.16953125
0 0.53984375 0.55625 0.090625 0.34765625
0 0.59609375 0.62578125 0.0375 0.1984375
0 0.6484375 0.565625 0.084375 0.3484375
0 0.7234375 0.56796875 0.059375 0.3609375
0 0.8015625 0.55 0.07890625 0.39453125
0 0.68671875 0.66015625 0.03203125 0.1234375
0 0.83828125 0.6078125 0.028125 0.25
0 0.85390625 0.60625 0.03671875 0.1875
0 0.88515625 0.57109375 0.05625 0.3140625
0 0.91171875 0.5515625 0.09453125 0.4109375
0 0.97109375 0.53671875 0.05703125 0.36484375
0 0.6953125 0.57109375 0.02734375 0.14453125
0 0.63046875 0.4453125 0.02265625 0.04296875
0 0.88515625 0.653125 0.05625 0.09375
0 0.55078125 0.67578125 0.0375 0.08671875
0 0.58984375 0.52265625 0.01484375 0.04609375
0 0.84140625 0.521875 0.01328125 0.01484375