0 0.365625 0.59140625 0.303125 0.80390625
0 0.653125 0.59296875 0.140625 0.38203125
0 0.77578125 0.57734375 0.1453125 0.27890625
0 0.734375 0.559375 0.05625 0.2609375
0 0.5828125 0.48515625 0.0375 0.11796875
0 0.19609375 0.52890625 0.0609375 0.10234375
0 0.10390625 0.53203125 0.0671875 0.1140625
0 0.7390625 0.425 0.0375 0.09140625
0 0.7796875 0.3671875 0.01875 0.06015625
0 0.79765625 0.36171875 0.0140625 0.0359375
0 0.30703125 0.5703125 0.0921875 0.15859375
0 0.13984375 0.503125 0.0453125 0.05546875
0 0.31484375 0.46875 0.0203125 0.08046875
0 0.8140625 0.49765625 0.0375 0.14765625
0 0.753125 0.3796875 0.015625 0.0578125
0 0.5515625 0.4765625 0.01875 0.046875
0 0.76171875 0.5265625 0.0296875 0.17890625
0 0.721875 0.32890625 0.0125 0.03359375
0 0.16328125 0.50703125 0.3265625 0.14296875
0 0.934375 0.54375 0.128125 0.13203125
0 0.615625 0.42109375 0.30625 0.22109375