0 0.159375 0.75859375 0.2140625 0.48046875
0 0.29296875 0.77578125 0.1484375 0.4453125
0 0.42421875 0.79296875 0.1375 0.4140625
0 0.53828125 0.77578125 0.146875 0.4453125
0 0.66875 0.77109375 0.1546875 0.45546875
0 0.78984375 0.77109375 0.184375 0.45546875
0 0.92109375 0.6171875 0.15546875 0.7625
0 0.803125 0.43125 0.153125 0.49921875
0 0.67578125 0.425 0.134375 0.47890625
0 0.57890625 0.6515625 0.13671875 0.52421875
0 0.4765625 0.55 0.1234375 0.3
0 0.346875 0.50703125 0.1234375 0.4171875
0 0.2515625 0.490625 0.11640625 0.4125
0 0.15 0.4671875 0.140625 0.42421875
0 0.56953125 0.371875 0.1078125 0.29609375
0 0.48046875 0.3625 0.1109375 0.3265625
0 0.4 0.43046875 0.10859375 0.33671875
0 0.2921875 0.29765625 0.05 0.159375
0 0.3625 0.30546875 0.05546875 0.15703125
0 0.34609375 0.26484375 0.08671875 0.13203125
0 0.43515625 0.2890625 0.04765625 0.18046875
0 0.559375 0.2671875 0.1078125 0.17421875
0 0.625 0.275 0.06640625 0.15546875
0 0.7421875 0.44140625 0.0609375 0.45234375