0 0.4109375 0.4265625 0.06953125 0.090625
0 0.453125 0.43046875 0.04296875 0.08984375
0 0.58671875 0.43515625 0.04609375 0.0796875
0 0.60859375 0.4328125 0.03046875 0.0765625
0 0.6515625 0.43828125 0.04140625 0.07109375
0 0.715625 0.44375 0.046875 0.0734375
0 0.740625 0.446875 0.05546875 0.09296875
0 0.36640625 0.76875 0.16953125 0.3234375
0 0.51796875 0.746875 0.125 0.2609375
0 0.5703125 0.61640625 0.0625 0.08515625
0 0.61484375 0.6875 0.10703125 0.14375
0 0.6953125 0.73359375 0.11796875 0.1890625
0 0.6515625 0.4390625 0.04140625 0.0609375