0 0.0671875 0.66015625 0.13359375 0.36171875
0 0.07578125 0.53359375 0.128125 0.2546875
0 0.21484375 0.4796875 0.09609375 0.2046875
0 0.3109375 0.4859375 0.0765625 0.16171875
0 0.153125 0.6671875 0.15390625 0.3703125
0 0.25703125 0.64921875 0.1234375 0.334375
0 0.35625 0.6640625 0.121875 0.3453125
0 0.4484375 0.503125 0.09296875 0.19921875
0 0.453125 0.66171875 0.1359375 0.353125
0 0.54609375 0.52265625 0.09921875 0.24921875
0 0.621875 0.53671875 0.08671875 0.2875
0 0.6984375 0.54453125 0.084375 0.26953125
0 0.5859375 0.6578125 0.134375 0.32734375
0 0.740625 0.6515625 0.11015625 0.33984375
0 0.31953125 0.33359375 0.103125 0.328125
0 0.4171875 0.36328125 0.0765625 0.3015625
0 0.4875 0.36953125 0.10546875 0.384375
0 0.60546875 0.33984375 0.07265625 0.25390625
0 0.64765625 0.34453125 0.04765625 0.240625
0 0.7078125 0.33203125 0.09375 0.28125
0 0.8109375 0.33359375 0.1078125 0.2515625
0 0.78671875 0.47109375 0.04609375 0.1546875
0 0.9765625 0.52890625 0.046875 0.2890625
0 0.96171875 0.2640625 0.06953125 0.13046875
0 0.86328125 0.5578125 0.20078125 0.69921875
0 0.8796875 0.5875 0.23515625 0.63828125
0 0.009375 0.55546875 0.01875 0.071875
0 0.9890625 0.86171875 0.0203125 0.109375