0 0.0734375 0.7296875 0.11640625 0.43515625
0 0.1640625 0.7046875 0.109375 0.475
0 0.44921875 0.78828125 0.078125 0.275
0 0.575 0.76484375 0.115625 0.340625
0 0.6453125 0.71640625 0.06875 0.22265625
0 0.41171875 0.68125 0.0734375 0.11015625
0 0.35234375 0.73984375 0.11328125 0.2578125
0 0.2828125 0.74921875 0.07421875 0.290625
0 0.2484375 0.67734375 0.04921875 0.1671875
0 0.396875 0.62421875 0.065625 0.096875
0 0.19453125 0.5546875 0.04453125 0.09921875
0 0.31640625 0.62734375 0.04375 0.08203125
0 0.3296875 0.609375 0.03984375 0.06484375
0 0.52265625 0.65625 0.03125 0.04296875
0 0.403125 0.59921875 0.0265625 0.03515625
0 0.36171875 0.6046875 0.02109375 0.02890625
0 0.22734375 0.61328125 0.02734375 0.046875
0 0.01953125 0.60859375 0.034375 0.06484375
0 0.759375 0.51875 0.0671875 0.071875