0 0.115625 0.8546875 0.15859375 0.17890625
0 0.0859375 0.821875 0.12734375 0.0859375
0 0.10859375 0.78515625 0.0671875 0.07421875
0 0.1234375 0.784375 0.0765625 0.0734375
0 0.15625 0.80078125 0.05390625 0.06875
0 0.2609375 0.79375 0.0671875 0.07421875
0 0.3390625 0.87265625 0.22109375 0.1921875
0 0.4609375 0.8171875 0.11328125 0.1015625
0 0.49453125 0.871875 0.171875 0.20703125
0 0.62578125 0.83515625 0.14375 0.1390625
0 0.58828125 0.77734375 0.06171875 0.0859375
0 0.709375 0.8234375 0.06484375 0.13125
0 0.79453125 0.83125 0.1234375 0.21875
0 0.8578125 0.84375 0.0703125 0.18359375
0 0.8953125 0.8109375 0.03359375 0.075
0 0.94609375 0.8234375 0.0265625 0.05546875
0 0.3265625 0.7828125 0.065625 0.06328125
0 0.375 0.7984375 0.05 0.0765625
0 0.01640625 0.80859375 0.03203125 0.0453125
0 0.17734375 0.79609375 0.10234375 0.07109375
0 0.28984375 0.79453125 0.03359375 0.04375
0 0.4015625 0.8046875 0.04140625 0.05625
0 0.5359375 0.78828125 0.1015625 0.05546875
0 0.72578125 0.82109375 0.10859375 0.13125
0 0.37890625 0.56953125 0.065625 0.03828125
0 0.70390625 0.56953125 0.04375 0.034375
0 0.91484375 0.5703125 0.1609375 0.03515625
0 0.990625 0.8078125 0.01875 0.075
0 0.28984375 0.96171875 0.3328125 0.03125
0 0.80078125 0.91953125 0.3984375 0.0421875