0 0.203125 0.3359375 0.021875 0.1
0 0.009375 0.2484375 0.0171875 0.0625
0 0.0046875 0.35234375 0.009375 0.0953125
0 0.01796875 0.3546875 0.02734375 0.09296875
0 0.01328125 0.4421875 0.0265625 0.13515625
0 0.00859375 0.4625 0.0171875 0.0875
0 0.040625 0.4859375 0.0375 0.1390625
0 0.0578125 0.353125 0.021875 0.06484375
0 0.065625 0.409375 0.02421875 0.08359375
0 0.0828125 0.39140625 0.0234375 0.06640625
0 0.07734375 0.4546875 0.0390625 0.128125
0 0.12734375 0.41875 0.0234375 0.0875
0 0.1078125 0.45234375 0.0296875 0.128125
0 0.08046875 0.45546875 0.03359375 0.12890625
0 0.00546875 0.528125 0.0109375 0.05
0 0.015625 0.5875 0.02578125 0.16328125
0 0.03046875 0.6 0.040625 0.18046875
0 0.046875 0.63359375 0.0328125 0.1640625
0 0.0734375 0.5265625 0.0234375 0.0703125
0 0.065625 0.54609375 0.03515625 0.06875
0 0.08046875 0.59921875 0.0484375 0.1078125
0 0.07734375 0.7125 0.0484375 0.209375
0 0.09453125 0.5796875 0.028125 0.11171875
0 0.096875 0.50078125 0.0375 0.08359375
0 0.12421875 0.5171875 0.025 0.05546875
0 0.134375 0.4890625 0.025 0.06015625
0 0.13046875 0.57421875 0.040625 0.121875
0 0.13203125 0.6796875 0.05859375 0.20390625
0 0.14453125 0.515625 0.02421875 0.05859375
0 0.15625 0.5484375 0.02734375 0.08125
0 0.15859375 0.62109375 0.0265625 0.18203125
0 0.18359375 0.625 0.065625 0.19296875
0 0.196875 0.55859375 0.0296875 0.07890625
0 0.159375 0.48828125 0.02734375 0.05859375
0 0.1484375 0.46015625 0.025 0.06171875
0 0.16796875 0.4703125 0.03046875 0.08515625
0 0.178125 0.43984375 0.01796875 0.0703125
0 0.19296875 0.45625 0.02421875 0.08046875
0 0.1921875 0.42109375 0.02578125 0.06015625
0 0.1890625 0.53125 0.02109375 0.1
0 0.20234375 0.4953125 0.02109375 0.06015625
0 0.23671875 0.4203125 0.02578125 0.04140625
0 0.2390625 0.45625 0.03515625 0.0953125
0 0.27109375 0.45078125 0.0203125 0.0640625
0 0.28359375 0.4296875 0.02578125 0.07734375
0 0.296875 0.40703125 0.015625 0.05234375
0 0.3046875 0.42890625 0.01640625 0.04375
0 0.31640625 0.44765625 0.02265625 0.06484375
0 0.303125 0.4796875 0.025 0.06171875
0 0.26875 0.4734375 0.02109375 0.05
0 0.25703125 0.5015625 0.03671875 0.08359375
0 0.234375 0.51484375 0.02109375 0.05234375
0 0.215625 0.53125 0.02578125 0.08046875
0 0.353125 0.44765625 0.0203125 0.07265625
0 0.3390625 0.45390625 0.02578125 0.06640625
0 0.32265625 0.49140625 0.025 0.075
0 0.3484375 0.51015625 0.03046875 0.08984375
0 0.34453125 0.4828125 0.0234375 0.05234375
0 0.34921875 0.56953125 0.025 0.08125
0 0.32890625 0.553125 0.02109375 0.04921875
0 0.3171875 0.53203125 0.015625 0.02890625
0 0.3046875 0.57109375 0.0265625 0.07109375
0 0.28125 0.5625 0.02578125 0.09296875
0 0.26796875 0.53671875 0.01796875 0.0578125
0 0.265625 0.50703125 0.0234375 0.0515625
0 0.259375 0.6203125 0.03359375 0.18515625
0 0.24296875 0.59453125 0.02421875 0.11875
0 0.23203125 0.5640625 0.02734375 0.05546875
0 0.253125 0.71015625 0.0390625 0.16015625
0 0.21953125 0.653125 0.0453125 0.121875
0 0.23046875 0.72734375 0.04609375 0.2296875
0 0.2078125 0.7546875 0.05703125 0.171875
0 0.13046875 0.81875 0.0484375 0.15703125
0 0.159375 0.8171875 0.04140625 0.115625
0 0.29140625 0.66171875 0.0375 0.18828125
0 0.31796875 0.70078125 0.0390625 0.20703125
0 0.34921875 0.609375 0.0375 0.1078125
0 0.3578125 0.659375 0.0375 0.125
0 0.28515625 0.95703125 0.0484375 0.08515625
0 0.48046875 0.9578125 0.06640625 0.08359375
0 0.59296875 0.953125 0.0609375 0.09375
0 0.71015625 0.97265625 0.04296875 0.05234375
0 0.3109375 0.83984375 0.03828125 0.08046875
0 0.34296875 0.871875 0.0515625 0.25546875
0 0.35546875 0.84296875 0.059375 0.2359375
0 0.41171875 0.91640625 0.07265625 0.1640625
0 0.4109375 0.85703125 0.06171875 0.103125
0 0.4515625 0.88203125 0.05234375 0.20546875
0 0.5078125 0.8875 0.059375 0.2234375
0 0.5078125 0.80234375 0.0703125 0.159375
0 0.58515625 0.8828125 0.0671875 0.2015625
0 0.5671875 0.80859375 0.0546875 0.1640625
0 0.64453125 0.8921875 0.0640625 0.215625
0 0.6234375 0.84765625 0.05 0.20703125
0 0.62734375 0.740625 0.040625 0.103125
0 0.590625 0.7359375 0.04921875 0.12265625
0 0.5671875 0.70234375 0.0359375 0.07109375
0 0.53046875 0.71171875 0.03828125 0.1328125
0 0.5109375 0.66875 0.0359375 0.1140625
0 0.4859375 0.66953125 0.03828125 0.19140625
0 0.446875 0.7578125 0.03984375 0.128125
0 0.4515625 0.62890625 0.0359375 0.190625
0 0.45546875 0.48046875 0.03203125 0.1015625
0 0.521875 0.5875 0.03984375 0.1125
0 0.53828125 0.5578125 0.02265625 0.08984375
0 0.54921875 0.578125 0.02265625 0.08125
0 0.5671875 0.59140625 0.03203125 0.13046875
0 0.559375 0.6453125 0.0359375 0.140625
0 0.603125 0.67890625 0.0296875 0.0828125
0 0.628125 0.69296875 0.0375 0.1078125
0 0.51640625 0.4546875 0.021875 0.12265625
0 0.503125 0.44375 0.02265625 0.12265625
0 0.4859375 0.4125 0.02734375 0.0828125
0 0.49140625 0.375 0.0171875 0.0375
0 0.5140625 0.384375 0.0234375 0.07734375
0 0.4765625 0.24921875 0.0203125 0.0578125
0 0.571875 0.384375 0.01640625 0.07421875
0 0.5625 0.4328125 0.025 0.1265625
0 0.5609375 0.41875 0.0234375 0.11796875
0 0.5765625 0.44765625 0.03359375 0.06015625
0 0.584375 0.42109375 0.015625 0.05234375
0 0.58125 0.38984375 0.0171875 0.0625
0 0.5984375 0.421875 0.02265625 0.1140625
0 0.61171875 0.46171875 0.040625 0.10390625
0 0.61171875 0.39140625 0.025 0.0765625
0 0.6578125 0.38984375 0.0265625 0.075
0 0.66875 0.3796875 0.01953125 0.0953125
0 0.684375 0.3984375 0.02734375 0.1125
0 0.7203125 0.384375 0.02109375 0.08046875
0 0.7421875 0.396875 0.01953125 0.10625
0 0.765625 0.40703125 0.02109375 0.08515625
0 0.75078125 0.4828125 0.03359375 0.12890625
0 0.734375 0.4625 0.0140625 0.07265625
0 0.75078125 0.5484375 0.0375 0.171875
0 0.74921875 0.5921875 0.04921875 0.17421875
0 0.7390625 0.525 0.03203125 0.06796875
0 0.734375 0.6703125 0.04609375 0.2359375
0 0.61171875 0.6359375 0.03515625 0.0890625
0 0.61640625 0.56796875 0.0265625 0.0578125
0 0.6359375 0.66328125 0.040625 0.21640625
0 0.6859375 0.68828125 0.05 0.21015625
0 0.68359375 0.67265625 0.0453125 0.1890625
0 0.70625 0.884375 0.0625 0.2296875
0 0.8078125 0.9625 0.071875 0.07265625
0 0.81484375 0.8734375 0.06484375 0.253125
0 0.77421875 0.8625 0.07578125 0.2734375
0 0.89921875 0.9296875 0.07265625 0.140625
0 0.92734375 0.87578125 0.07578125 0.2453125
0 0.87421875 0.8421875 0.07890625 0.31328125
0 0.815625 0.73671875 0.04765625 0.12265625
0 0.79765625 0.66015625 0.0484375 0.1515625
0 0.8640625 0.66015625 0.06015625 0.13515625
0 0.9359375 0.75625 0.06328125 0.22421875
0 0.9515625 0.6375 0.03046875 0.07734375
0 0.92734375 0.5921875 0.0484375 0.18671875
0 0.9203125 0.6015625 0.034375 0.1953125
0 0.7859375 0.3765625 0.02109375 0.05625
0 0.78125 0.43203125 0.0390625 0.075
0 0.78125 0.49921875 0.02265625 0.159375
0 0.796875 0.53984375 0.04453125 0.17578125
0 0.815625 0.50625 0.0375 0.18046875
0 0.81796875 0.434375 0.03046875 0.09375
0 0.8015625 0.40546875 0.01953125 0.109375
0 0.83203125 0.41875 0.02890625 0.1375
0 0.83203125 0.403125 0.034375 0.13125
0 0.83046875 0.35546875 0.03515625 0.07890625
0 0.846875 0.3515625 0.0265625 0.1015625
0 0.9 0.359375 0.0203125 0.11171875
0 0.92265625 0.3625 0.025 0.1
0 0.909375 0.4 0.0328125 0.0703125
0 0.94140625 0.46015625 0.034375 0.14921875
0 0.88203125 0.46015625 0.0296875 0.1453125
0 0.90625 0.4328125 0.03046875 0.07421875
0 0.8890625 0.47890625 0.02734375 0.13046875
0 0.86875 0.48203125 0.02578125 0.11171875
0 0.9546875 0.5125 0.02265625 0.140625
0 0.8375 0.6359375 0.03671875 0.19921875
0 0.86328125 0.571875 0.0296875 0.07421875
0 0.88359375 0.621875 0.028125 0.1578125
0 0.4234375 0.321875 0.0234375 0.05
0 0.8765625 0.24140625 0.184375 0.12421875
0 0.95390625 0.35 0.03203125 0.07890625
0 0.0234375 0.2078125 0.04140625 0.0328125
0 0.05078125 0.28203125 0.053125 0.0875
0 0.4484375 0.17890625 0.66640625 0.16640625
0 0.0734375 0.340625 0.0140625 0.0328125
0 0.11484375 0.3921875 0.00859375 0.0328125
0 0.4296875 0.5703125 0.0296875 0.2234375
0 0.4921875 0.4515625 0.02421875 0.0515625
0 0.66328125 0.415625 0.02109375 0.0234375