0 0.2515625 0.640625 0.24375 0.715625
0 0.35546875 0.50859375 0.0484375 0.2359375
0 0.3640625 0.55859375 0.1078125 0.49375
0 0.465625 0.4859375 0.0640625 0.31015625
0 0.52734375 0.540625 0.10546875 0.4234375
0 0.6375 0.63984375 0.09375 0.278125
0 0.7 0.46953125 0.1 0.3203125
0 0.7234375 0.7140625 0.08203125 0.21796875
0 0.73203125 0.4609375 0.0578125 0.31015625
0 0.90390625 0.41328125 0.02421875 0.0890625
0 0.9234375 0.41171875 0.02734375 0.090625
0 0.64375 0.54765625 0.04375 0.19921875
0 0.59296875 0.45078125 0.0765625 0.2109375
0 0.64375 0.42734375 0.03828125 0.12578125
0 0.5796875 0.43359375 0.021875 0.14375
0 0.4109375 0.4125 0.01953125 0.05703125
0 0.42890625 0.4296875 0.01875 0.0953125
0 0.171875 0.4640625 0.0234375 0.08515625
0 0.48671875 0.38125 0.0203125 0.03046875
0 0.4984375 0.38828125 0.01953125 0.04375
0 0.5609375 0.428125 0.03125 0.12734375
0 0.51328125 0.39140625 0.02421875 0.0421875
0 0.43828125 0.43359375 0.015625 0.090625
0 0.028125 0.43203125 0.0359375 0.040625
0 0.18671875 0.45234375 0.015625 0.0734375
0 0.81484375 0.4171875 0.0515625 0.05234375