0 0.06953125 0.5953125 0.1359375 0.809375
0 0.17109375 0.5875 0.2546875 0.82421875
0 0.37890625 0.58203125 0.209375 0.81875
0 0.67109375 0.60703125 0.4265625 0.7859375
0 0.79375 0.6046875 0.275 0.7875
0 0.90234375 0.42265625 0.0953125 0.35859375
0 0.45625 0.4 0.07890625 0.16796875
0 0.7046875 0.1671875 0.05 0.11953125
0 0.63828125 0.1734375 0.03984375 0.1640625
0 0.58671875 0.15546875 0.021875 0.11328125
0 0.559375 0.13671875 0.03203125 0.1109375
0 0.4875 0.11328125 0.0296875 0.12109375
0 0.9421875 0.63515625 0.1125 0.7296875
0 0.29375 0.4203125 0.090625 0.25390625
0 0.271875 0.09453125 0.54296875 0.16484375