0 0.109375 0.68046875 0.121875 0.5484375
0 0.17421875 0.64765625 0.096875 0.51640625
0 0.228125 0.63203125 0.103125 0.5734375
0 0.30546875 0.64765625 0.1421875 0.59609375
0 0.36484375 0.62734375 0.04296875 0.55234375
0 0.41171875 0.646875 0.12734375 0.65859375
0 0.50234375 0.6734375 0.11953125 0.58359375
0 0.49140625 0.6015625 0.09921875 0.575
0 0.5796875 0.62578125 0.1015625 0.59453125
0 0.603125 0.67265625 0.10234375 0.584375
0 0.65703125 0.65390625 0.0796875 0.5625
0 0.7296875 0.690625 0.165625 0.6109375
0 0.76953125 0.69609375 0.11953125 0.60625
0 0.77578125 0.44609375 0.096875 0.18828125
0 0.87578125 0.684375 0.1515625 0.6296875
0 0.025 0.57890625 0.04921875 0.32734375
0 0.53828125 0.38984375 0.21953125 0.109375
0 0.82421875 0.45234375 0.059375 0.1203125
0 0.27578125 0.4203125 0.021875 0.0375