0 0.246875 0.64375 0.015625 0.05390625
0 0.2390625 0.63125 0.01171875 0.03359375
0 0.23984375 0.6125 0.009375 0.015625
0 0.296875 0.6640625 0.06015625 0.2109375
0 0.34140625 0.66640625 0.034375 0.1703125
0 0.3515625 0.67265625 0.04921875 0.17890625
0 0.38515625 0.678125 0.0328125 0.20859375
0 0.4046875 0.6859375 0.0578125 0.23203125
0 0.43359375 0.6390625 0.01640625 0.1015625
0 0.45078125 0.68515625 0.040625 0.20546875
0 0.4875 0.7 0.0453125 0.24296875
0 0.50703125 0.69140625 0.0296875 0.184375
0 0.13046875 0.634375 0.0421875 0.06171875
0 0.13359375 0.6734375 0.0484375 0.12109375
0 0.1859375 0.65234375 0.0265625 0.16484375
0 0.21484375 0.6140625 0.01328125 0.03125
0 0.20625 0.67421875 0.0453125 0.1640625
0 0.075 0.66171875 0.06171875 0.20234375
0 0.2671875 0.64140625 0.025 0.0640625
0 0.29453125 0.6671875 0.03828125 0.15859375
0 0.3859375 0.60546875 0.0125 0.0203125
0 0.159375 0.6375 0.03203125 0.06640625
0 0.1953125 0.64375 0.0109375 0.07265625
0 0.10390625 0.640625 0.0265625 0.0734375
0 0.0375 0.68046875 0.075 0.1515625