0 0.90625 0.62109375 0.046875 0.11875
0 0.87578125 0.61328125 0.0234375 0.1390625
0 0.85546875 0.62421875 0.0265625 0.125
0 0.803125 0.62734375 0.0375 0.12734375
0 0.76640625 0.64296875 0.0421875 0.15
0 0.74375 0.62734375 0.034375 0.12265625
0 0.7515625 0.5796875 0.03125 0.04921875
0 0.70390625 0.646875 0.0234375 0.1390625
0 0.70859375 0.5828125 0.0203125 0.06484375
0 0.621875 0.609375 0.03125 0.11875
0 0.60625 0.59921875 0.021875 0.08984375
0 0.590625 0.6484375 0.0375 0.15234375
0 0.53046875 0.67109375 0.0453125 0.15625
0 0.50546875 0.65859375 0.0453125 0.1859375
0 0.4609375 0.653125 0.040625 0.17890625
0 0.409375 0.74140625 0.065625 0.2078125
0 0.3875 0.7296875 0.05 0.20546875
0 0.39375 0.63203125 0.046875 0.0828125
0 0.434375 0.63671875 0.03125 0.10546875
0 0.41640625 0.60703125 0.0296875 0.0734375
0 0.4234375 0.58046875 0.01875 0.03828125
0 0.3578125 0.6625 0.0375 0.17890625
0 0.3375 0.6328125 0.040625 0.0578125
0 0.33203125 0.7390625 0.0734375 0.23515625
0 0.240625 0.7359375 0.065625 0.24140625
0 0.096875 0.515625 0.025 0.0828125
0 0.05234375 0.515625 0.0296875 0.10078125
0 0.528125 0.45078125 0.028125 0.078125
0 0.4796875 0.45078125 0.028125 0.09140625
0 0.45078125 0.45 0.0296875 0.08515625
0 0.465625 0.41640625 0.021875 0.0671875
0 0.46328125 0.38828125 0.0265625 0.0421875
0 0.43046875 0.40390625 0.0171875 0.06484375
0 0.44609375 0.378125 0.0203125 0.04921875
0 0.2125 0.534375 0.01875 0.12109375
0 0.40625 0.43828125 0.034375 0.08046875
0 0.29609375 0.52109375 0.0359375 0.11640625