0 0.86171875 0.7109375 0.26875 0.39609375
0 0.540625 0.65234375 0.39609375 0.51171875
0 0.61875 0.66796875 0.25859375 0.47578125
0 0.28515625 0.48046875 0.2078125 0.4640625
0 0.46796875 0.371875 0.20859375 0.1953125
0 0.6671875 0.55390625 0.19921875 0.446875
0 0.94140625 0.6109375 0.1171875 0.22421875
0 0.75078125 0.52265625 0.15859375 0.34296875
0 0.83359375 0.44609375 0.1546875 0.19765625
0 0.96484375 0.30390625 0.0703125 0.3796875
0 0.88359375 0.3203125 0.1328125 0.5
0 0.175 0.34609375 0.14296875 0.3640625
0 0.0484375 0.16875 0.09609375 0.2953125
0 0.50625 0.13046875 0.0984375 0.26015625
0 0.13515625 0.0953125 0.0765625 0.1484375
0 0.18203125 0.24296875 0.16875 0.25625
0 0.27421875 0.1640625 0.07890625 0.13046875
0 0.3484375 0.14765625 0.07890625 0.1453125
0 0.23359375 0.12265625 0.06171875 0.13671875
0 0.29453125 0.21171875 0.11171875 0.16015625
0 0.36484375 0.31484375 0.09375 0.221875
0 0.44296875 0.2609375 0.08125 0.1625
0 0.5171875 0.32109375 0.09296875 0.196875
0 0.62734375 0.3171875 0.1546875 0.21328125
0 0.703125 0.29609375 0.0953125 0.1484375
0 0.78125 0.36171875 0.07578125 0.1890625
0 0.95546875 0.51171875 0.08828125 0.2046875
0 0.0515625 0.05703125 0.103125 0.1140625
0 0.17265625 0.08046875 0.05546875 0.09453125
0 0.3515625 0.05546875 0.21328125 0.1109375
0 0.54609375 0.24296875 0.1265625 0.1546875
0 0.65234375 0.26484375 0.04296875 0.075