0 0.040625 0.71640625 0.059375 0.28671875
0 0.221875 0.2171875 0.03828125 0.1734375
0 0.28515625 0.2828125 0.0609375 0.25078125
0 0.3359375 0.225 0.05859375 0.1203125
0 0.35546875 0.26484375 0.0453125 0.05625
0 0.3625 0.3296875 0.04609375 0.1546875
0 0.396875 0.35078125 0.0640625 0.13515625
0 0.3265625 0.4265625 0.0875 0.39609375
0 0.384375 0.51484375 0.09375 0.2125
0 0.38125 0.6109375 0.0515625 0.14765625
0 0.19453125 0.76015625 0.1546875 0.4765625
0 0.3703125 0.790625 0.0703125 0.41484375
0 0.4578125 0.73515625 0.17578125 0.5265625
0 0.553125 0.615625 0.05546875 0.1578125
0 0.6109375 0.765625 0.17578125 0.46484375
0 0.6921875 0.61796875 0.05859375 0.14921875
0 0.69140625 0.6203125 0.0625 0.15234375
0 0.76953125 0.7984375 0.13125 0.403125
0 0.8953125 0.7265625 0.20703125 0.54375
0 0.24921875 0.265625 0.02421875 0.1375
0 0.4984375 0.75546875 0.09296875 0.4890625
0 0.6359375 0.621875 0.034375 0.084375
0 0.84453125 0.62109375 0.0515625 0.23671875
0 0.04765625 0.29453125 0.075 0.053125