0 0.49453125 0.49921875 0.32890625 0.9984375
0 0.2421875 0.5515625 0.140625 0.35859375
0 0.3296875 0.671875 0.240625 0.65625
0 0.70390625 0.68984375 0.17421875 0.6203125
0 0.8375 0.571875 0.15625 0.32578125
0 0.75 0.4765625 0.09375 0.15
0 0.70390625 0.36171875 0.08515625 0.1796875
0 0.6296875 0.225 0.09765625 0.21875
0 0.85234375 0.6390625 0.29453125 0.70859375
0 0.115625 0.7515625 0.23125 0.484375
0 0.15234375 0.7328125 0.21953125 0.534375
0 0.215625 0.36875 0.43046875 0.26875
0 0.93203125 0.3703125 0.1359375 0.296875
0 0.6703125 0.40078125 0.053125 0.17421875