0 0.04609375 0.23125 0.0296875 0.06015625
0 0.11953125 0.259375 0.0359375 0.0671875
0 0.1953125 0.203125 0.02421875 0.03984375
0 0.221875 0.2609375 0.046875 0.046875
0 0.28359375 0.2734375 0.02421875 0.053125
0 0.2953125 0.2796875 0.02734375 0.0515625
0 0.31875 0.2875 0.03125 0.05859375
0 0.37421875 0.28828125 0.03125 0.06875
0 0.40234375 0.21640625 0.03828125 0.084375
0 0.428125 0.23359375 0.0296875 0.05546875
0 0.59453125 0.1625 0.03984375 0.1125
0 0.7078125 0.16484375 0.02421875 0.053125
0 0.74609375 0.1375 0.02265625 0.05546875
0 0.728125 0.196875 0.0359375 0.065625
0 0.7671875 0.16953125 0.02890625 0.0703125
0 0.871875 0.18828125 0.0328125 0.0828125
0 0.2984375 0.65234375 0.596875 0.6953125
0 0.540625 0.6140625 0.8296875 0.77109375
0 0.8875 0.6546875 0.22109375 0.68984375
0 0.1046875 0.34140625 0.07578125 0.096875
0 0.3703125 0.46328125 0.16875 0.24453125
0 0.5 0.109375 1 0.21875
0 0.73125 0.45078125 0.12265625 0.084375
0 0.89609375 0.77265625 0.153125 0.39453125
0 0.040625 0.5546875 0.08125 0.6296875
0 0.13671875 0.30390625 0.11015625 0.0484375
0 0.315625 0.37734375 0.0796875 0.096875