0 0.93359375 0.528125 0.10625 0.696875
0 0.81484375 0.43125 0.15390625 0.509375
0 0.68046875 0.46484375 0.12890625 0.75
0 0.5640625 0.37109375 0.17109375 0.50078125
0 0.47734375 0.36796875 0.1140625 0.53046875
0 0.3625 0.50234375 0.1609375 0.69453125
0 0.2921875 0.20234375 0.1 0.23046875
0 0.22890625 0.35625 0.15546875 0.45078125
0 0.096875 0.5546875 0.16875 0.8453125
0 0.24375 0.66953125 0.2484375 0.61796875
0 0.5328125 0.69921875 0.2359375 0.60078125
0 0.80859375 0.703125 0.2234375 0.59296875
0 0.20390625 0.0703125 0.26640625 0.09375