0 0.1578125 0.6875 0.11953125 0.409375
0 0.259375 0.68125 0.1125 0.409375
0 0.33671875 0.69140625 0.1015625 0.44609375
0 0.43671875 0.67265625 0.13828125 0.4828125
0 0.52890625 0.66875 0.1375 0.47421875
0 0.63671875 0.6625 0.1671875 0.509375
0 0.753125 0.69609375 0.1234375 0.46796875
0 0.85078125 0.7078125 0.1375 0.4890625
0 0.78359375 0.4265625 0.121875 0.31875
0 0.69453125 0.41953125 0.090625 0.27421875
0 0.5859375 0.37890625 0.05703125 0.15703125
0 0.58125 0.34140625 0.06796875 0.13046875
0 0.5421875 0.459375 0.0953125 0.28125
0 0.5046875 0.3578125 0.046875 0.103125
0 0.4609375 0.415625 0.08125 0.17421875
0 0.3671875 0.4140625 0.125 0.2953125
0 0.29921875 0.4421875 0.08984375 0.27109375
0 0.22578125 0.44140625 0.10234375 0.3171875
0 0.1203125 0.58671875 0.11328125 0.53203125