0 0.29453125 0.8171875 0.35390625 0.36171875
0 0.45703125 0.7796875 0.2484375 0.43671875
0 0.64921875 0.8109375 0.2890625 0.378125
0 0.84609375 0.8078125 0.1546875 0.384375
0 0.91796875 0.7734375 0.1640625 0.453125
0 0.79765625 0.70546875 0.0828125 0.16796875
0 0.2625 0.5078125 0.1046875 0.2953125
0 0.30390625 0.4046875 0.06015625 0.21328125
0 0.3640625 0.42421875 0.0625 0.175
0 0.35625 0.5734375 0.0953125 0.23359375
0 0.4015625 0.45546875 0.0640625 0.21484375
0 0.48515625 0.4921875 0.1125 0.13515625
0 0.56484375 0.575 0.1078125 0.2296875
0 0.6359375 0.49453125 0.1234375 0.3046875
0 0.48984375 0.37421875 0.1296875 0.2046875
0 0.5984375 0.375 0.06015625 0.203125
0 0.64375 0.33046875 0.0546875 0.0984375
0 0.6796875 0.4046875 0.04765625 0.203125
0 0.7125 0.390625 0.0703125 0.225
0 0.75234375 0.39140625 0.0375 0.21328125
0 0.8 0.4015625 0.1203125 0.26328125
0 0.13828125 0.80859375 0.2765625 0.3828125
0 0.484375 0.6625 0.25625 0.2484375
0 0.721875 0.72890625 0.06875 0.125
0 0.39296875 0.33828125 0.09609375 0.14296875
0 0.5328125 0.40390625 0.0734375 0.23828125