0 0.034375 0.6359375 0.0609375 0.32109375
0 0.04609375 0.603125 0.0875 0.36484375
0 0.1140625 0.62109375 0.06328125 0.315625
0 0.11484375 0.4734375 0.075 0.1203125
0 0.1578125 0.63671875 0.0703125 0.29921875
0 0.17421875 0.48515625 0.05546875 0.10234375
0 0.16875 0.48203125 0.02265625 0.03359375
0 0.2125 0.62890625 0.06171875 0.30234375
0 0.23359375 0.50625 0.03046875 0.065625
0 0.2109375 0.46875 0.05078125 0.11875
0 0.25625 0.6234375 0.05625 0.29609375
0 0.2625 0.4546875 0.059375 0.08515625
0 0.28203125 0.47265625 0.0234375 0.03046875
0 0.3125 0.48203125 0.06640625 0.11015625
0 0.33671875 0.509375 0.04609375 0.071875
0 0.3 0.628125 0.078125 0.2890625
0 0.32734375 0.6578125 0.10078125 0.2359375
0 0.37578125 0.61640625 0.046875 0.3125
0 0.3546875 0.51953125 0.03828125 0.121875
0 0.39765625 0.62578125 0.0265625 0.27578125
0 0.3953125 0.46875 0.0203125 0.0453125
0 0.41875 0.63671875 0.05546875 0.27578125
0 0.4484375 0.61953125 0.0390625 0.2796875
0 0.421875 0.52265625 0.0296875 0.08671875
0 0.4234375 0.47890625 0.05078125 0.0953125
0 0.4765625 0.625 0.06875 0.29140625
0 0.5328125 0.5890625 0.0953125 0.36796875
0 0.56328125 0.6171875 0.05546875 0.27578125
0 0.5421875 0.459375 0.065625 0.0890625
0 0.575 0.60625 0.03203125 0.2796875
0 0.603125 0.62578125 0.05625 0.26953125
0 0.62734375 0.6140625 0.03203125 0.2640625
0 0.628125 0.4546875 0.040625 0.0765625
0 0.659375 0.61953125 0.05078125 0.27421875
0 0.6703125 0.51015625 0.03515625 0.090625
0 0.6984375 0.625 0.04375 0.2625
0 0.55625 0.4375 0.0875 0.07734375
0 0.59609375 0.48046875 0.01875 0.03671875
0 0.621875 0.4984375 0.053125 0.0703125
0 0.71875 0.60859375 0.0375 0.27578125
0 0.68671875 0.50859375 0.034375 0.08203125
0 0.73203125 0.4921875 0.02421875 0.06328125
0 0.7359375 0.61171875 0.028125 0.2671875
0 0.759375 0.61875 0.05859375 0.28125
0 0.8109375 0.61640625 0.05859375 0.29140625
0 0.7875 0.61796875 0.03828125 0.26796875
0 0.76875 0.49140625 0.03125 0.0703125
0 0.803125 0.5890625 0.0296875 0.29140625
0 0.83046875 0.5765625 0.02265625 0.2203125
0 0.865625 0.62890625 0.06875 0.284375
0 0.8671875 0.47265625 0.046875 0.11328125
0 0.90546875 0.61796875 0.0515625 0.2859375
0 0.890625 0.6015625 0.0234375 0.27109375
0 0.91015625 0.58828125 0.0484375 0.328125
0 0.95234375 0.5984375 0.04765625 0.34609375
0 0.93125 0.61015625 0.025 0.284375
0 0.97734375 0.60859375 0.04296875 0.3046875
0 0.840625 0.62109375 0.03203125 0.26796875
0 0.3765625 0.49140625 0.0328125 0.05
0 0.4359375 0.484375 0.021875 0.03359375
0 0.4765625 0.4625 0.040625 0.06328125
0 0.4859375 0.621875 0.0515625 0.27265625
0 0.4515625 0.4796875 0.021875 0.06171875
0 0.465625 0.4796875 0.02265625 0.0671875
0 0.00546875 0.61328125 0.0109375 0.17734375
0 0.503125 0.44375 0.021875 0.0921875
0 0.3390625 0.27890625 0.15703125 0.25234375