0 0.06171875 0.5296875 0.1078125 0.4421875
0 0.12734375 0.54765625 0.06796875 0.4109375
0 0.16328125 0.56484375 0.07734375 0.39140625
0 0.203125 0.56875 0.10625 0.41328125
0 0.25859375 0.5796875 0.06640625 0.3859375
0 0.3109375 0.57578125 0.08359375 0.3984375
0 0.35859375 0.58671875 0.059375 0.35703125
0 0.38828125 0.60546875 0.0890625 0.359375
0 0.43203125 0.59375 0.0515625 0.35234375
0 0.4515625 0.6171875 0.07734375 0.3546875
0 0.49296875 0.60625 0.053125 0.35703125
0 0.5296875 0.61015625 0.07890625 0.36953125
0 0.565625 0.61640625 0.046875 0.346875
0 0.60390625 0.621875 0.07265625 0.34453125
0 0.63828125 0.63203125 0.07265625 0.359375
0 0.6890625 0.6359375 0.0515625 0.35234375
0 0.7203125 0.64765625 0.05625 0.32265625
0 0.77734375 0.64921875 0.07109375 0.34453125
0 0.8359375 0.66171875 0.07265625 0.3546875
0 0.884375 0.6734375 0.06328125 0.34453125
0 0.94296875 0.68203125 0.07890625 0.35234375
0 0.9046875 0.5390625 0.0421875 0.07578125
0 0.76015625 0.63828125 0.053125 0.31328125
0 0.23203125 0.421875 0.03515625 0.065625
0 0.40546875 0.45390625 0.03046875 0.0859375
0 0.61796875 0.4875 0.02265625 0.04140625
0 0.65546875 0.48671875 0.02109375 0.04921875
0 0.79609375 0.534375 0.03359375 0.1
0 0.58125 0.59921875 0.03046875 0.35703125
0 0.51015625 0.44609375 0.03046875 0.08046875
0 0.46328125 0.45390625 0.03515625 0.0953125
0 0.3578125 0.415625 0.03203125 0.0734375
0 0.178125 0.39765625 0.02734375 0.07109375
0 0.84140625 0.65390625 0.059375 0.3203125
0 0.6859375 0.49609375 0.04375 0.06875
0 0.6171875 0.4875 0.02109375 0.03671875
0 0.56328125 0.4609375 0.02578125 0.03671875
0 0.32421875 0.42265625 0.03203125 0.04375
0 0.33046875 0.68828125 0.03515625 0.14453125