0 0.175 0.57265625 0.1328125 0.596875
0 0.24921875 0.5875 0.11328125 0.5734375
0 0.3328125 0.58203125 0.10078125 0.5453125
0 0.3984375 0.6078125 0.1234375 0.5734375
0 0.4546875 0.56015625 0.09375 0.5921875
0 0.50703125 0.58046875 0.109375 0.5890625
0 0.58359375 0.6109375 0.13359375 0.58515625
0 0.615625 0.57109375 0.078125 0.58515625
0 0.68984375 0.6 0.121875 0.5890625
0 0.70625 0.5484375 0.1109375 0.58046875
0 0.8140625 0.5953125 0.1234375 0.61875
0 0.87890625 0.55390625 0.1265625 0.621875
0 0.984375 0.40546875 0.0296875 0.071875