0 0.02578125 0.73125 0.0484375 0.18828125
0 0.078125 0.73828125 0.053125 0.1609375
0 0.12578125 0.7359375 0.0390625 0.15625
0 0.2109375 0.74296875 0.03125 0.15625
0 0.22734375 0.7453125 0.0390625 0.1703125
0 0.30078125 0.7984375 0.0734375 0.259375
0 0.2578125 0.70234375 0.025 0.08515625
0 0.2828125 0.70234375 0.021875 0.07578125
0 0.32890625 0.71328125 0.0265625 0.09375
0 0.36875 0.71328125 0.025 0.103125
0 0.38984375 0.71484375 0.0265625 0.09609375
0 0.41328125 0.71328125 0.0234375 0.0984375
0 0.5046875 0.73125 0.03125 0.14765625
0 0.525 0.73515625 0.025 0.13671875
0 0.56015625 0.7375 0.0484375 0.12265625
0 0.5953125 0.73125 0.040625 0.125
0 0.621875 0.7296875 0.028125 0.10703125
0 0.69609375 0.728125 0.0359375 0.13203125
0 0.76796875 0.7171875 0.0265625 0.09609375
0 0.79140625 0.71328125 0.0265625 0.0984375
0 0.67734375 0.70234375 0.0265625 0.0984375
0 0.48125 0.7046875 0.015625 0.08515625
0 0.83046875 0.6921875 0.0359375 0.06484375
0 0.371875 0.67890625 0.19375 0.06484375
0 0.61953125 0.68984375 0.1140625 0.0734375
0 0.5203125 0.68671875 0.078125 0.05390625
0 0.80859375 0.39453125 0.1046875 0.109375
0 0.24296875 0.69453125 0.0171875 0.0828125
0 0.303125 0.90859375 0.06875 0.040625
0 0.3734375 0.75703125 0.103125 0.015625
0 0.23046875 0.8234375 0.0390625 0.02265625
0 0.584375 0.78203125 0.1 0.02890625
0 0.68984375 0.7875 0.0390625 0.01796875
0 0.6890625 0.6640625 0.009375 0.01328125