0 0.32109375 0.9703125 0.01796875 0.0375
0 0.3796875 0.96328125 0.04765625 0.07265625
0 0.4125 0.95 0.03984375 0.0984375
0 0.4421875 0.93671875 0.07890625 0.12421875
0 0.4953125 0.90859375 0.06875 0.15078125
0 0.51328125 0.86875 0.05546875 0.1171875
0 0.55859375 0.83125 0.05390625 0.1203125
0 0.57109375 0.81796875 0.065625 0.10546875
0 0.60703125 0.79296875 0.0796875 0.159375
0 0.675 0.771875 0.07734375 0.16328125
0 0.68046875 0.74296875 0.04609375 0.14375
0 0.78046875 0.78203125 0.19921875 0.34296875
0 0.86875 0.74765625 0.26171875 0.503125
0 0.89296875 0.5859375 0.09453125 0.26015625
0 0.95703125 0.628125 0.08125 0.15625
0 0.953125 0.52421875 0.09375 0.19140625
0 0.96796875 0.440625 0.0640625 0.13359375
0 0.84140625 0.58046875 0.0546875 0.1203125
0 0.30390625 0.9828125 0.0234375 0.03359375
0 0.39140625 0.92734375 0.025 0.059375
0 0.43828125 0.8859375 0.01796875 0.04296875
0 0.98359375 0.39609375 0.0328125 0.06953125
0 0.8078125 0.56015625 0.02421875 0.03515625
0 0.75078125 0.6171875 0.03203125 0.10625
0 0.64921875 0.6859375 0.08828125 0.084375
0 0.721875 0.6390625 0.01796875 0.04453125
0 0.51796875 0.80390625 0.03515625 0.04453125
0 0.25078125 0.98671875 0.08671875 0.0265625
0 0.57421875 0.28359375 0.08515625 0.18359375
0 0.47421875 0.56796875 0.0296875 0.03515625
0 0.3078125 0.96875 0.01171875 0.0296875
0 0.3265625 0.95 0.02578125 0.02578125
0 0.3484375 0.93828125 0.02109375 0.02421875
0 0.36796875 0.915625 0.03125 0.02265625
0 0.3765625 0.9375 0.0203125 0.02421875
0 0.39375 0.903125 0.00703125 0.01015625
0 0.40703125 0.89609375 0.009375 0.03359375
0 0.4359375 0.87421875 0.0296875 0.03984375
0 0.45625 0.85234375 0.0125 0.015625
0 0.47578125 0.8375 0.0046875 0.00390625
0 0.54140625 0.77578125 0.0046875 0.01328125
0 0.55390625 0.76875 0.00859375 0.0078125
0 0.59765625 0.72890625 0.015625 0.02421875