0 0.18671875 0.35859375 0.27109375 0.3875
0 0.1265625 0.67734375 0.25234375 0.6375
0 0.34921875 0.66640625 0.2609375 0.6671875
0 0.46796875 0.50390625 0.14375 0.40078125
0 0.63359375 0.6765625 0.23125 0.64296875
0 0.828125 0.61796875 0.2015625 0.7640625
0 0.3328125 0.2640625 0.0984375 0.1671875
0 0.509375 0.2953125 0.10546875 0.18828125
0 0.6203125 0.30546875 0.0984375 0.1921875
0 0.8484375 0.3125 0.0671875 0.18828125
0 0.8953125 0.3390625 0.1109375 0.22421875
0 0.0390625 0.55390625 0.078125 0.50078125
0 0.12734375 0.33515625 0.13125 0.16328125
0 0.08203125 0.2640625 0.0796875 0.15546875
0 0.028125 0.2609375 0.05625 0.1109375
0 0.3984375 0.29296875 0.0796875 0.1171875
0 0.384375 0.259375 0.06015625 0.0921875
0 0.61171875 0.29921875 0.08203125 0.18046875
0 0.67734375 0.35703125 0.05234375 0.20703125
0 0.721875 0.35625 0.05078125 0.2703125
0 0.67421875 0.2515625 0.05078125 0.06171875
0 0.64609375 0.23828125 0.0421875 0.06171875
0 0.81328125 0.4453125 0.16875 0.4109375
0 0.80234375 0.2390625 0.0671875 0.08984375
0 0.95234375 0.28125 0.06171875 0.075
0 0.4703125 0.23515625 0.034375 0.075
0 0.72109375 0.21953125 0.2421875 0.07109375
0 0.63203125 0.8890625 0.08203125 0.21875
0 0.171875 0.23671875 0.0671875 0.175
0 0.384375 0.20703125 0.034375 0.02265625
0 0.4953125 0.21875 0.0203125 0.05390625
0 0.55546875 0.228125 0.06015625 0.084375
0 0.971875 0.5703125 0.05234375 0.3765625
0 0.959375 0.25703125 0.078125 0.1078125
0 0.5078125 0.8265625 0.07109375 0.328125