0 0.91484375 0.52265625 0.103125 0.3046875
0 0.92109375 0.5109375 0.08125 0.30703125
0 0.82734375 0.53046875 0.11796875 0.38203125
0 0.778125 0.515625 0.09453125 0.39765625
0 0.81328125 0.39140625 0.0234375 0.078125
0 0.74453125 0.51171875 0.0671875 0.28515625
0 0.67109375 0.48984375 0.08671875 0.265625
0 0.64375 0.52109375 0.0328125 0.19375
0 0.49453125 0.5203125 0.12421875 0.54140625
0 0.53671875 0.35390625 0.03828125 0.065625
0 0.57890625 0.5015625 0.0609375 0.38671875
0 0.6234375 0.484375 0.078125 0.39453125
0 0.4296875 0.48359375 0.0609375 0.3640625
0 0.31015625 0.47890625 0.065625 0.27265625
0 0.3234375 0.46484375 0.040625 0.290625
0 0.371875 0.48203125 0.0703125 0.2953125
0 0.4578125 0.3953125 0.0234375 0.09921875
0 0.475 0.3453125 0.0234375 0.06328125
0 0.37109375 0.35625 0.0234375 0.05078125
0 0.22890625 0.4578125 0.090625 0.32109375
0 0.22265625 0.45 0.0484375 0.31328125
0 0.19375 0.43359375 0.0484375 0.35234375
0 0.1609375 0.4328125 0.078125 0.35078125
0 0.12734375 0.446875 0.09453125 0.378125
0 0.08828125 0.4390625 0.0578125 0.31953125
0 0.10625 0.38984375 0.0234375 0.13671875
0 0.03125 0.4484375 0.0625 0.3390625
0 0.00703125 0.44609375 0.0140625 0.3109375
0 0.02734375 0.4421875 0.05078125 0.27734375
0 0.1265625 0.315625 0.0234375 0.05078125
0 0.1109375 0.325 0.02265625 0.1109375
0 0.5578125 0.3578125 0.015625 0.040625
0 0.378125 0.3515625 0.0140625 0.03125
0 0.13984375 0.621875 0.26953125 0.05859375
0 0.5609375 0.8328125 0.15 0.04375
0 0.6640625 0.6890625 0.0953125 0.040625
0 0.86953125 0.7109375 0.10234375 0.0421875