0 0.2765625 0.8265625 0.1984375 0.34609375
0 0.60234375 0.725 0.28203125 0.54453125
0 0.8671875 0.65 0.1046875 0.30234375
0 0.74453125 0.6921875 0.17578125 0.440625
0 0.50390625 0.709375 0.12421875 0.246875
0 0.33515625 0.6703125 0.196875 0.31484375
0 0.11796875 0.64765625 0.21640625 0.365625
0 0.06796875 0.64921875 0.11640625 0.35859375
0 0.23671875 0.584375 0.13203125 0.28828125
0 0.4609375 0.575 0.17109375 0.29296875
0 0.63828125 0.72421875 0.146875 0.5421875
0 0.79375 0.5578125 0.09375 0.24921875
0 0.9265625 0.5203125 0.07578125 0.140625
0 0.034375 0.41875 0.06640625 0.07265625
0 0.1140625 0.43984375 0.07890625 0.128125
0 0.20859375 0.48671875 0.1109375 0.2328125
0 0.359375 0.49765625 0.18046875 0.29296875
0 0.54609375 0.478125 0.0890625 0.2203125
0 0.65703125 0.4796875 0.08515625 0.1984375
0 0.8109375 0.49609375 0.090625 0.2328125
0 0.96640625 0.45625 0.06484375 0.1234375
0 0.921875 0.42734375 0.1015625 0.1765625
0 0.83046875 0.43671875 0.096875 0.171875
0 0.7328125 0.41171875 0.06640625 0.15
0 0.69609375 0.45859375 0.06953125 0.215625
0 0.6359375 0.4125 0.05625 0.09921875
0 0.590625 0.40703125 0.0578125 0.12109375
0 0.43984375 0.4640625 0.06953125 0.19140625
0 0.3890625 0.37421875 0.0484375 0.10390625
0 0.30234375 0.3875 0.0953125 0.1984375
0 0.20078125 0.4203125 0.0984375 0.19140625
0 0.115625 0.403125 0.1015625 0.1234375
0 0.01796875 0.3546875 0.03515625 0.14296875
0 0.046875 0.34609375 0.0453125 0.12578125
0 0.14609375 0.3671875 0.0921875 0.1671875
0 0.24765625 0.35234375 0.05 0.10390625
0 0.440625 0.39921875 0.1 0.17890625
0 0.5453125 0.34765625 0.06796875 0.09453125
0 0.58515625 0.334375 0.03515625 0.053125
0 0.66640625 0.34296875 0.0546875 0.0796875
0 0.721875 0.321875 0.053125 0.07265625
0 0.8515625 0.4203125 0.07421875 0.1765625
0 0.89296875 0.365625 0.04375 0.11171875
0 0.95859375 0.3546875 0.053125 0.08984375
0 0.82265625 0.30546875 0.0484375 0.07265625
0 0.76328125 0.30390625 0.0578125 0.11875
0 0.7015625 0.3078125 0.0421875 0.096875
0 0.60859375 0.3296875 0.059375 0.1015625
0 0.571875 0.28203125 0.04375 0.0703125
0 0.48671875 0.32109375 0.0421875 0.128125
0 0.41796875 0.32421875 0.0515625 0.15
0 0.46328125 0.3703125 0.08046875 0.12578125
0 0.3296875 0.2859375 0.046875 0.0390625
0 0.27109375 0.328125 0.06484375 0.1234375
0 0.19921875 0.315625 0.0890625 0.13828125
0 0.13515625 0.3375 0.096875 0.1625
0 0.04609375 0.33515625 0.040625 0.09921875
0 0.02265625 0.23125 0.0453125 0.10859375
0 0.16328125 0.26484375 0.07421875 0.11875
0 0.184375 0.259375 0.040625 0.12578125
0 0.1078125 0.2265625 0.0546875 0.10859375
0 0.07109375 0.2265625 0.0390625 0.06015625
0 0.34453125 0.26640625 0.1078125 0.15
0 0.43203125 0.2328125 0.03515625 0.0578125
0 0.5109375 0.2640625 0.03515625 0.06328125
0 0.95234375 0.30234375 0.0953125 0.16484375
0 0.87734375 0.28203125 0.07421875 0.1328125
0 0.82578125 0.259375 0.0609375 0.11171875
0 0.65703125 0.22421875 0.06953125 0.1234375
0 0.69140625 0.24296875 0.059375 0.1140625
0 0.7296875 0.221875 0.03359375 0.05078125
0 0.75625 0.2421875 0.06796875 0.0921875
0 0.603125 0.2625 0.0421875 0.05546875
0 0.29453125 0.25546875 0.053125 0.09453125
0 0.5515625 0.253125 0.07734375 0.1140625
0 0.54296875 0.17890625 0.03671875 0.0578125
0 0.6234375 0.1171875 0.05 0.09453125
0 0.73359375 0.12109375 0.0578125 0.0875
0 0.52109375 0.0796875 0.0734375 0.159375
0 0.478125 0.0796875 0.071875 0.159375
0 0.43984375 0.0765625 0.059375 0.15234375
0 0.3921875 0.0796875 0.065625 0.159375
0 0.34609375 0.08125 0.06953125 0.1625
0 0.30546875 0.07265625 0.059375 0.1453125
0 0.2671875 0.08203125 0.071875 0.1640625
0 0.228125 0.08203125 0.06875 0.1640625
0 0.17890625 0.0796875 0.0640625 0.159375
0 0.1390625 0.08359375 0.0546875 0.1671875
0 0.08828125 0.05078125 0.053125 0.1015625
0 0.08046875 0.1015625 0.0390625 0.07734375
0 0.39375 0.2375 0.07734375 0.1015625
0 0.96328125 0.3015625 0.0734375 0.16875
0 0.62578125 0.3078125 0.0390625 0.07265625
0 0.9078125 0.1671875 0.18046875 0.0875
0 0.409375 0.18671875 0.81875 0.1234375
0 0.51015625 0.98984375 0.1015625 0.0203125
0 0.00703125 0.41484375 0.0140625 0.1140625
0 0.98515625 0.2625 0.02890625 0.1140625
0 0.934375 0.24296875 0.02109375 0.0703125
0 0.02578125 0.06328125 0.0515625 0.12578125