0 0.8484375 0.653125 0.303125 0.40703125
0 0.17578125 0.7171875 0.3515625 0.565625
0 0.25 0.5640625 0.19921875 0.29453125
0 0.77890625 0.51796875 0.1203125 0.2046875
0 0.6953125 0.4859375 0.11171875 0.1765625
0 0.346875 0.5078125 0.38671875 0.26875
0 0.40625 0.49453125 0.17890625 0.2484375
0 0.596875 0.4515625 0.19296875 0.1453125
0 0.2234375 0.384375 0.21640625 0.17265625
0 0.08671875 0.39296875 0.17265625 0.1484375
0 0.1421875 0.35078125 0.11484375 0.09765625
0 0.41953125 0.39296875 0.1578125 0.10546875
0 0.4515625 0.3703125 0.1515625 0.11796875
0 0.6640625 0.38671875 0.12734375 0.09921875
0 0.825 0.3796875 0.078125 0.1359375
0 0.81953125 0.32578125 0.0578125 0.109375
0 0.74296875 0.33359375 0.04375 0.1203125
0 0.67109375 0.3078125 0.0484375 0.0625
0 0.60546875 0.3171875 0.04765625 0.05390625
0 0.5421875 0.30859375 0.05234375 0.08515625
0 0.44765625 0.315625 0.0984375 0.0859375
0 0.47578125 0.31015625 0.05390625 0.0859375
0 0.54765625 0.2734375 0.0234375 0.04140625
0 0.20234375 0.28984375 0.0515625 0.078125
0 0.67109375 0.37734375 0.19296875 0.11015625
0 0.2015625 0.2390625 0.0734375 0.090625