0 0.8359375 0.4875 0.134375 0.671875
0 0.87734375 0.58203125 0.196875 0.83359375
0 0.721875 0.42734375 0.140625 0.6234375
0 0.6734375 0.29921875 0.10859375 0.5734375
0 0.715625 0.57265625 0.17578125 0.8515625
0 0.546875 0.5 0.16484375 0.996875
0 0.3984375 0.5125 0.15390625 0.975
0 0.296875 0.190625 0.13515625 0.25859375
0 0.275 0.30546875 0.15234375 0.43359375
0 0.14140625 0.5125 0.1328125 0.975
0 0.20625 0.540625 0.09765625 0.8984375
0 0.12109375 0.58203125 0.1734375 0.83359375
0 0.028125 0.396875 0.05625 0.63125
0 0.01328125 0.61875 0.0265625 0.7625
0 0.28203125 0.30625 0.146875 0.440625
0 0.5125 0.209375 0.25703125 0.21796875
0 0.075 0.175 0.15 0.184375