0 0.884375 0.69140625 0.19296875 0.61484375
0 0.6078125 0.6671875 0.215625 0.6625
0 0.7046875 0.55 0.2484375 0.853125
0 0.57109375 0.3625 0.1234375 0.3734375
0 0.38203125 0.4765625 0.109375 0.63046875
0 0.3765625 0.47734375 0.09765625 0.62109375
0 0.27734375 0.51328125 0.140625 0.59921875
0 0.31171875 0.66875 0.02578125 0.16015625
0 0.36328125 0.7109375 0.03203125 0.06015625
0 0.31171875 0.81015625 0.2109375 0.046875
0 0.70859375 0.82109375 0.57734375 0.1859375
0 0.84921875 0.9671875 0.29140625 0.06484375