0 0.071875 0.94453125 0.053125 0.109375
0 0.1421875 0.940625 0.06171875 0.11640625
0 0.23046875 0.95546875 0.0453125 0.0890625
0 0.378125 0.9609375 0.0359375 0.07734375
0 0.30546875 0.9234375 0.0515625 0.15
0 0.46328125 0.90703125 0.05 0.1828125
0 0.50703125 0.9390625 0.0328125 0.121875
0 0.528125 0.95 0.04140625 0.1
0 0.5578125 0.91171875 0.0390625 0.175
0 0.60078125 0.9140625 0.046875 0.1703125
0 0.6421875 0.92265625 0.05390625 0.15234375
0 0.653125 0.871875 0.03515625 0.11953125
0 0.69296875 0.8796875 0.040625 0.18203125
0 0.71171875 0.80703125 0.0359375 0.14453125
0 0.4109375 0.85703125 0.02265625 0.17109375
0 0.43125 0.87890625 0.040625 0.2015625
0 0.2515625 0.87109375 0.04140625 0.178125
0 0.2109375 0.93203125 0.04140625 0.1359375
0 0.2046875 0.9109375 0.0375 0.178125
0 0.09765625 0.8546875 0.046875 0.0609375
0 0.09296875 0.853125 0.0359375 0.05625
0 0.03125 0.83515625 0.04375 0.146875
0 0.075 0.80078125 0.03203125 0.13828125
0 0.121875 0.7875 0.03515625 0.12578125
0 0.1390625 0.78046875 0.02734375 0.11484375
0 0.15625 0.82109375 0.03359375 0.15390625
0 0.20625 0.82421875 0.03984375 0.11953125
0 0.2984375 0.85859375 0.03515625 0.06953125
0 0.28984375 0.8484375 0.034375 0.13125
0 0.3171875 0.82265625 0.02578125 0.11875
0 0.371875 0.7921875 0.0328125 0.12578125
0 0.39375 0.77578125 0.02265625 0.0953125
0 0.496875 0.85546875 0.03203125 0.10703125
0 0.4171875 0.76015625 0.0234375 0.053125
0 0.609375 0.77265625 0.02421875 0.1171875
0 0.5765625 0.78515625 0.02578125 0.0796875
0 0.53046875 0.8078125 0.034375 0.14296875
0 0.6375 0.80234375 0.028125 0.13515625
0 0.915625 0.9421875 0.05859375 0.1125
0 0.96640625 0.93515625 0.065625 0.1265625
0 0.74375 0.84375 0.03203125 0.1453125
0 0.7875 0.84765625 0.06015625 0.11953125
0 0.8671875 0.90390625 0.05234375 0.1734375
0 0.884375 0.853125 0.04765625 0.16796875
0 0.94453125 0.859375 0.0453125 0.11484375
0 0.47109375 0.76171875 0.01875 0.11171875
0 0.3375 0.75625 0.0234375 0.10546875
0 0.01875 0.70390625 0.02265625 0.053125
0 0.85625 0.75 0.03359375 0.10546875
0 0.90625 0.7078125 0.02265625 0.08125
0 0.78515625 0.778125 0.028125 0.0796875
0 0.7890625 0.7421875 0.02109375 0.05625
0 0.753125 0.74921875 0.02421875 0.075
0 0.95703125 0.7484375 0.0328125 0.109375
0 0.0546875 0.79453125 0.02109375 0.1078125
0 0.0875 0.98203125 0.03671875 0.034375
0 0.18828125 0.7796875 0.01875 0.1125
0 0.7359375 0.7921875 0.02890625 0.13125
0 0.8234375 0.72265625 0.03515625 0.09296875
0 0.8484375 0.6859375 0.028125 0.0375
0 0.8765625 0.71015625 0.02265625 0.0796875
0 0.8015625 0.7015625 0.0203125 0.08125
0 0.8109375 0.69375 0.0171875 0.07734375
0 0.69375 0.77734375 0.02109375 0.103125
0 0.8484375 0.65703125 0.0140625 0.02265625
0 0.7609375 0.73828125 0.01328125 0.08359375
0 0.590625 0.83515625 0.04375 0.15859375
0 0.2578125 0.7625 0.02265625 0.0671875
0 0.1828125 0.7703125 0.0296875 0.09375
0 0.70703125 0.7078125 0.0171875 0.0671875
0 0.68046875 0.72109375 0.0265625 0.075
0 0.634375 0.73984375 0.01875 0.06796875
0 0.98828125 0.721875 0.0234375 0.06953125
0 0.9859375 0.809375 0.02578125 0.165625
0 0.72109375 0.71484375 0.01875 0.04921875
0 0.76484375 0.6515625 0.0109375 0.05390625
0 0.7359375 0.76484375 0.02265625 0.11171875
0 0.2828125 0.7640625 0.0234375 0.10703125
0 0.31484375 0.76796875 0.025 0.065625
0 0.35625 0.75390625 0.02265625 0.09140625
0 0.22578125 0.75546875 0.0234375 0.090625
0 0.09296875 0.759375 0.0265625 0.09609375
0 0.1015625 0.75234375 0.01484375 0.1046875
0 0.0375 0.725 0.0296875 0.071875
0 0.3203125 0.98125 0.046875 0.0375
0 0.784375 0.940625 0.07109375 0.11640625
0 0.97890625 0.87890625 0.0390625 0.1265625
0 0.5 0.67265625 1 0.32265625