0 0.928125 0.628125 0.13984375 0.49453125
0 0.8015625 0.534375 0.1375 0.365625
0 0.68828125 0.57421875 0.1 0.428125
0 0.5984375 0.53984375 0.1203125 0.384375
0 0.50390625 0.59375 0.10703125 0.4625
0 0.403125 0.49609375 0.12890625 0.365625
0 0.33828125 0.68125 0.1296875 0.61796875
0 0.225 0.58359375 0.16484375 0.42578125
0 0.08828125 0.69140625 0.1765625 0.6140625
0 0.209375 0.8078125 0.221875 0.38203125
0 0.42265625 0.7828125 0.2203125 0.434375
0 0.6234375 0.6765625 0.13828125 0.28359375
0 0.815625 0.70625 0.17421875 0.28125
0 0.72265625 0.9234375 0.2453125 0.15078125