0 0.76484375 0.53125 0.409375 0.934375
0 0.66328125 0.64140625 0.32734375 0.70625
0 0.35 0.503125 0.16875 0.98984375
0 0.20625 0.5015625 0.190625 0.99296875
0 0.4203125 0.24375 0.16484375 0.4875
0 0.27421875 0.26015625 0.1109375 0.51015625
0 0.20859375 0.26484375 0.175 0.515625
0 0.1046875 0.2859375 0.1 0.55
0 0.0578125 0.32890625 0.1140625 0.55703125
0 0.9171875 0.4921875 0.0953125 0.19609375
0 0.97109375 0.4734375 0.05 0.16875
0 0.87578125 0.3375 0.071875 0.16171875
0 0.92890625 0.30625 0.06875 0.21328125
0 0.078125 0.2328125 0.146875 0.371875
0 0.58828125 0.18046875 0.159375 0.315625
0 0.89375 0.1375 0.1875 0.22890625
0 0.88515625 0.846875 0.20625 0.1734375