0 0.0125 0.696875 0.025 0.23515625
0 0.021875 0.6375 0.021875 0.071875
0 0.0390625 0.63515625 0.01875 0.05390625
0 0.05625 0.65859375 0.025 0.06015625
0 0.175 0.76875 0.090625 0.33359375
0 0.26875 0.7546875 0.1 0.3421875
0 0.32421875 0.69609375 0.0484375 0.21484375
0 0.390625 0.6890625 0.05625 0.21015625
0 0.3796875 0.6703125 0.034375 0.15859375
0 0.421875 0.68671875 0.034375 0.18828125
0 0.46640625 0.68359375 0.0609375 0.18984375
0 0.51953125 0.72265625 0.0671875 0.25078125
0 0.58046875 0.68984375 0.0578125 0.28828125
0 0.5515625 0.68671875 0.028125 0.18828125
0 0.6484375 0.7328125 0.153125 0.45
0 0.73984375 0.7875 0.0890625 0.33984375
0 0.728125 0.634375 0.05 0.140625
0 0.8078125 0.77421875 0.125 0.4203125
0 0.97265625 0.75859375 0.0546875 0.3984375
0 0.05859375 0.621875 0.0234375 0.03125
0 0.29296875 0.6328125 0.0328125 0.071875
0 0.23515625 0.62265625 0.0296875 0.0421875
0 0.95703125 0.58359375 0.0484375 0.15625
0 0.36796875 0.61171875 0.0109375 0.0203125
0 0.4046875 0.6109375 0.0125 0.01796875
0 0.196875 0.53125 0.025 0.03828125