0 0.12890625 0.49453125 0.08671875 0.340625
0 0.1328125 0.46484375 0.078125 0.2765625
0 0.1921875 0.46796875 0.05078125 0.24921875
0 0.2328125 0.56328125 0.09375 0.38984375
0 0.3328125 0.50234375 0.0828125 0.3171875
0 0.34375 0.3859375 0.0609375 0.11640625
0 0.39765625 0.38984375 0.06171875 0.125
0 0.37734375 0.6046875 0.11015625 0.4625
0 0.46015625 0.5734375 0.115625 0.41015625
0 0.48359375 0.4078125 0.0453125 0.171875
0 0.5515625 0.36796875 0.04765625 0.09921875
0 0.5171875 0.49453125 0.06953125 0.3078125
0 0.578125 0.3859375 0.0546875 0.078125
0 0.5671875 0.66796875 0.1265625 0.55859375
0 0.709375 0.37265625 0.053125 0.0921875
0 0.6859375 0.534375 0.07578125 0.353125
0 0.7421875 0.6296875 0.12421875 0.47578125
0 0.91171875 0.559375 0.1109375 0.44765625
0 0.9390625 0.3875 0.05234375 0.1140625