0 0.12421875 0.615625 0.15859375 0.68828125
0 0.13515625 0.68125 0.12265625 0.59296875
0 0.2359375 0.6203125 0.325 0.66328125
0 0.228125 0.675 0.11875 0.6
0 0.31953125 0.6765625 0.109375 0.60625
0 0.40625 0.67265625 0.1328125 0.63671875
0 0.4453125 0.65234375 0.08828125 0.63828125
0 0.5109375 0.65234375 0.0953125 0.66796875
0 0.54609375 0.678125 0.14921875 0.6421875
0 0.63359375 0.65546875 0.103125 0.64921875
0 0.6515625 0.68125 0.1140625 0.634375
0 0.74296875 0.68515625 0.11484375 0.6265625
0 0.73984375 0.6453125 0.11640625 0.671875
0 0.8390625 0.64765625 0.10859375 0.7046875
0 0.0046875 0.52109375 0.00859375 0.07421875
0 0.01015625 0.48046875 0.0203125 0.1203125
0 0.0140625 0.459375 0.02265625 0.08828125
0 0.89453125 0.5078125 0.0171875 0.07578125
0 0.925 0.51796875 0.02421875 0.05546875
0 0.9484375 0.49453125 0.028125 0.10625
0 0.90234375 0.46875 0.0140625 0.059375
0 0.340625 0.6453125 0.1140625 0.6328125
0 0.90859375 0.53515625 0.0140625 0.01875
0 0.9796875 0.4453125 0.03828125 0.02265625
0 0.92578125 0.446875 0.0109375 0.03125
0 0.8921875 0.43984375 0.01015625 0.01796875
0 0.4859375 0.34375 0.0265625 0.0671875
0 0.68125 0.4234375 0.01875 0.040625
0 0.59765625 0.41015625 0.02109375 0.0328125
0 0.78984375 0.521875 0.015625 0.05546875