0 0.9703125 0.8234375 0.059375 0.165625
0 0.984375 0.71171875 0.02890625 0.1421875
0 0.96015625 0.74453125 0.059375 0.23828125
0 0.9859375 0.6078125 0.02734375 0.0984375
0 0.975 0.57734375 0.05 0.09921875
0 0.93046875 0.534375 0.04375 0.07265625
0 0.9359375 0.6328125 0.0234375 0.14609375
0 0.91875 0.65859375 0.04375 0.18125
0 0.909375 0.671875 0.0453125 0.153125
0 0.83671875 0.81953125 0.0671875 0.17890625
0 0.84765625 0.7640625 0.06328125 0.1453125
0 0.88046875 0.75859375 0.05859375 0.2453125
0 0.82109375 0.715625 0.06953125 0.2078125
0 0.83984375 0.60625 0.04765625 0.0765625
0 0.87421875 0.58671875 0.05234375 0.125
0 0.89296875 0.534375 0.03359375 0.08984375
0 0.81875 0.58671875 0.0484375 0.1421875
0 0.7921875 0.553125 0.034375 0.1390625
0 0.78203125 0.56875 0.03203125 0.11484375
0 0.75859375 0.64375 0.078125 0.2078125
0 0.73828125 0.76953125 0.10625 0.24609375
0 0.703125 0.68515625 0.040625 0.209375
0 0.72890625 0.6046875 0.028125 0.115625
0 0.7140625 0.559375 0.02890625 0.07109375
0 0.71953125 0.51953125 0.03125 0.0796875
0 0.721875 0.51015625 0.03046875 0.07890625
0 0.68515625 0.58671875 0.02578125 0.07578125
0 0.67109375 0.5890625 0.02890625 0.0640625
0 0.67890625 0.65859375 0.0390625 0.18203125
0 0.640625 0.85078125 0.06953125 0.1171875
0 0.6046875 0.81796875 0.06484375 0.18203125
0 0.61953125 0.721875 0.0578125 0.15546875
0 0.6609375 0.75546875 0.0671875 0.25390625
0 0.634375 0.6140625 0.04609375 0.134375
0 0.63046875 0.5578125 0.034375 0.0921875
0 0.63359375 0.5546875 0.02890625 0.07578125
0 0.6 0.5546875 0.0453125 0.1296875
0 0.58125 0.57734375 0.04765625 0.1328125
0 0.54609375 0.55703125 0.03515625 0.13046875
0 0.55703125 0.609375 0.0375 0.18046875
0 0.5625 0.66640625 0.065625 0.20703125
0 0.53359375 0.7921875 0.05859375 0.2328125
0 0.48828125 0.7921875 0.07421875 0.2328125
0 0.43515625 0.83359375 0.0546875 0.14921875
0 0.37265625 0.809375 0.096875 0.1984375
0 0.290625 0.81953125 0.0984375 0.178125
0 0.190625 0.82265625 0.0796875 0.175
0 0.19296875 0.7859375 0.0875 0.2453125
0 0.43828125 0.71015625 0.06171875 0.13671875
0 0.5109375 0.59765625 0.0515625 0.153125
0 0.50078125 0.51015625 0.01484375 0.01875
0 0.49609375 0.54375 0.040625 0.14296875
0 0.46328125 0.6109375 0.05390625 0.16640625
0 0.38984375 0.67109375 0.06328125 0.1953125
0 0.3796875 0.62109375 0.05 0.16953125
0 0.3390625 0.7609375 0.05625 0.203125
0 0.35234375 0.54609375 0.0484375 0.14375
0 0.36640625 0.521875 0.028125 0.1234375
0 0.38046875 0.49140625 0.02421875 0.09609375
0 0.31640625 0.5546875 0.04296875 0.15703125
0 0.30546875 0.53046875 0.02734375 0.1234375
0 0.3109375 0.4734375 0.021875 0.0484375
0 0.26015625 0.50078125 0.03046875 0.0578125
0 0.26640625 0.584375 0.05234375 0.175
0 0.24453125 0.6921875 0.065625 0.228125
0 0.153125 0.7515625 0.0546875 0.2421875
0 0.15 0.65546875 0.0546875 0.14765625
0 0.20546875 0.6046875 0.0484375 0.1625
0 0.21015625 0.56875 0.04453125 0.1375
0 0.22734375 0.52109375 0.0328125 0.121875
0 0.2328125 0.50078125 0.034375 0.1296875
0 0.18125 0.525 0.02890625 0.09453125
0 0.18203125 0.48828125 0.02734375 0.04140625
0 0.16875 0.59453125 0.03671875 0.1203125
0 0.15234375 0.5671875 0.01875 0.0515625
0 0.14609375 0.57109375 0.02734375 0.0671875
0 0.1328125 0.5703125 0.02734375 0.0890625
0 0.153125 0.51328125 0.03046875 0.06484375
0 0.1328125 0.54453125 0.034375 0.09765625
0 0.08984375 0.56328125 0.0328125 0.1140625
0 0.1046875 0.628125 0.03671875 0.16953125
0 0.05859375 0.57265625 0.0171875 0.028125
0 0.09609375 0.68203125 0.0578125 0.14609375
0 0.0515625 0.69375 0.0625 0.14296875
0 0.0671875 0.79765625 0.07421875 0.225
0 0.015625 0.61640625 0.03125 0.1171875
0 0.009375 0.54453125 0.01875 0.08046875
0 0.015625 0.5015625 0.03046875 0.10078125
0 0.03828125 0.48984375 0.03046875 0.1015625
0 0.05546875 0.48984375 0.02265625 0.10078125
0 0.09453125 0.484375 0.03046875 0.0953125
0 0.015625 0.44453125 0.03046875 0.0546875
0 0.0078125 0.4171875 0.015625 0.034375
0 0.0359375 0.41953125 0.01796875 0.05390625
0 0.03671875 0.39375 0.0125 0.0265625
0 0.02890625 0.4015625 0.01171875 0.03515625
0 0.0203125 0.39921875 0.01171875 0.021875
0 0.01875 0.40625 0.0109375 0.01171875
0 0.09375 0.446875 0.02578125 0.06953125
0 0.12734375 0.4546875 0.02421875 0.09296875
0 0.103125 0.425 0.0125 0.0609375
0 0.0890625 0.40078125 0.0125 0.03125
0 0.1453125 0.42421875 0.0140625 0.05703125
0 0.11640625 0.42265625 0.02265625 0.0734375
0 0.14765625 0.38828125 0.0109375 0.01640625
0 0.13203125 0.39765625 0.01328125 0.04140625
0 0.13671875 0.42734375 0.0109375 0.05390625
0 0.16796875 0.46171875 0.02890625 0.1015625
0 0.1734375 0.41171875 0.01328125 0.03125
0 0.17890625 0.41796875 0.0140625 0.04765625
0 0.1890625 0.3921875 0.0109375 0.0234375
0 0.17890625 0.3890625 0.0125 0.01953125
0 0.1703125 0.3953125 0.00703125 0.01484375
0 0.1890625 0.3890625 0.01328125 0.02578125
0 0.19453125 0.3921875 0.00703125 0.034375
0 0.20625 0.42578125 0.0140625 0.0640625
0 0.21328125 0.41875 0.01328125 0.05703125
0 0.20703125 0.39375 0.00703125 0.02109375
0 0.22890625 0.41875 0.01796875 0.04453125
0 0.225 0.43671875 0.0265625 0.053125
0 0.2265625 0.39765625 0.0140625 0.0375
0 0.246875 0.428125 0.02265625 0.0671875
0 0.24453125 0.42265625 0.01640625 0.06484375
0 0.265625 0.41953125 0.0171875 0.06640625
0 0.25234375 0.396875 0.00859375 0.01796875
0 0.27421875 0.41328125 0.0140625 0.059375
0 0.28828125 0.42734375 0.025 0.06015625
0 0.29296875 0.4203125 0.0140625 0.06015625
0 0.30390625 0.42265625 0.01328125 0.06484375
0 0.31015625 0.41328125 0.01640625 0.0578125
0 0.29921875 0.39609375 0.0109375 0.03828125
0 0.32109375 0.41484375 0.01484375 0.0609375
0 0.33359375 0.42265625 0.01640625 0.0640625
0 0.334375 0.39765625 0.01328125 0.0265625
0 0.34609375 0.42578125 0.0140625 0.06484375
0 0.36015625 0.41875 0.01875 0.0546875
0 0.36875 0.4171875 0.0125 0.04765625
0 0.2171875 0.3921875 0.00859375 0.028125
0 0.378125 0.41484375 0.0125 0.0515625
0 0.39375 0.415625 0.0140625 0.0546875
0 0.40703125 0.4234375 0.0234375 0.06640625
0 0.41640625 0.42734375 0.025 0.0640625
0 0.40703125 0.390625 0.01015625 0.01875
0 0.38984375 0.384375 0.009375 0.01484375
0 0.384375 0.40078125 0.01328125 0.0484375
0 0.39296875 0.378125 0.01015625 0.021875
0 0.41015625 0.38203125 0.00859375 0.02890625
0 0.41640625 0.38671875 0.01171875 0.0234375
0 0.4265625 0.4109375 0.01171875 0.05390625
0 0.43359375 0.396875 0.01171875 0.03203125
0 0.42734375 0.41015625 0.0109375 0.05
0 0.4453125 0.4140625 0.0171875 0.0625
0 0.44296875 0.415625 0.0125 0.053125
0 0.4609375 0.41015625 0.015625 0.05390625
0 0.4703125 0.41484375 0.01796875 0.059375
0 0.4828125 0.41015625 0.01171875 0.06015625
0 0.49453125 0.45546875 0.02578125 0.08671875
0 0.5140625 0.4578125 0.02265625 0.08359375
0 0.496875 0.41640625 0.01953125 0.05078125
0 0.51484375 0.409375 0.0171875 0.05078125
0 0.5265625 0.41171875 0.01484375 0.0515625
0 0.53515625 0.41328125 0.01328125 0.05078125
0 0.5484375 0.41015625 0.0140625 0.03515625
0 0.55625 0.4140625 0.01171875 0.03515625
0 0.55 0.48359375 0.02734375 0.0578125
0 0.54296875 0.45390625 0.01953125 0.07734375
0 0.5515625 0.45234375 0.02421875 0.05390625
0 0.57890625 0.46484375 0.03046875 0.09140625
0 0.59140625 0.45078125 0.01875 0.08828125
0 0.61328125 0.465625 0.028125 0.10546875
0 0.56875 0.41328125 0.0109375 0.0515625
0 0.575 0.41328125 0.01015625 0.05
0 0.58671875 0.3984375 0.0125 0.0265625
0 0.6046875 0.41796875 0.0140625 0.0484375
0 0.61015625 0.41171875 0.009375 0.05078125
0 0.6265625 0.40859375 0.01171875 0.0296875
0 0.63203125 0.41484375 0.01015625 0.05078125
0 0.434375 0.36640625 0.00859375 0.025
0 0.65078125 0.4203125 0.028125 0.06796875
0 0.66171875 0.4140625 0.0109375 0.05625
0 0.67421875 0.42109375 0.02265625 0.06015625
0 0.68671875 0.42421875 0.028125 0.0625
0 0.69296875 0.42109375 0.0234375 0.0625
0 0.70234375 0.40078125 0.009375 0.04140625
0 0.71171875 0.4015625 0.01640625 0.04375
0 0.72421875 0.41328125 0.025 0.059375
0 0.73671875 0.40703125 0.0109375 0.05078125
0 0.75078125 0.4171875 0.02109375 0.05390625
0 0.746875 0.4703125 0.0171875 0.0796875
0 0.75546875 0.471875 0.03515625 0.09921875
0 0.78125 0.42109375 0.01640625 0.05078125
0 0.7875 0.41171875 0.01484375 0.059375
0 0.79609375 0.390625 0.0109375 0.028125
0 0.80859375 0.40859375 0.01015625 0.053125
0 0.82421875 0.415625 0.01953125 0.0546875
0 0.828125 0.39296875 0.00859375 0.01953125
0 0.83828125 0.42578125 0.01953125 0.0640625
0 0.85 0.4171875 0.0125 0.05625
0 0.8609375 0.42109375 0.015625 0.06015625
0 0.8671875 0.41640625 0.01328125 0.06015625
0 0.91796875 0.42578125 0.021875 0.0421875
0 0.91875 0.40078125 0.0140625 0.02890625
0 0.95546875 0.446875 0.021875 0.07109375
0 0.96953125 0.44375 0.0171875 0.0703125
0 0.975 0.41640625 0.015625 0.02890625
0 0.98359375 0.44375 0.01953125 0.0640625
0 0.99453125 0.42578125 0.009375 0.0578125
0 0.99140625 0.41015625 0.0140625 0.0375
0 0.0375 0.6421875 0.0671875 0.15859375
0 0.76171875 0.3984375 0.01171875 0.02109375
0 0.8375 0.40703125 0.01328125 0.0421875
0 0.85703125 0.88984375 0.05078125 0.040625
0 0.50625 0.8765625 0.04921875 0.0609375
0 0.0140625 0.71328125 0.02734375 0.1453125
0 0.5 0.365625 1 0.0953125
0 0.775 0.4109375 0.009375 0.04140625
0 0.87265625 0.396875 0.00625 0.01328125
0 0.02265625 0.45625 0.02109375 0.08828125