0 0.0484375 0.72734375 0.04296875 0.11796875
0 0.059375 0.70390625 0.0484375 0.11484375
0 0.1171875 0.69140625 0.0453125 0.10703125
0 0.0171875 0.4640625 0.03203125 0.06796875
0 0.04921875 0.44921875 0.025 0.06171875
0 0.1265625 0.353125 0.01328125 0.03359375
0 0.1359375 0.359375 0.01171875 0.03203125
0 0.146875 0.3765625 0.0203125 0.046875
0 0.175 0.371875 0.01640625 0.03671875
0 0.18671875 0.38203125 0.0203125 0.03984375
0 0.271875 0.396875 0.0203125 0.04296875
0 0.28828125 0.39609375 0.0203125 0.0484375
0 0.2984375 0.425 0.0234375 0.05703125
0 0.33671875 0.4234375 0.0265625 0.053125
0 0.27109375 0.47109375 0.025 0.05859375
0 0.253125 0.4671875 0.0234375 0.06171875
0 0.43828125 0.42109375 0.0203125 0.0515625
0 0.453125 0.4234375 0.01640625 0.05
0 0.540625 0.4328125 0.01796875 0.04140625
0 0.609375 0.3 0.021875 0.05
0 0.625 0.33359375 0.0203125 0.046875
0 0.6875 0.35078125 0.01484375 0.03203125
0 0.696875 0.3546875 0.0203125 0.046875
0 0.71484375 0.35390625 0.0265625 0.03828125
0 0.66171875 0.340625 0.0234375 0.06484375
0 0.8296875 0.63046875 0.06015625 0.1015625
0 0.890625 0.58359375 0.03515625 0.08984375
0 0.659375 0.72421875 0.04140625 0.11796875
0 0.42109375 0.46015625 0.025 0.05
0 0.26796875 0.5296875 0.03359375 0.0703125
0 0.32578125 0.56484375 0.028125 0.0734375
0 0.3453125 0.63203125 0.046875 0.096875
0 0.0859375 0.43671875 0.03515625 0.05703125
0 0.75546875 0.3328125 0.0484375 0.0453125