0 0.7796875 0.5515625 0.21171875 0.8328125
0 0.5984375 0.50859375 0.1 0.2921875
0 0.6046875 0.51171875 0.040625 0.1953125
0 0.45390625 0.53046875 0.1484375 0.79296875
0 0.5046875 0.53125 0.09375 0.6046875
0 0.55078125 0.49453125 0.0609375 0.4609375
0 0.4046875 0.50234375 0.05859375 0.3703125
0 0.3796875 0.3625 0.034375 0.09375
0 0.31875 0.51640625 0.0953125 0.5890625
0 0.19453125 0.5140625 0.18671875 0.88125
0 0.13203125 0.60078125 0.1 0.37890625
0 0.6234375 0.50234375 0.01875 0.05546875
0 0.565625 0.51640625 0.0234375 0.18671875
0 0.51875 0.68046875 0.053125 0.13359375
0 0.2796875 0.38828125 0.05546875 0.2015625
0 0.31484375 0.6515625 0.08125 0.128125