0 0.85859375 0.7265625 0.2390625 0.3921875
0 0.8203125 0.68984375 0.1640625 0.36640625
0 0.7625 0.63828125 0.11328125 0.284375
0 0.8375 0.45078125 0.10078125 0.26328125
0 0.725 0.44375 0.07109375 0.23984375
0 0.66015625 0.45703125 0.0859375 0.24296875
0 0.621875 0.56484375 0.10078125 0.21953125
0 0.5421875 0.56875 0.071875 0.19453125
0 0.47421875 0.575 0.08515625 0.21484375
0 0.40546875 0.63671875 0.09296875 0.321875
0 0.27421875 0.67109375 0.13125 0.446875
0 0.1203125 0.57734375 0.12578125 0.45234375
0 0.1609375 0.5265625 0.0484375 0.40859375
0 0.2140625 0.4359375 0.0671875 0.17109375
0 0.2515625 0.40625 0.0515625 0.11015625
0 0.30859375 0.4796875 0.0609375 0.24765625
0 0.3484375 0.43671875 0.0546875 0.1890625
0 0.415625 0.4171875 0.0421875 0.13203125
0 0.465625 0.409375 0.0546875 0.14765625
0 0.51328125 0.45 0.07734375 0.203125
0 0.54453125 0.378125 0.0359375 0.10703125
0 0.58046875 0.4296875 0.07734375 0.19453125
0 0.3859375 0.465625 0.0703125 0.14609375
0 0.44921875 0.4703125 0.06640625 0.14375