0 0.0796875 0.4890625 0.08515625 0.25234375
0 0.109375 0.4875 0.05234375 0.2515625
0 0.1609375 0.50234375 0.07890625 0.2640625
0 0.22734375 0.38203125 0.0859375 0.11796875
0 0.2203125 0.5015625 0.06171875 0.2671875
0 0.26796875 0.496875 0.065625 0.215625
0 0.2765625 0.39453125 0.065625 0.10390625
0 0.3203125 0.3765625 0.04609375 0.0828125
0 0.31875 0.509375 0.05625 0.22578125
0 0.359375 0.40625 0.046875 0.0796875
0 0.36796875 0.378125 0.07734375 0.1421875
0 0.41484375 0.403125 0.0703125 0.09296875
0 0.44453125 0.4140625 0.034375 0.06953125
0 0.42109375 0.37734375 0.04765625 0.08984375
0 0.4609375 0.3734375 0.0484375 0.1140625
0 0.47890625 0.421875 0.040625 0.05625
0 0.50390625 0.39296875 0.04609375 0.11015625
0 0.53984375 0.41328125 0.04609375 0.0671875
0 0.5359375 0.3375 0.06328125 0.11015625
0 0.578125 0.38046875 0.0640625 0.1265625
0 0.62109375 0.42265625 0.09921875 0.165625
0 0.603125 0.35625 0.0359375 0.07421875
0 0.66015625 0.37890625 0.04609375 0.103125
0 0.67109375 0.34609375 0.06328125 0.0875
0 0.690625 0.35625 0.034375 0.06015625
0 0.6890625 0.4921875 0.059375 0.23046875
0 0.72265625 0.4 0.03828125 0.103125
0 0.74921875 0.365625 0.046875 0.1
0 0.7453125 0.50546875 0.0671875 0.22578125
0 0.79765625 0.50625 0.06953125 0.2046875
0 0.7859375 0.3796875 0.0390625 0.06328125
0 0.8234375 0.5296875 0.05390625 0.35546875
0 0.8734375 0.5453125 0.0953125 0.38125
0 0.90859375 0.509375 0.07734375 0.4
0 0.94609375 0.53515625 0.10546875 0.3234375
0 0.98203125 0.5015625 0.034375 0.3203125
0 0.796875 0.75390625 0.134375 0.453125
0 0.69921875 0.746875 0.09609375 0.41640625
0 0.62265625 0.68671875 0.1125 0.3265625
0 0.53984375 0.6828125 0.08046875 0.296875
0 0.4734375 0.71953125 0.0703125 0.365625
0 0.38984375 0.690625 0.1140625 0.28125
0 0.3296875 0.67109375 0.0921875 0.2359375
0 0.2515625 0.6875 0.0984375 0.284375
0 0.18125 0.6515625 0.11640625 0.20703125
0 0.06953125 0.6625 0.1390625 0.2453125
0 0.5375 0.37265625 0.03359375 0.05