0 0.49140625 0.6 0.00703125 0.03203125
0 0.496875 0.59609375 0.00703125 0.03359375
0 0.4921875 0.59296875 0.0078125 0.0359375
0 0.50625 0.57578125 0.00546875 0.02578125
0 0.515625 0.58203125 0.00703125 0.02578125
0 0.51953125 0.61328125 0.00859375 0.03984375
0 0.58828125 0.76015625 0.0140625 0.07265625
0 0.56796875 0.86640625 0.02265625 0.0984375
0 0.384375 0.88671875 0.01875 0.10390625
0 0.36953125 0.9109375 0.01640625 0.09296875
0 0.28203125 0.878125 0.021875 0.090625
0 0.19296875 0.94921875 0.02578125 0.1
0 0.428125 0.63203125 0.10859375 0.18671875
0 0.56484375 0.63046875 0.1 0.18671875
0 0.18984375 0.9484375 0.0390625 0.10078125
0 0.16953125 0.8140625 0.05234375 0.06015625