0 0.52421875 0.23671875 0.02734375 0.065625
0 0.56640625 0.23828125 0.0296875 0.0625
0 0.54296875 0.2625 0.0453125 0.090625
0 0.53984375 0.3546875 0.06484375 0.1765625
0 0.61953125 0.29140625 0.04921875 0.1171875
0 0.6109375 0.54609375 0.259375 0.52421875
0 0.9015625 0.38515625 0.1515625 0.15
0 0.76875 0.55546875 0.1734375 0.30546875
0 0.7234375 0.66484375 0.553125 0.4828125
0 0.46328125 0.25546875 0.03984375 0.08671875
0 0.375 0.2625 0.03359375 0.08046875
0 0.44921875 0.28125 0.04453125 0.071875
0 0.4078125 0.31015625 0.040625 0.10625
0 0.28203125 0.43046875 0.17578125 0.27265625
0 0.24375 0.41015625 0.053125 0.08359375
0 0.44609375 0.4515625 0.0984375 0.2828125
0 0.42421875 0.6421875 0.24375 0.53125
0 0.16484375 0.609375 0.103125 0.315625
0 0.28984375 0.72109375 0.25234375 0.371875
0 0.0890625 0.60546875 0.178125 0.60546875
0 0.3234375 0.25859375 0.02734375 0.04453125
0 0.5359375 0.20234375 0.05 0.034375
0 0.58828125 0.27578125 0.05390625 0.125
0 0.8265625 0.325 0.14453125 0.159375
0 0.7265625 0.3296875 0.02734375 0.15546875
0 0.42265625 0.21484375 0.14921875 0.059375
0 0.38046875 0.3046875 0.08828125 0.125
0 0.02734375 0.74296875 0.0546875 0.33203125