0 0.14140625 0.60390625 0.034375 0.1578125
0 0.12265625 0.59375 0.025 0.10625
0 0.1625 0.5578125 0.01640625 0.0625
0 0.17109375 0.5875 0.01796875 0.1125
0 0.284375 0.56484375 0.02734375 0.0671875
0 0.28203125 0.64765625 0.04375 0.1703125
0 0.31328125 0.6203125 0.05703125 0.2
0 0.34765625 0.5734375 0.03046875 0.096875
0 0.38203125 0.56640625 0.028125 0.0828125
0 0.43359375 0.58359375 0.01328125 0.0953125
0 0.446875 0.56796875 0.02109375 0.0421875
0 0.4203125 0.58125 0.02578125 0.071875
0 0.5328125 0.57890625 0.02421875 0.0640625
0 0.56484375 0.60234375 0.03515625 0.1015625
0 0.71953125 0.54609375 0.025 0.0421875
0 0.98984375 0.58203125 0.01875 0.0546875
0 0.9671875 0.60546875 0.02421875 0.0765625
0 0.98359375 0.6125 0.03203125 0.078125
0 0.9515625 0.79921875 0.096875 0.3640625
0 0.78046875 0.6375 0.31640625 0.721875
0 0.7109375 0.74765625 0.078125 0.2171875
0 0.68984375 0.67734375 0.05390625 0.1203125
0 0.59765625 0.703125 0.14609375 0.278125
0 0.5140625 0.67265625 0.06953125 0.1421875
0 0.46171875 0.63828125 0.07421875 0.1140625
0 0.41953125 0.66171875 0.07109375 0.1171875
0 0.0625 0.58046875 0.125 0.1078125
0 0.43125 0.55703125 0.06015625 0.0515625
0 0.58671875 0.590625 0.02890625 0.046875
0 0.953125 0.58046875 0.09140625 0.2015625
0 0.89921875 0.7390625 0.04375 0.134375