0 0.7859375 0.85703125 0.03828125 0.2078125
0 0.76953125 0.7484375 0.03046875 0.096875
0 0.7359375 0.8375 0.0421875 0.21015625
0 0.61484375 0.65 0.03828125 0.1546875
0 0.60078125 0.5453125 0.02421875 0.1203125
0 0.58828125 0.5578125 0.028125 0.12734375
0 0.640625 0.46875 0.02890625 0.1203125
0 0.49921875 0.62109375 0.03046875 0.15234375
0 0.47421875 0.60703125 0.0359375 0.15703125
0 0.44375 0.625 0.03828125 0.1546875
0 0.5734375 0.82890625 0.04140625 0.13359375
0 0.56796875 0.92109375 0.0515625 0.15234375
0 0.51875 0.89296875 0.0375 0.21015625
0 0.48671875 0.84609375 0.0453125 0.1828125
0 0.3734375 0.71015625 0.03828125 0.178125
0 0.346875 0.68046875 0.0359375 0.1546875
0 0.3078125 0.69375 0.02890625 0.159375
0 0.284375 0.71015625 0.03046875 0.1734375
0 0.2546875 0.66015625 0.02109375 0.14296875
0 0.2234375 0.66640625 0.0328125 0.1546875
0 0.26484375 0.8578125 0.04140625 0.1734375
0 0.2390625 0.903125 0.053125 0.184375
0 0.22265625 0.9359375 0.0359375 0.128125
0 0.1875 0.95 0.0546875 0.09453125
0 0.18828125 0.896875 0.0375 0.08984375
0 0.19375 0.81875 0.05546875 0.13125
0 0.1375 0.95 0.0546875 0.09453125
0 0.14140625 0.92109375 0.028125 0.0828125
0 0.11953125 0.83359375 0.034375 0.15703125
0 0.03359375 0.89296875 0.0546875 0.20078125
0 0.1796875 0.65390625 0.0328125 0.13359375
0 0.1765625 0.5921875 0.0265625 0.0765625
0 0.13984375 0.671875 0.03046875 0.14765625
0 0.125 0.68828125 0.02890625 0.115625
0 0.32265625 0.4390625 0.01953125 0.05546875
0 0.340625 0.4734375 0.01875 0.10625
0 0.3078125 0.44921875 0.01875 0.0625
0 0.165625 0.584375 0.03203125 0.1296875
0 0.11171875 0.659375 0.028125 0.1453125
0 0.03359375 0.62734375 0.03828125 0.13125
0 0.478125 0.3671875 0.0171875 0.03203125
0 0.48828125 0.37421875 0.01328125 0.03203125
0 0.95859375 0.52734375 0.02421875 0.0578125
0 0.28515625 0.6015625 0.015625 0.0296875
0 0.3625 0.98515625 0.1046875 0.02578125
0 0.121875 0.5828125 0.05546875 0.11328125
0 0.15859375 0.32890625 0.10234375 0.08046875
0 0.053125 0.3046875 0.07421875 0.05546875
0 0.11640625 0.23203125 0.07578125 0.0484375
0 0.42734375 0.296875 0.115625 0.053125
0 0.5640625 0.31640625 0.04140625 0.03671875
0 0.61328125 0.309375 0.04921875 0.04140625
0 0.75703125 0.375 0.0953125 0.12265625
0 0.84453125 0.31328125 0.07578125 0.0765625
0 0.92109375 0.24921875 0.04609375 0.04609375
0 0.9609375 0.2125 0.025 0.03671875
0 0.9421875 0.3 0.01484375 0.0234375
0 0.66484375 0.19375 0.04140625 0.05078125
0 0.68671875 0.29765625 0.0359375 0.06484375
0 0.4734375 0.190625 0.03984375 0.04375
0 0.43203125 0.4296875 0.04375 0.1015625
0 0.85625 0.48359375 0.04609375 0.1453125
0 0.97421875 0.48984375 0.0328125 0.10625
0 0.475 0.4609375 0.03203125 0.1546875
0 0.41484375 0.3578125 0.03828125 0.04609375
0 0.29921875 0.3265625 0.025 0.0484375
0 0.58125 0.1203125 0.03984375 0.04140625
0 0.43125 0.52421875 0.053125 0.0921875
0 0.290625 0.63125 0.01328125 0.02109375