0 0.634375 0.8203125 0.01953125 0.0984375
0 0.6453125 0.88671875 0.03671875 0.08984375
0 0.68359375 0.86171875 0.0234375 0.04921875
0 0.6984375 0.91015625 0.0390625 0.0984375
0 0.74609375 0.878125 0.03046875 0.103125
0 0.7 0.8171875 0.025 0.0703125
0 0.72265625 0.8171875 0.02734375 0.06171875
0 0.7453125 0.8203125 0.0265625 0.0640625
0 0.77109375 0.82578125 0.0328125 0.075
0 0.82265625 0.94609375 0.04453125 0.0984375
0 0.85859375 0.9109375 0.0390625 0.075
0 0.73125 0.725 0.0234375 0.04921875
0 0.72421875 0.73671875 0.015625 0.03828125
0 0.78671875 0.82578125 0.01953125 0.0703125
0 0.8296875 0.61875 0.3375 0.0984375
0 0.86015625 0.83203125 0.2796875 0.33203125