0 0.04921875 0.559375 0.0984375 0.471875
0 0.03671875 0.44609375 0.0546875 0.209375
0 0.075 0.5 0.0625 0.271875
0 0.13046875 0.40234375 0.0421875 0.12109375
0 0.153125 0.42578125 0.025 0.1234375
0 0.184375 0.39921875 0.021875 0.0828125
0 0.21640625 0.4109375 0.0265625 0.12578125
0 0.26015625 0.43828125 0.0703125 0.2609375
0 0.3390625 0.3875 0.05 0.10546875
0 0.31640625 0.3640625 0.0234375 0.0765625
0 0.3640625 0.3875 0.0375 0.10078125
0 0.42421875 0.8828125 0.1171875 0.14375
0 0.7953125 0.48203125 0.084375 0.384375
0 0.72734375 0.42578125 0.0765625 0.1953125
0 0.6828125 0.415625 0.046875 0.20234375
0 0.6390625 0.3875 0.05 0.1328125
0 0.8453125 0.44140625 0.040625 0.1953125
0 0.88203125 0.42265625 0.0296875 0.1125
0 0.86953125 0.425 0.0203125 0.1125
0 0.83984375 0.39921875 0.0203125 0.0515625
0 0.51328125 0.37109375 0.0390625 0.08515625
0 0.48203125 0.384375 0.0203125 0.08984375
0 0.421875 0.37890625 0.025 0.07421875
0 0.19609375 0.37109375 0.1296875 0.08125
0 0.04140625 0.3796875 0.0171875 0.03125
0 0.94921875 0.62890625 0.0984375 0.65625
0 0.82109375 0.3671875 0.0296875 0.046875
0 0.5765625 0.3765625 0.1 0.0828125
0 0.39609375 0.38203125 0.0390625 0.071875
0 0.45078125 0.37734375 0.0515625 0.0671875
0 0.4984375 0.37734375 0.025 0.08125
0 0.6578125 0.35390625 0.028125 0.03359375
0 0.73828125 0.3765625 0.0609375 0.0828125
0 0.11015625 0.440625 0.0265625 0.103125
0 0.2 0.4359375 0.01875 0.05390625