0 0.06875 0.61328125 0.13671875 0.2796875
0 0.11875 0.659375 0.2375 0.3328125
0 0.1078125 0.59375 0.19453125 0.31875
0 0.0703125 0.47734375 0.1171875 0.1796875
0 0.1609375 0.4265625 0.10859375 0.18359375
0 0.2375 0.5 0.07265625 0.2015625
0 0.2671875 0.56640625 0.11484375 0.240625
0 0.34296875 0.4640625 0.04453125 0.12109375
0 0.2828125 0.603125 0.1828125 0.30546875
0 0.4046875 0.528125 0.2125 0.21171875
0 0.378125 0.66328125 0.32109375 0.35625
0 0.48203125 0.465625 0.0703125 0.12109375
0 0.5375 0.56875 0.0703125 0.1703125
0 0.559375 0.49375 0.078125 0.13125
0 0.51328125 0.79140625 0.46015625 0.34609375
0 0.521875 0.69453125 0.2921875 0.3171875
0 0.63515625 0.496875 0.09375 0.17578125
0 0.659375 0.54296875 0.05703125 0.07265625
0 0.809375 0.6984375 0.275 0.28984375
0 0.82109375 0.628125 0.2296875 0.32109375
0 0.71875 0.49375 0.071875 0.15078125
0 0.7828125 0.44609375 0.15234375 0.246875
0 0.82421875 0.5609375 0.09921875 0.18984375
0 0.91484375 0.471875 0.1109375 0.2078125
0 0.93359375 0.63984375 0.1328125 0.3078125
0 0.4109375 0.33671875 0.1046875 0.3328125