0 0.2875 0.66796875 0.075 0.28125
0 0.4234375 0.584375 0.05546875 0.18125
0 0.4515625 0.559375 0.03125 0.1078125
0 0.56640625 0.60390625 0.053125 0.19765625
0 0.61953125 0.609375 0.05234375 0.19140625
0 0.6734375 0.59296875 0.06484375 0.1546875
0 0.73828125 0.60390625 0.04765625 0.159375
0 0.90390625 0.64453125 0.1046875 0.296875
0 0.94375 0.596875 0.0453125 0.1640625
0 0.9859375 0.64296875 0.0265625 0.225
0 0.953125 0.52734375 0.0265625 0.03125
0 0.70234375 0.5484375 0.025 0.08359375
0 0.71484375 0.53125 0.009375 0.04375
0 0.5921875 0.5515625 0.02265625 0.08984375
0 0.534375 0.55390625 0.025 0.0953125
0 0.515625 0.54375 0.02109375 0.0671875
0 0.4890625 0.5359375 0.01484375 0.05234375
0 0.4796875 0.5375 0.0140625 0.04921875
0 0.5078125 0.53203125 0.015625 0.04921875
0 0.475 0.52734375 0.0109375 0.0375
0 0.384375 0.565625 0.0296875 0.1234375
0 0.4 0.571875 0.034375 0.1328125
0 0.32890625 0.5546875 0.021875 0.09765625
0 0.34609375 0.5578125 0.025 0.10078125
0 0.36015625 0.55234375 0.01953125 0.08125
0 0.18125 0.53671875 0.025 0.02890625
0 0.675 0.5234375 0.0140625 0.0328125
0 0.378125 0.51484375 0.0125 0.015625
0 0.86171875 0.52109375 0.06796875 0.03984375
0 0.77265625 0.58046875 0.053125 0.05859375
0 0.465625 0.53125 0.025 0.0671875
0 0.49765625 0.52109375 0.034375 0.03359375
0 0.54140625 0.521875 0.04296875 0.03984375
0 0.5984375 0.52265625 0.0421875 0.0375
0 0.65546875 0.5453125 0.0171875 0.05859375