0 0.92578125 0.78984375 0.1453125 0.41640625
0 0.82265625 0.76875 0.0859375 0.4578125
0 0.9890625 0.6234375 0.021875 0.2109375
0 0.93828125 0.5953125 0.075 0.234375
0 0.7546875 0.73671875 0.13046875 0.4765625
0 0.63515625 0.75703125 0.15546875 0.48515625
0 0.5703125 0.75078125 0.0953125 0.49453125
0 0.865625 0.5375 0.0484375 0.10703125
0 0.84375 0.5265625 0.02421875 0.0453125
0 0.825 0.52109375 0.04140625 0.06328125
0 0.7296875 0.67421875 0.06484375 0.3234375
0 0.7609375 0.54765625 0.028125 0.0875
0 0.78203125 0.4984375 0.02421875 0.0328125
0 0.75703125 0.4875 0.028125 0.04375
0 0.7453125 0.51875 0.01796875 0.034375
0 0.709375 0.58203125 0.04140625 0.16328125
0 0.73515625 0.5046875 0.0203125 0.02734375
0 0.6984375 0.75390625 0.08984375 0.44921875
0 0.51953125 0.7671875 0.08515625 0.465625
0 0.659375 0.51484375 0.04296875 0.06171875
0 0.61171875 0.50625 0.02265625 0.03828125
0 0.6171875 0.48125 0.021875 0.03125
0 0.625 0.50625 0.0265625 0.0421875
0 0.6515625 0.51328125 0.025 0.06328125
0 0.52109375 0.5375 0.03671875 0.15078125
0 0.5484375 0.50078125 0.01875 0.04921875
0 0.56171875 0.5046875 0.0265625 0.078125
0 0.4359375 0.75078125 0.1 0.39296875
0 0.4421875 0.66796875 0.075 0.390625
0 0.47890625 0.60078125 0.034375 0.24921875
0 0.46875 0.6296875 0.04921875 0.31484375
0 0.4625 0.50390625 0.021875 0.04375
0 0.4171875 0.51796875 0.02890625 0.08359375
0 0.38671875 0.58359375 0.02890625 0.178125
0 0.38828125 0.53359375 0.0328125 0.13671875
0 0.3734375 0.6125 0.03828125 0.21484375
0 0.3515625 0.5015625 0.03671875 0.090625
0 0.32421875 0.6921875 0.10390625 0.41640625
0 0.296875 0.6296875 0.04453125 0.28203125
0 0.2171875 0.6109375 0.059375 0.221875
0 0.215625 0.53359375 0.046875 0.12578125
0 0.16640625 0.62578125 0.0546875 0.17421875
0 0.184375 0.56484375 0.034375 0.07421875
0 0.18046875 0.7953125 0.13515625 0.40546875
0 0.07578125 0.6046875 0.05078125 0.17265625
0 0.05546875 0.7703125 0.1109375 0.45625
0 0.3671875 0.4875 0.0203125 0.04375
0 0.33671875 0.47421875 0.01484375 0.02890625
0 0.07578125 0.46640625 0.0328125 0.078125
0 0.046875 0.4421875 0.01484375 0.02578125
0 0.0203125 0.4546875 0.01796875 0.0328125
0 0.0953125 0.4671875 0.0125 0.0546875
0 0.10859375 0.46640625 0.0140625 0.05625
0 0.9703125 0.484375 0.0390625 0.08203125
0 0.5953125 0.50625 0.02265625 0.0203125
0 0.540625 0.5234375 0.025 0.01484375
0 0.56796875 0.5046875 0.0203125 0.0203125
0 0.1296875 0.615625 0.03671875 0.0890625
0 0.43828125 0.4609375 0.12421875 0.034375
0 0.509375 0.478125 0.01875 0.04765625
0 0.00859375 0.44609375 0.01015625 0.02734375
0 0.15625 0.4453125 0.034375 0.021875