0 0.140625 0.440625 0.05078125 0.140625
0 0.234375 0.37734375 0.0265625 0.0359375
0 0.24453125 0.44375 0.05859375 0.1765625
0 0.19296875 0.50078125 0.1125 0.22734375
0 0.07734375 0.4515625 0.06875 0.184375
0 0.08203125 0.50078125 0.0796875 0.25234375
0 0.2703125 0.42421875 0.03046875 0.1171875
0 0.29453125 0.403125 0.03359375 0.08125
0 0.29140625 0.446875 0.03984375 0.15
0 0.3484375 0.46328125 0.06015625 0.2359375
0 0.4375 0.56171875 0.15625 0.453125
0 0.62890625 0.659375 0.26953125 0.59921875
0 0.48671875 0.4984375 0.059375 0.25625
0 0.72265625 0.52265625 0.1515625 0.39765625
0 0.81328125 0.61171875 0.16640625 0.5859375
0 0.94296875 0.64609375 0.1140625 0.5671875
0 0.5265625 0.546875 0.94609375 0.4234375