0 0.09453125 0.55625 0.1890625 0.32734375
0 0.13203125 0.428125 0.19609375 0.36015625
0 0.146875 0.27890625 0.16328125 0.31953125
0 0.24140625 0.2640625 0.12421875 0.32421875
0 0.34375 0.29140625 0.09765625 0.315625
0 0.3265625 0.0953125 0.08984375 0.190625
0 0.40859375 0.11640625 0.09140625 0.23203125
0 0.66484375 0.2640625 0.0921875 0.25546875
0 0.7109375 0.3140625 0.09609375 0.340625
0 0.92890625 0.47421875 0.1421875 0.3
0 0.47734375 0.40546875 0.07109375 0.25625
0 0.52734375 0.4828125 0.1078125 0.24921875
0 0.5015625 0.603125 0.12421875 0.275
0 0.6203125 0.52578125 0.12734375 0.18671875
0 0.63046875 0.63984375 0.13046875 0.209375
0 0.61328125 0.8390625 0.13359375 0.296875
0 0.8015625 0.71328125 0.190625 0.32265625
0 0.7734375 0.90234375 0.20390625 0.19296875
0 0.8796875 0.85078125 0.153125 0.16875
0 0.928125 0.73984375 0.14296875 0.16796875
0 0.8421875 0.18203125 0.12109375 0.290625
0 0.90546875 0.2453125 0.1109375 0.309375
0 0.8078125 0.10234375 0.08359375 0.20390625
0 0.9765625 0.61328125 0.04609375 0.115625
0 0.8515625 0.046875 0.04140625 0.05234375
0 0.9421875 0.12109375 0.11171875 0.13828125
0 0.9796875 0.22734375 0.0125 0.02421875
0 0.52890625 0.03984375 0.084375 0.07890625
0 0.62265625 0.06953125 0.07578125 0.13828125