0 0.50546875 0.58125 0.3515625 0.51484375
0 0.0890625 0.46015625 0.1765625 0.50078125
0 0.0625 0.4203125 0.125 0.590625
0 0.2 0.42265625 0.18046875 0.5125
0 0.23203125 0.46015625 0.19609375 0.50078125
0 0.29296875 0.2609375 0.0890625 0.14921875
0 0.35859375 0.471875 0.1703125 0.525
0 0.37890625 0.23046875 0.1296875 0.15859375
0 0.47421875 0.30390625 0.1578125 0.29921875
0 0.5421875 0.2421875 0.0953125 0.15546875
0 0.5828125 0.20546875 0.08125 0.125
0 0.60390625 0.46796875 0.2953125 0.53125
0 0.70234375 0.42109375 0.153125 0.56953125
0 0.76171875 0.43984375 0.11796875 0.51328125
0 0.80703125 0.24375 0.06875 0.12890625
0 0.8296875 0.3046875 0.0921875 0.23046875
0 0.86953125 0.50546875 0.175 0.56171875
0 0.92890625 0.4484375 0.13984375 0.490625
0 0.96953125 0.23515625 0.06015625 0.11796875