0 0.06484375 0.63828125 0.1296875 0.2609375
0 0.1671875 0.6953125 0.23515625 0.33515625
0 0.26953125 0.646875 0.11640625 0.2234375
0 0.321875 0.6 0.06796875 0.11796875
0 0.3265625 0.58046875 0.0609375 0.09453125
0 0.37734375 0.56328125 0.03046875 0.05546875
0 0.42578125 0.69296875 0.17265625 0.31796875
0 0.453125 0.5671875 0.01640625 0.0421875
0 0.48828125 0.6046875 0.06953125 0.13046875
0 0.51640625 0.60625 0.07578125 0.1625
0 0.534375 0.5453125 0.01875 0.01796875
0 0.559375 0.60859375 0.04296875 0.1578125
0 0.57578125 0.6171875 0.09375 0.171875
0 0.665625 0.6375 0.15390625 0.228125
0 0.6890625 0.62421875 0.08515625 0.20703125
0 0.84453125 0.75859375 0.31015625 0.4828125
0 0.2234375 0.5546875 0.04140625 0.03828125
0 0.03671875 0.64453125 0.07265625 0.19921875
0 0.75234375 0.58515625 0.23984375 0.15234375