0 0.13984375 0.6875 0.14453125 0.4546875
0 0.26328125 0.64765625 0.15234375 0.43828125
0 0.36875 0.6390625 0.11015625 0.4015625
0 0.45234375 0.64921875 0.13828125 0.38515625
0 0.55 0.64609375 0.12265625 0.41796875
0 0.64453125 0.61640625 0.10546875 0.33984375
0 0.74140625 0.66171875 0.16875 0.46015625
0 0.85234375 0.65078125 0.15546875 0.50859375
0 0.10078125 0.55234375 0.125 0.5484375
0 0.05546875 0.53984375 0.10859375 0.55703125
0 0.19375 0.5203125 0.08359375 0.4796875
0 0.26796875 0.39921875 0.08203125 0.33828125
0 0.34140625 0.41171875 0.08828125 0.3734375
0 0.425 0.38984375 0.08984375 0.31328125
0 0.4953125 0.3921875 0.07421875 0.328125
0 0.57421875 0.42578125 0.14921875 0.45859375
0 0.7875 0.428125 0.11015625 0.38984375
0 0.93515625 0.48828125 0.11875 0.6796875
0 0.83515625 0.328125 0.10703125 0.3
0 0.71484375 0.35 0.1 0.40703125
0 0.646875 0.29765625 0.07265625 0.23203125
0 0.478125 0.35234375 0.0875 0.3546875
0 0.37578125 0.3546875 0.075 0.31640625
0 0.2265625 0.31015625 0.065625 0.11015625
0 0.15703125 0.28984375 0.1 0.246875
0 0.57734375 0.4734375 0.21328125 0.33671875
0 0.28203125 0.2375 0.06171875 0.09140625