0 0.81328125 0.53984375 0.3328125 0.9203125
0 0.57421875 0.509375 0.2890625 0.98125
0 0.359375 0.52109375 0.31328125 0.95390625
0 0.19921875 0.5640625 0.22578125 0.871875
0 0.0421875 0.225 0.084375 0.38125
0 0.121875 0.24921875 0.13515625 0.4953125
0 0.24296875 0.17734375 0.1109375 0.3546875
0 0.41484375 0.3890625 0.17421875 0.6859375
0 0.5328125 0.18125 0.15390625 0.36171875
0 0.9171875 0.29140625 0.16484375 0.58203125
0 0.36796875 0.13828125 0.73515625 0.2765625
0 0.9796875 0.61328125 0.040625 0.1203125