0 0.0375 0.453125 0.025 0.04609375
0 0.06328125 0.45859375 0.01953125 0.03828125
0 0.20546875 0.51484375 0.040625 0.16015625
0 0.2359375 0.56171875 0.0640625 0.27734375
0 0.278125 0.50859375 0.05625 0.1703125
0 0.32109375 0.57109375 0.06484375 0.28203125
0 0.34375 0.453125 0.0234375 0.06015625
0 0.36875 0.5515625 0.04921875 0.2359375
0 0.3984375 0.54375 0.0546875 0.21796875
0 0.40859375 0.59140625 0.04921875 0.1671875
0 0.42421875 0.52734375 0.04921875 0.19453125
0 0.48046875 0.50546875 0.01875 0.06953125
0 0.44921875 0.4515625 0.04140625 0.04296875
0 0.51796875 0.4984375 0.0234375 0.115625
0 0.52265625 0.51796875 0.03125 0.14765625
0 0.54296875 0.52578125 0.04375 0.16953125
0 0.56796875 0.5125 0.02578125 0.14375
0 0.5765625 0.53046875 0.0765625 0.215625
0 0.653125 0.51953125 0.040625 0.1640625
0 0.67421875 0.53046875 0.03984375 0.17109375
0 0.7046875 0.52890625 0.03359375 0.15625
0 0.75078125 0.5453125 0.04609375 0.14296875
0 0.60625 0.54140625 0.01875 0.0859375
0 0.46171875 0.56875 0.0671875 0.2265625
0 0.20625 0.6875 0.23984375 0.040625
0 0.29140625 0.64609375 0.175 0.05234375
0 0.2796875 0.603125 0.046875 0.01953125
0 0.28203125 0.57421875 0.03125 0.02265625
0 0.1578125 0.5859375 0.08828125 0.021875
0 0.503125 0.61640625 0.11328125 0.03828125
0 0.66953125 0.60078125 0.13203125 0.03125
0 0.51640625 0.57890625 0.04375 0.0171875
0 0.30859375 0.46484375 0.00703125 0.0359375
0 0.40859375 0.43828125 0.04140625 0.03515625