0 0.0140625 0.41953125 0.028125 0.1328125
0 0.06875 0.46328125 0.04375 0.2359375
0 0.09609375 0.4671875 0.0671875 0.228125
0 0.1359375 0.55078125 0.11484375 0.44921875
0 0.2125 0.53984375 0.059375 0.40390625
0 0.2375 0.584375 0.109375 0.465625
0 0.3359375 0.6609375 0.165625 0.64765625
0 0.4296875 0.5203125 0.07890625 0.42421875
0 0.48671875 0.61484375 0.13125 0.62578125
0 0.59453125 0.6296875 0.14921875 0.6125
0 0.675 0.59765625 0.10390625 0.4703125
0 0.74375 0.66328125 0.16015625 0.56796875
0 0.86328125 0.55859375 0.128125 0.55625
0 0.95078125 0.4671875 0.06484375 0.23203125
0 0.79453125 0.42265625 0.04921875 0.18203125
0 0.72109375 0.40859375 0.0375 0.14296875
0 0.56796875 0.58515625 0.08046875 0.51953125
0 0.20078125 0.4890625 0.03828125 0.26875
0 0.3765625 0.41015625 0.0328125 0.11328125
0 0.378125 0.37578125 0.028125 0.0921875
0 0.30546875 0.3828125 0.059375 0.10703125
0 0.64453125 0.38515625 0.04453125 0.128125
0 0.696875 0.39921875 0.025 0.09609375
0 0.83046875 0.38046875 0.03046875 0.078125
0 0.88984375 0.36484375 0.0234375 0.0703125
0 0.040625 0.3734375 0.065625 0.0328125
0 0.1171875 0.38359375 0.034375 0.0625
0 0.49921875 0.37578125 0.11015625 0.09453125
0 0.76953125 0.37421875 0.0375 0.04765625
0 0.81484375 0.36484375 0.0265625 0.03671875
0 0.7375 0.38046875 0.01328125 0.040625
0 0.6359375 0.36015625 0.0203125 0.03515625
0 0.18828125 0.390625 0.06484375 0.1046875
0 0.26484375 0.36640625 0.06796875 0.0640625
0 0.39140625 0.39453125 0.0171875 0.04921875