0 0.36171875 0.4765625 0.0234375 0.04609375
0 0.3625 0.546875 0.04296875 0.13125
0 0.4078125 0.53203125 0.040625 0.20703125
0 0.428125 0.49453125 0.02109375 0.07109375
0 0.43828125 0.5046875 0.0265625 0.1453125
0 0.45703125 0.52734375 0.0515625 0.18515625
0 0.48671875 0.51640625 0.02421875 0.16328125
0 0.4953125 0.53359375 0.03828125 0.1953125
0 0.52109375 0.50625 0.0328125 0.1453125
0 0.53984375 0.5140625 0.02578125 0.14375
0 0.5484375 0.590625 0.08984375 0.309375
0 0.61328125 0.54375 0.0734375 0.2359375
0 0.71796875 0.57734375 0.0890625 0.35703125
0 0.76328125 0.55859375 0.134375 0.31796875
0 0.846875 0.5515625 0.05 0.17578125
0 0.8421875 0.5328125 0.06796875 0.20546875
0 0.97421875 0.53984375 0.05 0.23671875
0 0.821875 0.5359375 0.0375 0.16171875
0 0.53671875 0.8140625 0.1 0.196875
0 0.6234375 0.703125 0.078125 0.0953125
0 0.80546875 0.84765625 0.225 0.3046875
0 0.4171875 0.6484375 0.19140625 0.09921875
0 0.54453125 0.28671875 0.05 0.1578125
0 0.54765625 0.44296875 0.0109375 0.01875
0 0.8796875 0.41640625 0.06328125 0.05546875
0 0.69453125 0.1890625 0.1234375 0.2078125
0 0.37734375 0.4984375 0.015625 0.07109375
0 0.6234375 0.453125 0.0859375 0.06171875