0 0.790625 0.021875 0.02734375 0.034375
0 0.22265625 0.234375 0.0609375 0.12734375
0 0.26640625 0.21640625 0.08046875 0.07890625
0 0.1453125 0.265625 0.10390625 0.096875
0 0.2734375 0.28125 0.11171875 0.115625
0 0.11015625 0.38828125 0.1234375 0.16328125
0 0.2078125 0.44375 0.16875 0.22265625
0 0.3390625 0.4046875 0.09140625 0.12421875
0 0.3625 0.33671875 0.11796875 0.08359375
0 0.4 0.3046875 0.03828125 0.0390625
0 0.45 0.328125 0.1015625 0.10703125
0 0.4109375 0.49453125 0.10625 0.12265625
0 0.48125 0.5734375 0.140625 0.23203125
0 0.53125 0.67421875 0.265625 0.31796875
0 0.4125 0.428125 0.1578125 0.1796875
0 0.50390625 0.246875 0.09375 0.1234375
0 0.525 0.26875 0.08203125 0.13046875
0 0.5921875 0.2734375 0.07734375 0.10859375
0 0.6640625 0.26328125 0.0625 0.13359375
0 0.51171875 0.353125 0.125 0.103125
0 0.5515625 0.3609375 0.16015625 0.090625
0 0.6671875 0.34921875 0.10859375 0.1046875
0 0.75078125 0.3109375 0.13359375 0.07265625
0 0.853125 0.31796875 0.11328125 0.0828125
0 0.753125 0.36328125 0.1375 0.12890625
0 0.86171875 0.37734375 0.12109375 0.10390625
0 0.715625 0.3984375 0.1421875 0.11796875
0 0.60078125 0.440625 0.15234375 0.221875
0 0.81796875 0.46796875 0.1515625 0.15859375
0 0.8453125 0.0203125 0.05078125 0.040625
0 0.14765625 0.2953125 0.0578125 0.03046875