0 0.8625 0.63671875 0.1171875 0.45546875
0 0.81796875 0.65234375 0.10546875 0.43046875
0 0.78671875 0.68125 0.190625 0.54765625
0 0.68671875 0.6890625 0.1421875 0.55703125
0 0.56875 0.67890625 0.159375 0.5984375
0 0.42265625 0.67265625 0.15625 0.6015625
0 0.28671875 0.6734375 0.178125 0.59375
0 0.18359375 0.66171875 0.14765625 0.47734375
0 0.09453125 0.6375 0.171875 0.48515625
0 0.04921875 0.62578125 0.0984375 0.46171875
0 0.1609375 0.34765625 0.07109375 0.359375
0 0.2265625 0.33203125 0.09140625 0.409375
0 0.3 0.2953125 0.1203125 0.3890625
0 0.39921875 0.33359375 0.10078125 0.44921875
0 0.4703125 0.31015625 0.11640625 0.43984375
0 0.5703125 0.30859375 0.10859375 0.40625
0 0.65546875 0.3109375 0.10703125 0.43203125
0 0.7328125 0.29609375 0.11328125 0.42421875
0 0.6140625 0.140625 0.059375 0.16953125
0 0.453125 0.1421875 0.0453125 0.10703125