0 0.03203125 0.5171875 0.0578125 0.2109375
0 0.09296875 0.47734375 0.04140625 0.13046875
0 0.084375 0.59609375 0.05078125 0.21328125
0 0.13203125 0.56015625 0.1375 0.24296875
0 0.18046875 0.5203125 0.103125 0.17578125
0 0.24609375 0.62890625 0.1828125 0.31640625
0 0.30078125 0.5578125 0.08125 0.1796875
0 0.29921875 0.503125 0.02421875 0.11171875
0 0.35078125 0.6109375 0.16796875 0.25234375
0 0.36875 0.54921875 0.0921875 0.16484375
0 0.35078125 0.48359375 0.015625 0.028125
0 0.43046875 0.571875 0.1421875 0.24609375
0 0.46015625 0.521875 0.02109375 0.14453125
0 0.48203125 0.46015625 0.028125 0.04140625
0 0.5015625 0.54140625 0.078125 0.1578125
0 0.5109375 0.47421875 0.0171875 0.05703125
0 0.546875 0.53984375 0.04453125 0.1578125
0 0.54453125 0.478125 0.01328125 0.034375
0 0.51640625 0.578125 0.10703125 0.17734375
0 0.5921875 0.5515625 0.0421875 0.20390625
0 0.61171875 0.52578125 0.02421875 0.14296875
0 0.97421875 0.55234375 0.03828125 0.16328125
0 0.91953125 0.5890625 0.13515625 0.18828125
0 0.81015625 0.565625 0.08359375 0.24375
0 0.76875 0.58046875 0.1859375 0.29296875
0 0.74453125 0.59296875 0.2484375 0.3734375
0 0.64765625 0.6515625 0.26171875 0.41484375
0 0.44609375 0.46796875 0.015625 0.0203125
0 0.67109375 0.478125 0.034375 0.034375
0 0.003125 0.46640625 0.00625 0.0953125