0 0.1546875 0.2203125 0.0171875 0.05390625
0 0.11875 0.39140625 0.025 0.0890625
0 0.134375 0.45390625 0.021875 0.046875
0 0.0671875 0.16953125 0.015625 0.02890625
0 0.0859375 0.16875 0.01171875 0.0203125
0 0.30390625 0.43671875 0.0203125 0.075
0 0.32109375 0.41640625 0.0203125 0.06328125
0 0.334375 0.38359375 0.01171875 0.0203125
0 0.34140625 0.3921875 0.01640625 0.0640625
0 0.35078125 0.36875 0.0125 0.03203125
0 0.3671875 0.36171875 0.021875 0.05859375
0 0.37578125 0.36640625 0.0203125 0.05390625
0 0.3828125 0.34140625 0.0171875 0.05234375
0 0.3578125 0.5078125 0.02421875 0.03515625
0 0.36796875 0.4953125 0.0296875 0.08359375
0 0.45 0.4609375 0.02421875 0.0703125
0 0.30390625 0.2921875 0.01640625 0.0484375
0 0.3296875 0.32734375 0.0171875 0.0484375
0 0.4390625 0.7015625 0.03203125 0.134375
0 0.63359375 0.62890625 0.025 0.10703125
0 0.53203125 0.55234375 0.021875 0.09375
0 0.51796875 0.528125 0.03203125 0.08671875
0 0.51640625 0.5125 0.02734375 0.0734375
0 0.52265625 0.48046875 0.01953125 0.03515625
0 0.5421875 0.4734375 0.015625 0.05390625
0 0.5375 0.46875 0.01484375 0.0671875
0 0.571875 0.4828125 0.021875 0.07578125
0 0.5703125 0.4609375 0.0171875 0.05234375
0 0.5890625 0.478125 0.01640625 0.08046875
0 0.68515625 0.75 0.03828125 0.15703125
0 0.7203125 0.7734375 0.0484375 0.16875
0 0.778125 0.7546875 0.04765625 0.1125
0 0.76875 0.83828125 0.065625 0.25
0 0.9296875 0.684375 0.1390625 0.56953125
0 0.35859375 0.384375 0.01171875 0.05390625
0 0.33125 0.41015625 0.01484375 0.06171875
0 0.06328125 0.17265625 0.08203125 0.04375
0 0.2171875 0.25 0.03984375 0.02890625
0 0.271875 0.45859375 0.034375 0.0265625
0 0.3375 0.31640625 0.0234375 0.0640625
0 0.5828125 0.45078125 0.015625 0.05
0 0.665625 0.1078125 0.021875 0.03359375
0 0.77734375 0.0265625 0.0171875 0.03828125
0 0.92265625 0.05625 0.1546875 0.0453125
0 0.31328125 0.41796875 0.0140625 0.06328125
0 0.3703125 0.36796875 0.009375 0.0515625