0 0.11484375 0.4796875 0.165625 0.453125
0 0.17265625 0.4296875 0.084375 0.30859375
0 0.271875 0.490625 0.1390625 0.3828125
0 0.340625 0.4484375 0.05546875 0.3390625
0 0.51484375 0.5453125 0.2125 0.5359375
0 0.63125 0.47890625 0.14765625 0.41015625
0 0.8515625 0.459375 0.06171875 0.27578125
0 0.87734375 0.45078125 0.0625 0.2609375
0 0.9546875 0.46171875 0.0859375 0.29140625
0 0.025 0.34453125 0.04921875 0.12265625
0 0.046875 0.334375 0.0453125 0.05546875
0 0.98984375 0.46796875 0.0203125 0.2328125
0 0.13125 0.15078125 0.0703125 0.109375
0 0.32734375 0.15390625 0.0859375 0.10234375
0 0.52578125 0.1765625 0.04140625 0.05625
0 0.01953125 0.575 0.0390625 0.15625
0 0.3703125 0.346875 0.01171875 0.0265625
0 0.70234375 0.36875 0.040625 0.071875
0 0.6375 0.32890625 0.01875 0.034375
0 0.76875 0.3484375 0.05390625 0.06484375
0 0.05234375 0.32265625 0.05625 0.07890625
0 0.12421875 0.30390625 0.021875 0.04765625