0 0.70390625 0.31015625 0.03046875 0.07734375
0 0.809375 0.41328125 0.10078125 0.43125
0 0.95625 0.390625 0.08515625 0.2859375
0 0.8875 0.34765625 0.04609375 0.17578125
0 0.946875 0.3453125 0.034375 0.18046875
0 0.7640625 0.3484375 0.021875 0.165625
0 0.3171875 0.2640625 0.12578125 0.19609375
0 0.93359375 0.30234375 0.05625 0.09375
0 0.87109375 0.29765625 0.0140625 0.0765625
0 0.89140625 0.26796875 0.025 0.01171875
0 0.9953125 0.315625 0.009375 0.1
0 0.4578125 0.2578125 0.025 0.07890625
0 0.43046875 0.096875 0.0609375 0.04140625
0 0.5453125 0.26875 0.0515625 0.06328125
0 0.703125 0.246875 0.01953125 0.01328125