0 0.86484375 0.71015625 0.109375 0.225
0 0.95078125 0.63203125 0.0984375 0.34453125
0 0.87109375 0.55859375 0.09453125 0.21328125
0 0.83671875 0.5625 0.040625 0.19375
0 0.79375 0.5296875 0.06875 0.1671875
0 0.7984375 0.59921875 0.0703125 0.30546875
0 0.73828125 0.64921875 0.078125 0.28515625
0 0.7484375 0.52734375 0.06796875 0.13671875
0 0.7203125 0.50078125 0.028125 0.05703125
0 0.6578125 0.640625 0.078125 0.265625
0 0.6859375 0.6078125 0.0671875 0.2921875
0 0.61953125 0.54765625 0.05390625 0.1640625
0 0.60390625 0.68125 0.059375 0.2046875
0 0.55546875 0.6984375 0.08828125 0.24140625
0 0.5296875 0.64921875 0.05625 0.25
0 0.5953125 0.55078125 0.10078125 0.15859375
0 0.546875 0.49296875 0.03828125 0.084375
0 0.4796875 0.65625 0.06328125 0.30859375
0 0.44453125 0.69921875 0.06484375 0.25546875
0 0.38671875 0.6703125 0.07734375 0.33046875
0 0.44921875 0.6359375 0.0484375 0.29375
0 0.4265625 0.5125 0.04140625 0.1078125
0 0.40390625 0.62109375 0.04921875 0.31953125
0 0.3734375 0.4828125 0.03359375 0.07578125
0 0.34609375 0.63671875 0.06875 0.35703125
0 0.31640625 0.62109375 0.05546875 0.321875
0 0.29609375 0.59765625 0.03984375 0.3
0 0.22578125 0.62265625 0.1328125 0.4046875
0 0.1390625 0.58203125 0.10625 0.28359375
0 0.14375 0.65078125 0.05390625 0.2359375
0 0.11171875 0.61171875 0.0703125 0.30390625
0 0.47578125 0.4890625 0.02734375 0.034375
0 0.4859375 0.47421875 0.04609375 0.075
0 0.51875 0.50859375 0.05546875 0.10546875
0 0.66171875 0.478125 0.025 0.06015625
0 0.271875 0.57421875 0.04375 0.240625
0 0.653125 0.4953125 0.03359375 0.0484375
0 0.2015625 0.4671875 0.03203125 0.03046875