0 0.559375 0.7359375 0.29296875 0.5265625
0 0.91015625 0.7234375 0.178125 0.5484375
0 0.853125 0.64765625 0.165625 0.6203125
0 0.715625 0.65390625 0.13359375 0.4765625
0 0.43125 0.69296875 0.18125 0.6125
0 0.31875 0.66328125 0.1515625 0.5953125
0 0.10390625 0.68203125 0.14453125 0.6078125
0 0.23125 0.54375 0.07421875 0.36171875
0 0.28125 0.546875 0.05625 0.35078125
0 0.396875 0.44375 0.06171875 0.18125
0 0.57421875 0.390625 0.084375 0.1953125
0 0.63984375 0.4171875 0.0640625 0.21796875
0 0.66953125 0.54765625 0.08125 0.39296875
0 0.728125 0.39765625 0.0640625 0.09140625
0 0.7796875 0.48046875 0.11015625 0.2765625
0 0.51875 0.46640625 0.08984375 0.2265625
0 0.165625 0.4796875 0.0640625 0.26484375
0 0.2 0.4734375 0.040625 0.2203125
0 0.0203125 0.43046875 0.040625 0.11640625
0 0.04296875 0.39765625 0.0328125 0.08359375
0 0.10625 0.390625 0.0359375 0.1140625
0 0.1421875 0.38671875 0.03046875 0.10078125
0 0.35234375 0.4109375 0.03671875 0.14453125
0 0.4796875 0.375 0.071875 0.153125
0 0.59296875 0.35 0.04609375 0.08203125
0 0.73125 0.34765625 0.059375 0.10078125
0 0.79609375 0.35078125 0.07578125 0.175
0 0.915625 0.31328125 0.09140625 0.17421875
0 0.9828125 0.3578125 0.034375 0.16875
0 0.965625 0.31953125 0.03203125 0.1046875
0 0.8578125 0.3125 0.03671875 0.06484375
0 0.25625 0.409375 0.065625 0.1265625
0 0.02578125 0.45 0.0515625 0.15625
0 0.06640625 0.36171875 0.021875 0.03125
0 0.70625 0.32578125 0.03671875 0.0796875
0 0.7703125 0.33671875 0.0328125 0.08671875
0 0.83046875 0.284375 0.03046875 0.07265625
0 0.8765625 0.30625 0.03046875 0.07421875
0 0.62265625 0.325 0.028125 0.08828125
0 0.403125 0.3375 0.0453125 0.0859375
0 0.4265625 0.3640625 0.0203125 0.0796875
0 0.37734375 0.33828125 0.025 0.04921875
0 0.36640625 0.39296875 0.04140625 0.14921875
0 0.321875 0.3421875 0.0375 0.0703125
0 0.63359375 0.33046875 0.040625 0.08515625
0 0.66796875 0.34453125 0.0296875 0.0671875
0 0.684375 0.3234375 0.02578125 0.0640625
0 0.45078125 0.36171875 0.0359375 0.0859375
0 0.34375 0.3265625 0.01796875 0.0390625
0 0.5234375 0.34609375 0.034375 0.06328125
0 0.94375 0.41171875 0.09765625 0.17890625
0 0.953125 0.803125 0.09296875 0.39296875
0 0.02421875 0.809375 0.0484375 0.34921875
0 0.034375 0.36015625 0.06875 0.0265625
0 0.2375 0.33828125 0.1546875 0.05546875
0 0.42890625 0.32578125 0.034375 0.034375
0 0.4625 0.32734375 0.009375 0.0375
0 0.5015625 0.3265625 0.0203125 0.05546875
0 0.54296875 0.34375 0.0203125 0.04375
0 0.60078125 0.30703125 0.0328125 0.03984375
0 0.69609375 0.3046875 0.01328125 0.0328125
0 0.75078125 0.3203125 0.0328125 0.0515625
0 0.7765625 0.284375 0.0140625 0.0328125
0 0.84296875 0.275 0.015625 0.02421875
0 0.89453125 0.2765625 0.0140625 0.025
0 0.73046875 0.2953125 0.028125 0.0234375