0 0.2546875 0.534375 0.0703125 0.284375
0 0.3671875 0.58515625 0.034375 0.084375
0 0.5046875 0.54296875 0.03359375 0.1640625
0 0.44140625 0.6125 0.184375 0.43359375
0 0.5765625 0.61484375 0.25859375 0.45703125
0 0.746875 0.540625 0.0390625 0.1765625
0 0.7890625 0.53984375 0.04453125 0.20390625
0 0.83125 0.56640625 0.04375 0.11953125
0 0.87109375 0.54921875 0.06328125 0.20703125
0 0.95 0.5453125 0.0984375 0.359375
0 0.97421875 0.54921875 0.0515625 0.78203125
0 0.18125 0.06484375 0.04921875 0.115625
0 0.3171875 0.084375 0.0140625 0.05703125
0 0.33828125 0.07734375 0.03359375 0.10703125
0 0.3828125 0.11171875 0.03046875 0.0375
0 0.415625 0.09140625 0.03203125 0.0859375
0 0.89375 0.5265625 0.06171875 0.303125
0 0.44375 0.06640625 0.046875 0.1328125
0 0.5109375 0.06875 0.0359375 0.1375
0 0.534375 0.06796875 0.03671875 0.1359375
0 0.57109375 0.06796875 0.034375 0.1359375
0 0.86328125 0.57421875 0.02109375 0.0984375
0 0.9109375 0.57421875 0.04453125 0.140625
0 0.5859375 0.0703125 0.01484375 0.13203125