0 0.81328125 0.459375 0.10625 0.46953125
0 0.7546875 0.46875 0.09375 0.403125
0 0.7046875 0.54453125 0.0984375 0.2671875
0 0.6796875 0.40390625 0.09453125 0.38046875
0 0.6125 0.32890625 0.07265625 0.28984375
0 0.5609375 0.24375 0.06171875 0.128125
0 0.62109375 0.578125 0.08984375 0.26015625
0 0.565625 0.515625 0.11171875 0.24453125
0 0.503125 0.37890625 0.05546875 0.3984375
0 0.4375 0.3609375 0.06640625 0.4109375
0 0.4734375 0.4859375 0.08359375 0.24140625
0 0.38984375 0.4765625 0.07734375 0.2375
0 0.3953125 0.2765625 0.08671875 0.3078125
0 0.35078125 0.31015625 0.12265625 0.29609375
0 0.33984375 0.5 0.0671875 0.30078125
0 0.30390625 0.528125 0.10390625 0.3578125
0 0.2421875 0.575 0.0703125 0.3703125
0 0.1890625 0.61328125 0.1109375 0.4171875
0 0.55234375 0.41875 0.07109375 0.37890625