0 0.52890625 0.70546875 0.38984375 0.58515625
0 0.01015625 0.2375 0.0203125 0.08671875
0 0.03125 0.19921875 0.0234375 0.03984375
0 0.0234375 0.221875 0.02421875 0.03828125
0 0.03125 0.375 0.0625 0.3078125
0 0.07109375 0.28359375 0.0609375 0.171875
0 0.06484375 0.421875 0.08671875 0.39140625
0 0.13125 0.43515625 0.08359375 0.41328125
0 0.15390625 0.40546875 0.0640625 0.36953125
0 0.175 0.2609375 0.03125 0.0796875
0 0.2109375 0.41328125 0.08046875 0.41640625
0 0.215625 0.375 0.07578125 0.40234375
0 0.24609375 0.228125 0.03984375 0.0796875
0 0.26484375 0.43671875 0.0703125 0.34765625
0 0.27734375 0.28046875 0.0421875 0.1046875
0 0.3015625 0.25 0.0296875 0.09453125
0 0.33125 0.3953125 0.07578125 0.40546875
0 0.3359375 0.21640625 0.01875 0.04921875
0 0.34609375 0.45 0.09296875 0.465625
0 0.37109375 0.25078125 0.034375 0.08515625
0 0.3859375 0.38046875 0.040625 0.31484375
0 0.41953125 0.36953125 0.07890625 0.31875
0 0.45625 0.3421875 0.01640625 0.2140625
0 0.44609375 0.2265625 0.0375 0.09765625
0 0.47421875 0.3515625 0.03671875 0.18828125
0 0.49609375 0.34453125 0.0328125 0.15546875
0 0.48671875 0.26015625 0.0390625 0.1
0 0.52421875 0.29921875 0.0390625 0.1234375
0 0.54375 0.3484375 0.0625 0.2046875
0 0.571875 0.275 0.03984375 0.1015625
0 0.59765625 0.38125 0.0859375 0.2625
0 0.6078125 0.36796875 0.053125 0.3546875
0 0.64453125 0.26796875 0.03046875 0.09453125
0 0.6546875 0.38671875 0.0578125 0.34609375
0 0.6828125 0.3953125 0.0640625 0.3875
0 0.7265625 0.4375 0.07578125 0.41484375
0 0.78203125 0.4109375 0.06015625 0.35859375
0 0.77265625 0.23828125 0.05703125 0.12109375
0 0.815625 0.3546875 0.0578125 0.31484375
0 0.86953125 0.39140625 0.1234375 0.38046875
0 0.92421875 0.3734375 0.0828125 0.31875
0 0.9609375 0.3640625 0.06875 0.32578125
0 0.97421875 0.27890625 0.0359375 0.20625
0 0.9859375 0.2703125 0.0265625 0.203125
0 0.9140625 0.228125 0.0296875 0.09765625
0 0.865625 0.23515625 0.03046875 0.07265625
0 0.5078125 0.21953125 0.97421875 0.1265625