0 0.25 0.315625 0.040625 0.0828125
0 0.06953125 0.29765625 0.046875 0.08203125
0 0.04296875 0.6296875 0.025 0.10234375
0 0.05078125 0.59140625 0.009375 0.02265625
0 0.09375 0.609375 0.00859375 0.0609375
0 0.10546875 0.596875 0.01171875 0.03828125
0 0.12578125 0.6125 0.01796875 0.06015625
0 0.21796875 0.60546875 0.01171875 0.0328125
0 0.225 0.60625 0.009375 0.02890625
0 0.2515625 0.6046875 0.00859375 0.028125
0 0.2578125 0.60234375 0.0109375 0.03359375
0 0.2671875 0.61328125 0.009375 0.0375
0 0.825 0.7640625 0.1796875 0.47109375
0 0.94453125 0.76640625 0.07734375 0.3390625
0 0.95 0.70859375 0.06171875 0.2203125
0 0.0375 0.59140625 0.00234375 0.00625
0 0.29453125 0.596875 0.01875 0.0140625
0 0.7015625 0.6484375 0.03515625 0.04296875
0 0.48984375 0.5859375 0.025 0.04921875
0 0.74609375 0.5875 0.01953125 0.028125
0 0.796875 0.61328125 0.01796875 0.01171875
0 0.4265625 0.5984375 0.02265625 0.01640625