0 0.04140625 0.3625 0.0421875 0.12421875
0 0.0953125 0.4015625 0.06640625 0.18515625
0 0.10390625 0.34375 0.034375 0.07890625
0 0.0640625 0.45078125 0.1171875 0.221875
0 0.16015625 0.34375 0.0328125 0.0875
0 0.18203125 0.3578125 0.0625 0.1328125
0 0.23671875 0.33515625 0.03359375 0.07890625
0 0.25703125 0.32109375 0.03046875 0.07421875
0 0.3 0.30625 0.02578125 0.04921875
0 0.28203125 0.3625 0.03515625 0.0828125
0 0.3046875 0.43984375 0.07734375 0.22265625
0 0.325 0.353125 0.02578125 0.09453125
0 0.34375 0.3546875 0.04453125 0.12421875
0 0.3796875 0.32734375 0.02734375 0.09765625
0 0.40625 0.3359375 0.03046875 0.05703125
0 0.4453125 0.2921875 0.0359375 0.07421875
0 0.45859375 0.3296875 0.0375 0.0671875
0 0.4484375 0.23125 0.040625 0.08046875
0 0.5109375 0.3796875 0.06328125 0.15859375
0 0.5671875 0.45234375 0.0875 0.24375
0 0.6625 0.53828125 0.14140625 0.3734375
0 0.63984375 0.64765625 0.18203125 0.546875
0 0.48046875 0.5953125 0.18671875 0.31328125
0 0.25625 0.703125 0.2375 0.590625
0 0.14765625 0.52734375 0.14140625 0.27734375
0 0.246875 0.44921875 0.06171875 0.20703125
0 0.5671875 0.315625 0.0390625 0.06015625
0 0.590625 0.3359375 0.034375 0.0890625
0 0.62265625 0.32890625 0.03984375 0.06875
0 0.67265625 0.3125 0.04140625 0.07734375
0 0.63984375 0.3421875 0.05234375 0.08125
0 0.69765625 0.35859375 0.03984375 0.1078125
0 0.73984375 0.3734375 0.06484375 0.13671875
0 0.7734375 0.35234375 0.04609375 0.109375
0 0.80234375 0.396875 0.0765625 0.18046875
0 0.86640625 0.32734375 0.03359375 0.08046875
0 0.9625 0.41171875 0.07109375 0.20234375
0 0.98125 0.390625 0.0359375 0.16015625
0 0.8875 0.58671875 0.1328125 0.44765625
0 0.05 0.3109375 0.02109375 0.03359375
0 0.16640625 0.3 0.05625 0.03828125
0 0.346875 0.29453125 0.02421875 0.02890625
0 0.4109375 0.321875 0.05625 0.07890625
0 0.5078125 0.321875 0.0609375 0.0875
0 0.70546875 0.3109375 0.16953125 0.07734375
0 0.8328125 0.3359375 0.05703125 0.11796875
0 0.94296875 0.32890625 0.1140625 0.10625
0 0.978125 0.5609375 0.04296875 0.20390625
0 0.009375 0.3734375 0.01796875 0.14296875