0 0.92109375 0.74609375 0.15390625 0.5046875
0 0.81796875 0.76171875 0.27578125 0.4734375
0 0.846875 0.51015625 0.1421875 0.34140625
0 0.5953125 0.7703125 0.3171875 0.45625
0 0.6578125 0.5703125 0.15546875 0.31953125
0 0.7625 0.5109375 0.13984375 0.2296875
0 0.4125 0.74140625 0.24609375 0.5140625
0 0.08125 0.76875 0.1625 0.459375
0 0.22265625 0.79453125 0.165625 0.41015625
0 0.96953125 0.3171875 0.0609375 0.17734375
0 0.50703125 0.3671875 0.125 0.26875
0 0.49375 0.44765625 0.0859375 0.14296875
0 0.4078125 0.45703125 0.1359375 0.2125
0 0.3109375 0.63984375 0.11875 0.32109375
0 0.10390625 0.44296875 0.071875 0.07734375
0 0.209375 0.48359375 0.11796875 0.253125
0 0.06171875 0.43125 0.0609375 0.14609375
0 0.0640625 0.3484375 0.0640625 0.12734375
0 0.52109375 0.5890625 0.071875 0.12421875
0 0.01171875 0.51171875 0.02109375 0.4484375
0 0.77109375 0.3890625 0.45546875 0.271875
0 0.24921875 0.35 0.44765625 0.221875