0 0.16328125 0.68828125 0.2984375 0.61953125
0 0.909375 0.7953125 0.18125 0.409375
0 0.75234375 0.75390625 0.24609375 0.4921875
0 0.1203125 0.50390625 0.0859375 0.228125
0 0.08671875 0.51484375 0.04453125 0.265625
0 0.0359375 0.43515625 0.03203125 0.09140625
0 0.06640625 0.51015625 0.0484375 0.27890625
0 0.278125 0.50625 0.04375 0.196875
0 0.34140625 0.6046875 0.10078125 0.36328125
0 0.38828125 0.68046875 0.07734375 0.275
0 0.4515625 0.65234375 0.08671875 0.35390625
0 0.52578125 0.67890625 0.08203125 0.4328125
0 0.6140625 0.6640625 0.1171875 0.4703125
0 0.6875 0.575 0.08671875 0.36328125
0 0.4015625 0.59296875 0.084375 0.39140625
0 0.96953125 0.5125 0.0609375 0.1890625
0 0.88671875 0.58515625 0.06953125 0.290625
0 0.7296875 0.54296875 0.04609375 0.24375
0 0.75859375 0.484375 0.04453125 0.12578125
0 0.790625 0.490625 0.06328125 0.11953125
0 0.46796875 0.44375 0.0421875 0.08203125
0 0.4921875 0.49140625 0.0375 0.1140625
0 0.0359375 0.58125 0.071875 0.5375
0 0.85 0.47109375 0.05859375 0.0765625
0 0.93515625 0.471875 0.0421875 0.08984375
0 0.98828125 0.57265625 0.02109375 0.228125
0 0.84609375 0.63515625 0.053125 0.29609375
0 0.03203125 0.81015625 0.0640625 0.3765625
0 0.4265625 0.41796875 0.27109375 0.09375
0 0.753125 0.42109375 0.38203125 0.06015625