0 0.81796875 0.6359375 0.2609375 0.72578125
0 0.91953125 0.7109375 0.13515625 0.57109375
0 0.9109375 0.46328125 0.14375 0.55859375
0 0.26796875 0.653125 0.24921875 0.690625
0 0.1078125 0.66796875 0.20859375 0.66015625
0 0.4140625 0.6296875 0.16484375 0.65859375
0 0.34765625 0.4984375 0.09765625 0.36484375
0 0.28671875 0.3765625 0.06484375 0.196875
0 0.49140625 0.47734375 0.10859375 0.478125
0 0.98671875 0.56796875 0.02578125 0.4921875
0 0.5859375 0.38828125 0.05625 0.4109375
0 0.46484375 0.08203125 0.2515625 0.13203125
0 0.35234375 0.2609375 0.04609375 0.078125
0 0.02734375 0.09375 0.0546875 0.178125