0 0.83671875 0.6390625 0.14375 0.64296875
0 0.7453125 0.61640625 0.09609375 0.42890625
0 0.64609375 0.6171875 0.0859375 0.4875
0 0.61171875 0.56171875 0.04765625 0.3234375
0 0.55234375 0.66015625 0.09375 0.49453125
0 0.53125 0.65546875 0.0640625 0.3640625
0 0.50390625 0.59609375 0.04375 0.36796875
0 0.4765625 0.5640625 0.0390625 0.225
0 0.4328125 0.62421875 0.06796875 0.36640625
0 0.4109375 0.61484375 0.0359375 0.2875
0 0.38671875 0.58515625 0.05625 0.26953125
0 0.43359375 0.56640625 0.05703125 0.2640625
0 0.36796875 0.5859375 0.0359375 0.2359375
0 0.3671875 0.5640625 0.02578125 0.2140625
0 0.35 0.5984375 0.03984375 0.2859375
0 0.32421875 0.61796875 0.08203125 0.375
0 0.2921875 0.5859375 0.0390625 0.3
0 0.275 0.52421875 0.034375 0.15859375
0 0.2328125 0.51640625 0.0390625 0.11796875
0 0.2078125 0.49921875 0.03984375 0.10546875
0 0.70390625 0.83125 0.5921875 0.23046875
0 0.26484375 0.4921875 0.01875 0.0734375