0 0.0421875 0.70234375 0.084375 0.59140625
0 0.1546875 0.62578125 0.22890625 0.7453125
0 0.321875 0.63046875 0.1296875 0.525
0 0.42578125 0.6625 0.1734375 0.671875
0 0.54453125 0.6859375 0.246875 0.625
0 0.8 0.71640625 0.3203125 0.56328125
0 0.92890625 0.4921875 0.0578125 0.1015625
0 0.63828125 0.6390625 0.13671875 0.721875
0 0.7140625 0.62578125 0.07578125 0.375
0 0.78359375 0.571875 0.0765625 0.3203125
0 0.70234375 0.4625 0.03359375 0.09140625
0 0.72421875 0.44765625 0.034375 0.125
0 0.74140625 0.459375 0.03125 0.1515625
0 0.35 0.36796875 0.04453125 0.05703125
0 0.92421875 0.48671875 0.06796875 0.11328125
0 0.69296875 0.41328125 0.01640625 0.046875
0 0.0359375 0.40390625 0.071875 0.26796875
0 0.8875 0.43984375 0.03125 0.11015625
0 0.8046875 0.40859375 0.0125 0.0203125