0 0.9125 0.57421875 0.17421875 0.53671875
0 0.61640625 0.56015625 0.14296875 0.5671875
0 0.70625 0.4390625 0.128125 0.38046875
0 0.7796875 0.35 0.08984375 0.2375
0 0.96328125 0.31171875 0.0734375 0.1640625
0 0.96328125 0.253125 0.0734375 0.1640625
0 0.890625 0.2953125 0.11640625 0.34296875
0 0.78125 0.284375 0.05625 0.1859375
0 0.790625 0.18515625 0.0734375 0.15234375
0 0.67421875 0.39609375 0.09453125 0.465625
0 0.54765625 0.40703125 0.11484375 0.48125
0 0.74453125 0.175 0.04921875 0.19453125
0 0.69921875 0.19140625 0.10078125 0.1390625
0 0.7109375 0.10546875 0.04140625 0.07734375
0 0.66484375 0.175 0.05234375 0.1421875
0 0.6140625 0.20859375 0.078125 0.1984375
0 0.58046875 0.15390625 0.05625 0.13984375
0 0.70546875 0.09453125 0.046875 0.0859375
0 0.66875 0.11875 0.04375 0.09140625
0 0.6484375 0.08671875 0.028125 0.06640625
0 0.62265625 0.1 0.0484375 0.09296875
0 0.60078125 0.06796875 0.0359375 0.065625
0 0.67421875 0.0421875 0.0390625 0.084375
0 0.61796875 0.04453125 0.02265625 0.05703125
0 0.59375 0.034375 0.02734375 0.04765625
0 0.5578125 0.0609375 0.0546875 0.0859375
0 0.53359375 0.0515625 0.028125 0.0953125
0 0.50546875 0.05859375 0.040625 0.084375
0 0.49375 0.12734375 0.071875 0.15078125
0 0.49765625 0.29296875 0.05546875 0.32890625
0 0.4625 0.26953125 0.05703125 0.12421875
0 0.4390625 0.384375 0.109375 0.3109375
0 0.38828125 0.696875 0.2234375 0.60546875
0 0.17578125 0.53671875 0.18046875 0.240625
0 0.065625 0.45703125 0.13125 0.35390625
0 0.19375 0.30546875 0.1078125 0.25234375
0 0.27265625 0.303125 0.103125 0.20703125
0 0.33515625 0.55390625 0.19140625 0.61953125
0 0.3625 0.22265625 0.0953125 0.28203125
0 0.3078125 0.1796875 0.04296875 0.17890625
0 0.23125 0.26796875 0.05 0.2359375
0 0.26484375 0.1390625 0.0703125 0.1328125
0 0.17890625 0.17421875 0.08671875 0.2140625
0 0.0625 0.1109375 0.04296875 0.1140625
0 0.10078125 0.19453125 0.09375 0.26875
0 0.0203125 0.19921875 0.040625 0.0984375
0 0.0703125 0.3375 0.134375 0.36015625
0 0.228125 0.1015625 0.03828125 0.1359375
0 0.265625 0.09375 0.06953125 0.10703125
0 0.33828125 0.04765625 0.0453125 0.0953125
0 0.36953125 0.03515625 0.0359375 0.0703125
0 0.37109375 0.09140625 0.0578125 0.11484375
0 0.4375 0.14375 0.0609375 0.1734375
0 0.97734375 0.19375 0.04453125 0.10859375
0 0.57421875 0.140625 0.071875 0.04765625