0 0.74921875 0.36484375 0.0765625 0.28671875
0 0.8015625 0.32109375 0.05625 0.2125
0 0.74921875 0.33125 0.0640625 0.2546875
0 0.85546875 0.34375 0.0578125 0.26171875
0 0.88359375 0.32421875 0.0453125 0.21953125
0 0.91015625 0.30390625 0.0390625 0.21953125
0 0.9375 0.3109375 0.065625 0.2375
0 0.97265625 0.2984375 0.0515625 0.22109375
0 0.79296875 0.31875 0.0421875 0.1859375
0 0.809375 0.2375 0.028125 0.04453125
0 0.84140625 0.315625 0.0421875 0.21015625
0 0.76875 0.24609375 0.0125 0.01796875
0 0.82421875 0.2390625 0.0171875 0.0359375