0 0.009375 0.89375 0.01875 0.2125
0 0.025 0.89453125 0.0421875 0.20703125
0 0.0390625 0.80546875 0.02421875 0.06171875
0 0.04765625 0.79140625 0.02421875 0.09453125
0 0.06796875 0.89375 0.03984375 0.20859375
0 0.0671875 0.753125 0.03671875 0.1015625
0 0.09375 0.9 0.0421875 0.19609375
0 0.1078125 0.8140625 0.02734375 0.08203125
0 0.1125 0.76875 0.03046875 0.0890625
0 0.128125 0.89296875 0.0421875 0.2140625
0 0.1328125 0.80390625 0.0328125 0.07265625
0 0.140625 0.7359375 0.0375 0.0671875
0 0.14765625 0.75859375 0.0296875 0.0765625
0 0.14609375 0.80390625 0.01875 0.0765625
0 0.15703125 0.89921875 0.04453125 0.2015625
0 0.15546875 0.80859375 0.02265625 0.0671875
0 0.1890625 0.74765625 0.02265625 0.065625
0 0.19921875 0.79296875 0.03671875 0.065625
0 0.20234375 0.81484375 0.02109375 0.046875
0 0.19296875 0.88671875 0.046875 0.15078125
0 0.1875 0.93359375 0.03671875 0.12890625
0 0.203125 0.94609375 0.03671875 0.10703125
0 0.2109375 0.7625 0.0328125 0.09453125
0 0.225 0.79296875 0.02578125 0.04375
0 0.21640625 0.865625 0.0390625 0.12734375
0 0.22734375 0.74140625 0.0265625 0.04921875
0 0.23046875 0.76875 0.0203125 0.06015625
0 0.2328125 0.9359375 0.04375 0.128125
0 0.2375 0.8609375 0.0328125 0.1109375
0 0.2421875 0.80859375 0.0359375 0.078125
0 0.25859375 0.8015625 0.0234375 0.0921875
0 0.2578125 0.76328125 0.03046875 0.07109375
0 0.26953125 0.93984375 0.046875 0.11640625
0 0.26796875 0.8640625 0.0421875 0.13046875
0 0.28125 0.8140625 0.0203125 0.07109375
0 0.2859375 0.78671875 0.02265625 0.0671875
0 0.278125 0.7359375 0.02734375 0.06015625
0 0.296875 0.76796875 0.0203125 0.0765625
0 0.29765625 0.9015625 0.0328125 0.196875
0 0.31015625 0.9390625 0.03671875 0.121875
0 0.31953125 0.7546875 0.03671875 0.08359375
0 0.3140625 0.78515625 0.03359375 0.07421875
0 0.31171875 0.81875 0.02109375 0.0796875
0 0.328125 0.8765625 0.0359375 0.134375
0 0.340625 0.821875 0.02265625 0.06875
0 0.33828125 0.79140625 0.0296875 0.06875
0 0.33828125 0.75703125 0.0359375 0.0796875
0 0.35625 0.74609375 0.02890625 0.0765625
0 0.353125 0.80234375 0.01875 0.0546875
0 0.35234375 0.93828125 0.05078125 0.1234375
0 0.3578125 0.86953125 0.0359375 0.10546875
0 0.3671875 0.828125 0.01953125 0.06015625
0 0.37109375 0.79453125 0.02890625 0.08359375
0 0.384375 0.7640625 0.02265625 0.0578125
0 0.38515625 0.73671875 0.02578125 0.05078125
0 0.38515625 0.859375 0.0296875 0.1359375
0 0.3921875 0.9390625 0.0421875 0.11796875
0 0.409375 0.8828125 0.0390625 0.20546875
0 0.43125 0.93984375 0.046875 0.11640625
0 0.42890625 0.8609375 0.0421875 0.12890625
0 0.42734375 0.7859375 0.034375 0.090625
0 0.44375 0.75234375 0.02578125 0.07421875
0 0.41875 0.71484375 0.03046875 0.13828125
0 0.4734375 0.93828125 0.0390625 0.11953125
0 0.45625 0.88828125 0.03046875 0.16484375
0 0.44609375 0.79765625 0.02109375 0.034375
0 0.46640625 0.72578125 0.034375 0.06171875
0 0.47421875 0.7578125 0.0203125 0.05625
0 0.46015625 0.76171875 0.02265625 0.06015625
0 0.46640625 0.79375 0.02265625 0.06015625
0 0.47421875 0.81640625 0.0203125 0.065625
0 0.4859375 0.85625 0.0390625 0.13046875
0 0.5046875 0.9375 0.0359375 0.125
0 0.51640625 0.87109375 0.03046875 0.11640625
0 0.515625 0.815625 0.03046875 0.0671875
0 0.49765625 0.796875 0.0234375 0.08359375
0 0.50859375 0.76328125 0.02109375 0.05234375
0 0.49921875 0.7375 0.02578125 0.07109375
0 0.53125 0.73671875 0.02421875 0.065625
0 0.540625 0.76640625 0.02578125 0.06015625
0 0.525 0.790625 0.01953125 0.06328125
0 0.5390625 0.81484375 0.0328125 0.0765625
0 0.53828125 0.85859375 0.02578125 0.09453125
0 0.5359375 0.9375 0.04765625 0.121875
0 0.5734375 0.93359375 0.040625 0.12890625
0 0.5640625 0.85859375 0.0296875 0.12734375
0 0.55703125 0.78984375 0.034375 0.090625
0 0.55078125 0.71796875 0.04296875 0.103125
0 0.56875 0.765625 0.0203125 0.06171875
0 0.5796875 0.79140625 0.02265625 0.07265625
0 0.60625 0.9328125 0.03984375 0.134375
0 0.5921875 0.853125 0.046875 0.11953125
0 0.60078125 0.7140625 0.046875 0.08515625
0 0.60703125 0.78671875 0.0265625 0.078125
0 0.61953125 0.815625 0.03359375 0.06328125
0 0.61875 0.87109375 0.02109375 0.11640625
0 0.640625 0.9359375 0.04375 0.125
0 0.64140625 0.86171875 0.0296875 0.10546875
0 0.62421875 0.7921875 0.0328125 0.06015625
0 0.64140625 0.7765625 0.02578125 0.06171875
0 0.65546875 0.82421875 0.02421875 0.07265625
0 0.62421875 0.75234375 0.015625 0.03828125
0 0.63125 0.73359375 0.0359375 0.07265625
0 0.659375 0.72890625 0.03359375 0.06015625
0 0.65390625 0.7546875 0.01953125 0.0578125
0 0.65234375 0.815625 0.02578125 0.0671875
0 0.66953125 0.84921875 0.03125 0.08359375
0 0.66875 0.91953125 0.04375 0.1578125
0 0.6890625 0.8359375 0.0203125 0.05234375
0 0.67890625 0.81796875 0.0203125 0.06328125
0 0.67890625 0.771875 0.0234375 0.05234375
0 0.6890625 0.74921875 0.0421875 0.0796875
0 0.69296875 0.790625 0.02265625 0.0671875
0 0.690625 0.86484375 0.02421875 0.1140625
0 0.70078125 0.93671875 0.0390625 0.1234375
0 0.7125 0.86171875 0.0328125 0.11640625
0 0.73046875 0.940625 0.0328125 0.11875
0 0.7078125 0.81640625 0.03125 0.06875
0 0.71328125 0.86171875 0.034375 0.11953125
0 0.70546875 0.7234375 0.0234375 0.06015625
0 0.71171875 0.7734375 0.01953125 0.07265625
0 0.73828125 0.8640625 0.0359375 0.12734375
0 0.74296875 0.775 0.01875 0.0546875
0 0.74453125 0.740625 0.02265625 0.0546875
0 0.75078125 0.7921875 0.01953125 0.07421875
0 0.76171875 0.80859375 0.03359375 0.06328125
0 0.7640625 0.84375 0.0296875 0.1015625
0 0.76328125 0.94140625 0.0421875 0.1171875
0 0.8046875 0.9359375 0.05 0.125
0 0.7875 0.8890625 0.0328125 0.203125
0 0.8171875 0.88359375 0.040625 0.21796875
0 0.84140625 0.93203125 0.0375 0.1328125
0 0.784375 0.765625 0.0171875 0.0546875
0 0.79609375 0.7921875 0.02109375 0.07421875
0 0.8046875 0.7296875 0.0375 0.06171875
0 0.81875 0.7984375 0.02578125 0.08359375
0 0.82890625 0.76875 0.01875 0.06328125
0 0.834375 0.846875 0.034375 0.121875
0 0.88359375 0.92734375 0.05546875 0.14140625
0 0.86328125 0.89375 0.0390625 0.2125
0 0.85625 0.72890625 0.02421875 0.06328125
0 0.88046875 0.84140625 0.03125 0.103125
0 0.87578125 0.7421875 0.0265625 0.06875
0 0.90078125 0.8703125 0.0328125 0.16484375
0 0.90078125 0.7828125 0.0328125 0.078125
0 0.89140625 0.74765625 0.02109375 0.065625
0 0.90859375 0.75234375 0.0234375 0.07109375
0 0.9140625 0.8375 0.02734375 0.0921875
0 0.9046875 0.7171875 0.03984375 0.13828125
0 0.91875 0.93515625 0.03125 0.1296875
0 0.95078125 0.9390625 0.0421875 0.121875
0 0.98125 0.9359375 0.034375 0.125
0 0.9359375 0.86328125 0.0375 0.14375
0 0.9609375 0.85625 0.0296875 0.11953125
0 0.9796875 0.859375 0.0328125 0.10703125
0 0.934375 0.73359375 0.01875 0.05078125
0 0.92578125 0.796875 0.0296875 0.0765625
0 0.9234375 0.74609375 0.01875 0.0359375
0 0.9359375 0.78203125 0.02109375 0.0546875
0 0.9359375 0.85625 0.03671875 0.12734375
0 0.9359375 0.7375 0.02109375 0.06015625
0 0.96953125 0.80703125 0.02265625 0.05234375
0 0.9890625 0.865625 0.02109375 0.1703125
0 0.965625 0.7796875 0.03046875 0.06328125
0 0.98046875 0.765625 0.02421875 0.0546875
0 0.9625 0.7375 0.01953125 0.03828125
0 0.97265625 0.72578125 0.02109375 0.046875
0 0.9890625 0.7421875 0.02109375 0.065625
0 0.084375 0.80703125 0.02421875 0.07109375
0 0.09375 0.77734375 0.01875 0.05234375
0 0.1765625 0.7640625 0.0265625 0.06171875
0 0.24375 0.74375 0.01640625 0.03984375
0 0.40234375 0.78125 0.02265625 0.07109375
0 0.4859375 0.73671875 0.01875 0.03984375
0 0.51796875 0.73984375 0.02109375 0.03828125
0 0.5640625 0.796875 0.0203125 0.02890625
0 0.5921875 0.7578125 0.0375 0.06328125
0 0.66171875 0.784375 0.0171875 0.0578125
0 0.725 0.76484375 0.0296875 0.125
0 0.76484375 0.73984375 0.0296875 0.07421875
0 0.8578125 0.76328125 0.02109375 0.078125
0 0.8765625 0.76953125 0.01875 0.06875
0 0.82265625 0.72421875 0.0375 0.09765625
0 0.95078125 0.746875 0.02265625 0.1
0 0.98984375 0.6953125 0.0203125 0.05
0 0.99609375 0.7859375 0.0078125 0.134375
0 0.0140625 0.7828125 0.0234375 0.08515625
0 0.06875 0.78828125 0.01953125 0.0234375