0 0.10078125 0.36875 0.0625 0.27734375
0 0.16484375 0.40234375 0.075 0.4703125
0 0.215625 0.51875 0.0953125 0.5171875
0 0.21875 0.27890625 0.0671875 0.19765625
0 0.25703125 0.34375 0.05 0.2171875
0 0.30078125 0.4484375 0.08515625 0.5328125
0 0.36484375 0.38125 0.08125 0.42734375
0 0.51875 0.40625 0.07890625 0.4625
0 0.6234375 0.3703125 0.0703125 0.4203125
0 0.7015625 0.5703125 0.13046875 0.7453125
0 0.69765625 0.19609375 0.07421875 0.2171875
0 0.7296875 0.23984375 0.05703125 0.21484375
0 0.815625 0.33515625 0.06953125 0.43515625
0 0.8625 0.3390625 0.0625 0.3875
0 0.95625 0.4453125 0.08515625 0.575
0 0.0453125 0.2890625 0.02421875 0.12265625
0 0.31640625 0.2421875 0.0296875 0.0953125
0 0.95078125 0.1484375 0.08125 0.02734375
0 0.6828125 0.7625 0.62890625 0.475