0 0.2234375 0.7203125 0.06796875 0.15390625
0 0.3796875 0.74921875 0.1 0.3390625
0 0.321875 0.628125 0.046875 0.1109375
0 0.484375 0.640625 0.04140625 0.1515625
0 0.5296875 0.66796875 0.04296875 0.13125
0 0.56640625 0.66015625 0.03359375 0.1546875
0 0.5953125 0.64140625 0.04765625 0.18515625
0 0.584375 0.56875 0.0140625 0.0296875
0 0.6171875 0.6203125 0.01953125 0.13125
0 0.640625 0.6515625 0.0375 0.1828125
0 0.63984375 0.6421875 0.0390625 0.175
0 0.684375 0.65390625 0.04921875 0.1953125
0 0.68359375 0.5703125 0.03046875 0.0390625
0 0.6953125 0.56328125 0.02578125 0.05625
0 0.73125 0.57265625 0.0171875 0.0703125
0 0.75234375 0.5703125 0.015625 0.0484375
0 0.75078125 0.66796875 0.05078125 0.21640625
0 0.76796875 0.675 0.06171875 0.2296875
0 0.7890625 0.58203125 0.034375 0.09140625
0 0.81171875 0.6890625 0.04765625 0.22734375
0 0.815625 0.6296875 0.0359375 0.1921875
0 0.8390625 0.6421875 0.021875 0.17734375
0 0.8546875 0.66171875 0.04453125 0.21875
0 0.86640625 0.7125 0.06640625 0.2421875
0 0.8828125 0.59609375 0.0390625 0.0875
0 0.91484375 0.7171875 0.04609375 0.2703125
0 0.94609375 0.7359375 0.05078125 0.2796875
0 0.91875 0.5734375 0.02734375 0.06015625
0 0.9515625 0.615625 0.03671875 0.09609375
0 0.9828125 0.60390625 0.034375 0.0984375
0 0.98671875 0.6140625 0.0265625 0.0921875
0 0.97421875 0.56640625 0.028125 0.0671875
0 0.71640625 0.62421875 0.03359375 0.1359375
0 0.59453125 0.671875 0.0125 0.03359375
0 0.678125 0.56015625 0.01484375 0.03515625
0 0.89609375 0.5734375 0.02109375 0.03515625
0 0.9453125 0.54609375 0.1078125 0.0453125
0 0.22578125 0.846875 0.4515625 0.30625
0 0.725 0.846875 0.55 0.30625
0 0.4578125 0.6390625 0.03203125 0.11484375