0 0.8734375 0.525 0.175 0.68203125
0 0.775 0.52265625 0.1140625 0.578125
0 0.89765625 0.26171875 0.0625 0.12890625
0 0.71328125 0.521875 0.0984375 0.57421875
0 0.6546875 0.5390625 0.1046875 0.53359375
0 0.6 0.503125 0.084375 0.53125
0 0.54375 0.47890625 0.09375 0.56953125
0 0.29140625 0.640625 0.25078125 0.5390625
0 0.20625 0.48125 0.17109375 0.59453125
0 0.3390625 0.5 0.25078125 0.5765625
0 0.028125 0.50390625 0.05546875 0.49375
0 0.046875 0.471875 0.09375 0.4703125
0 0.159375 0.45546875 0.08125 0.39140625
0 0.46953125 0.48515625 0.0984375 0.5390625
0 0.41171875 0.49453125 0.11640625 0.59609375
0 0.1046875 0.3734375 0.0796875 0.171875
0 0.98203125 0.39609375 0.0359375 0.1765625
0 0.78359375 0.6953125 0.10078125 0.1953125
0 0.2875 0.28359375 0.0453125 0.0390625