0 0.9828125 0.6234375 0.03359375 0.43984375
0 0.96484375 0.675 0.03359375 0.340625
0 0.92890625 0.68203125 0.04921875 0.32734375
0 0.90390625 0.66796875 0.04765625 0.35
0 0.875 0.653125 0.07109375 0.38515625
0 0.81640625 0.6703125 0.06015625 0.3453125
0 0.7640625 0.66953125 0.06640625 0.36171875
0 0.659375 0.64765625 0.05234375 0.41015625
0 0.69375 0.66953125 0.0546875 0.36171875
0 0.64921875 0.6625 0.040625 0.37578125
0 0.55546875 0.65234375 0.0609375 0.40546875
0 0.559375 0.675 0.04609375 0.3546875
0 0.503125 0.64609375 0.05078125 0.4078125
0 0.44453125 0.6578125 0.04140625 0.37109375
0 0.46328125 0.6921875 0.0515625 0.3390625
0 0.36953125 0.66328125 0.06953125 0.378125
0 0.35859375 0.65 0.040625 0.3828125
0 0.325 0.6578125 0.03828125 0.37578125
0 0.996875 0.4703125 0.00625 0.03203125
0 0.915625 0.66953125 0.06953125 0.34296875
0 0.98203125 0.771875 0.03515625 0.14765625