0 0.86640625 0.48828125 0.1140625 0.34140625
0 0.7109375 0.45390625 0.0390625 0.10703125
0 0.7265625 0.3828125 0.05 0.1125
0 0.7359375 0.36015625 0.0453125 0.10546875
0 0.58359375 0.35703125 0.05625 0.1390625
0 0.26171875 0.35078125 0.05234375 0.14140625
0 0.1890625 0.35078125 0.05 0.1015625
0 0.1265625 0.37890625 0.06328125 0.23203125
0 0.07578125 0.38125 0.0484375 0.21953125
0 0.025 0.46015625 0.05 0.34453125
0 0.04765625 0.44140625 0.04765625 0.33203125
0 0.7609375 0.4609375 0.05234375 0.07890625
0 0.15390625 0.35 0.0234375 0.0890625