0 0.87421875 0.61796875 0.2515625 0.67265625
0 0.978125 0.56015625 0.04375 0.30234375
0 0.959375 0.278125 0.075 0.13828125
0 0.809375 0.34921875 0.10625 0.265625
0 0.74453125 0.68671875 0.1140625 0.359375
0 0.696875 0.5703125 0.0875 0.3
0 0.58515625 0.709375 0.1453125 0.38203125
0 0.45625 0.70234375 0.134375 0.37734375
0 0.35390625 0.69765625 0.1109375 0.36328125
0 0.25703125 0.68515625 0.1234375 0.35703125
0 0.14375 0.6921875 0.128125 0.375
0 0.0625 0.69765625 0.125 0.3953125
0 0.090625 0.52734375 0.103125 0.2046875
0 0.215625 0.50234375 0.103125 0.21796875
0 0.31171875 0.54453125 0.0796875 0.24296875
0 0.31875 0.353125 0.10625 0.35234375
0 0.415625 0.3828125 0.075 0.315625
0 0.48828125 0.36171875 0.1078125 0.3546875
0 0.60078125 0.35703125 0.0953125 0.26796875
0 0.64375 0.36328125 0.053125 0.2546875
0 0.709375 0.35 0.090625 0.2953125
0 0.62109375 0.56328125 0.0796875 0.3
0 0.5453125 0.54921875 0.096875 0.26171875
0 0.44609375 0.5296875 0.0921875 0.209375
0 0.7890625 0.496875 0.046875 0.13828125
0 0.859375 0.58515625 0.1875 0.73828125