0 0.0578125 0.8578125 0.115625 0.2796875
0 0.1234375 0.91328125 0.125 0.17265625
0 0.14140625 0.721875 0.2828125 0.55234375
0 0.41875 0.79296875 0.28125 0.41015625
0 0.65546875 0.82578125 0.2109375 0.34375
0 0.8765625 0.8671875 0.221875 0.2609375
0 0.95390625 0.846875 0.0890625 0.30078125
0 0.0921875 0.5203125 0.153125 0.3296875
0 0.1984375 0.62421875 0.153125 0.371875
0 0.28046875 0.3859375 0.1546875 0.20390625
0 0.5421875 0.6375 0.203125 0.5546875
0 0.715625 0.6828125 0.153125 0.36015625
0 0.928125 0.665625 0.13125 0.24609375
0 0.93671875 0.5390625 0.1265625 0.3484375
0 0.7375 0.55234375 0.23125 0.48359375
0 0.0453125 0.29375 0.090625 0.23671875
0 0.28203125 0.3859375 0.1546875 0.19921875
0 0.4328125 0.4421875 0.121875 0.3390625
0 0.41875 0.328125 0.153125 0.25859375
0 0.3484375 0.1828125 0.084375 0.32265625
0 0.13125 0.07734375 0.053125 0.15390625
0 0.05859375 0.0625 0.0578125 0.12109375
0 0.034375 0.146875 0.05625 0.08515625
0 0.0953125 0.13984375 0.071875 0.146875
0 0.38671875 0.215625 0.0640625 0.25625
0 0.4671875 0.13359375 0.134375 0.17265625
0 0.51953125 0.13828125 0.0953125 0.2765625
0 0.50546875 0.22734375 0.1203125 0.2609375
0 0.578125 0.42734375 0.15625 0.30546875
0 0.925 0.27734375 0.140625 0.2984375
0 0.9453125 0.1625 0.096875 0.15859375
0 0.9578125 0.10078125 0.08125 0.1921875
0 0.85078125 0.153125 0.0671875 0.215625
0 0.11015625 0.259375 0.0546875 0.10625
0 0.103125 0.084375 0.05 0.14921875
0 0.18671875 0.040625 0.0859375 0.08046875
0 0.2546875 0.03046875 0.0375 0.0609375
0 0.3453125 0.16328125 0.075 0.2984375
0 0.38515625 0.0921875 0.0734375 0.15625
0 0.76171875 0.5546875 0.1390625 0.49765625
0 0.6609375 0.39609375 0.084375 0.1703125
0 0.5484375 0.49140625 0.2 0.3484375
0 0.54140625 0.29296875 0.0734375 0.14921875
0 0.86015625 0.37890625 0.1203125 0.18046875
0 0.45 0.8140625 0.234375 0.371875
0 0.84140625 0.8375 0.3171875 0.325
0 0.0171875 0.54140625 0.034375 0.334375
0 0.11171875 0.290625 0.1296875 0.17265625
0 0.0234375 0.10625 0.046875 0.2125
0 0.29375 0.03671875 0.059375 0.0734375
0 0.7140625 0.059375 0.571875 0.11875
0 0.98203125 0.27109375 0.0359375 0.29609375
0 0.83671875 0.2265625 0.0640625 0.2109375
0 0.628125 0.38515625 0.0375 0.11171875
0 0.465625 0.2609375 0.05625 0.1421875
0 0.19375 0.3875 0.03125 0.13984375