0 0.5984375 0.8546875 0.140625 0.290625
0 0.5015625 0.7265625 0.0953125 0.26015625
0 0.35546875 0.67421875 0.08046875 0.2640625
0 0.434375 0.67109375 0.0828125 0.38125
0 0.240625 0.60078125 0.05703125 0.1984375
0 0.1375 0.5625 0.07109375 0.215625
0 0.09765625 0.64296875 0.07734375 0.2234375
0 0.5921875 0.6734375 0.1046875 0.25859375
0 0.5109375 0.59921875 0.1046875 0.22421875
0 0.690625 0.68203125 0.10078125 0.31328125
0 0.74453125 0.559375 0.071875 0.265625
0 0.91015625 0.55234375 0.0875 0.2140625
0 0.971875 0.60078125 0.05625 0.1890625
0 0.621875 0.5125 0.06953125 0.11953125
0 0.79609375 0.58203125 0.10078125 0.484375
0 0.3078125 0.4421875 0.06015625 0.134375
0 0.71484375 0.84609375 0.090625 0.2
0 0.759375 0.83359375 0.10546875 0.33203125
0 0.86796875 0.79609375 0.09609375 0.2203125
0 0.94296875 0.6640625 0.07265625 0.140625
0 0.9 0.79921875 0.12421875 0.39921875
0 0.8421875 0.69453125 0.0765625 0.253125
0 0.78984375 0.38984375 0.071875 0.11875
0 0.01875 0.515625 0.03671875 0.06796875
0 0.03984375 0.6296875 0.06796875 0.1390625
0 0.05703125 0.5515625 0.046875 0.15546875
0 0.059375 0.48359375 0.0578125 0.11796875
0 0.05703125 0.55 0.05078125 0.1390625
0 0.09296875 0.73125 0.06796875 0.21953125
0 0.1046875 0.78828125 0.07109375 0.134375
0 0.1375 0.9046875 0.1328125 0.1890625
0 0.240625 0.89296875 0.0734375 0.11953125
0 0.3171875 0.928125 0.07890625 0.13828125
0 0.20859375 0.6484375 0.07421875 0.16328125
0 0.26171875 0.67109375 0.059375 0.1546875
0 0.28515625 0.8359375 0.13984375 0.32578125
0 0.40234375 0.91171875 0.075 0.1765625
0 0.41171875 0.84921875 0.12890625 0.3
0 0.5 0.9078125 0.06640625 0.18203125
0 0.775 0.934375 0.0984375 0.13046875
0 0.303125 0.5375 0.0625 0.175
0 0.3203125 0.5515625 0.09296875 0.17578125
0 0.5515625 0.55078125 0.0828125 0.14609375
0 0.30078125 0.703125 0.09140625 0.353125
0 0.1671875 0.74921875 0.05546875 0.16796875
0 0.20625 0.69453125 0.07421875 0.12421875
0 0.9640625 0.84296875 0.07109375 0.31328125
0 0.41015625 0.28671875 0.81796875 0.5734375
0 0.8765625 0.67734375 0.0875 0.17890625