0 0.00625 0.63203125 0.01171875 0.0765625
0 0.0109375 0.6234375 0.0140625 0.03125
0 0.00546875 0.62734375 0.01015625 0.06875
0 0.034375 0.61171875 0.025 0.06875
0 0.003125 0.53046875 0.00546875 0.05078125
0 0.00390625 0.521875 0.0078125 0.05
0 0.015625 0.484375 0.0078125 0.01328125
0 0.01953125 0.51875 0.01015625 0.04765625
0 0.03046875 0.50234375 0.009375 0.03828125
0 0.034375 0.52421875 0.0109375 0.04765625
0 0.04375 0.51796875 0.0140625 0.04921875
0 0.05078125 0.5078125 0.0125 0.04765625
0 0.059375 0.521875 0.01171875 0.04609375
0 0.07265625 0.5078125 0.00859375 0.021875
0 0.08203125 0.51328125 0.01015625 0.04921875
0 0.0890625 0.5140625 0.0109375 0.04609375
0 0.09765625 0.52265625 0.0109375 0.04609375
0 0.10859375 0.5234375 0.0078125 0.04296875
0 0.1125 0.4984375 0.01171875 0.0296875
0 0.13671875 0.51953125 0.01015625 0.0515625
0 0.14609375 0.51796875 0.00859375 0.04765625
0 0.065625 0.4859375 0.01171875 0.04375
0 0.078125 0.471875 0.009375 0.0234375
0 0.0953125 0.4609375 0.00703125 0.02578125
0 0.0375 0.471875 0.01171875 0.03671875
0 0.03671875 0.4515625 0.009375 0.01875
0 0.02265625 0.45859375 0.01171875 0.03828125
0 0.05 0.465625 0.00703125 0.03203125
0 0.1484375 0.475 0.00859375 0.04296875
0 0.14921875 0.49609375 0.01015625 0.04453125
0 0.1703125 0.52421875 0.0125 0.046875
0 0.190625 0.525 0.0109375 0.0453125
0 0.20390625 0.51953125 0.0109375 0.05
0 0.209375 0.5015625 0.00625 0.0140625
0 0.2171875 0.52890625 0.01015625 0.04140625
0 0.22421875 0.52265625 0.009375 0.03984375
0 0.2453125 0.521875 0.01171875 0.05234375
0 0.26015625 0.528125 0.0109375 0.04140625
0 0.26953125 0.52421875 0.01171875 0.0453125
0 0.29609375 0.5171875 0.0109375 0.05
0 0.29921875 0.521875 0.01015625 0.03828125
0 0.303125 0.521875 0.0140625 0.0484375
0 0.32109375 0.521875 0.01484375 0.04296875
0 0.3375 0.5203125 0.0109375 0.05234375
0 0.3453125 0.521875 0.0109375 0.04453125
0 0.35625 0.5203125 0.0109375 0.04765625
0 0.3640625 0.5171875 0.009375 0.0453125
0 0.37265625 0.52109375 0.01171875 0.0484375
0 0.390625 0.51796875 0.01015625 0.04921875
0 0.40078125 0.5171875 0.01015625 0.04765625
0 0.4109375 0.51796875 0.01015625 0.04296875
0 0.42578125 0.51875 0.0109375 0.04375
0 0.43359375 0.5140625 0.00625 0.0390625
0 0.44375 0.5171875 0.01015625 0.03984375
0 0.4578125 0.52109375 0.00546875 0.03046875
0 0.46640625 0.51328125 0.01171875 0.04609375
0 0.4546875 0.48984375 0.009375 0.0390625
0 0.44296875 0.4765625 0.0078125 0.0125
0 0.3859375 0.48828125 0.0078125 0.0140625
0 0.16171875 0.48125 0.0078125 0.0390625
0 0.23828125 0.4578125 0.009375 0.02734375
0 0.26796875 0.459375 0.009375 0.0328125
0 0.2984375 0.4515625 0.009375 0.02578125
0 0.3 0.44453125 0.00703125 0.01875
0 0.39296875 0.40703125 0.00859375 0.03671875
0 0.15703125 0.3140625 0.00625 0.021875
0 0.18515625 0.3203125 0.01015625 0.0140625
0 0.19140625 0.3234375 0.01328125 0.01953125
0 0.20390625 0.325 0.00703125 0.01640625
0 0.2359375 0.315625 0.01015625 0.015625
0 0.25625 0.315625 0.009375 0.01328125
0 0.2765625 0.3203125 0.00703125 0.01640625
0 0.28984375 0.31796875 0.01171875 0.0234375
0 0.28984375 0.334375 0.00703125 0.0296875
0 0.2984375 0.334375 0.009375 0.034375
0 0.30625 0.3234375 0.00703125 0.0140625
0 0.32578125 0.3234375 0.0078125 0.01171875
0 0.33359375 0.32734375 0.00625 0.015625
0 0.34375 0.3328125 0.00546875 0.03984375
0 0.35 0.325 0.00703125 0.02109375
0 0.28359375 0.51796875 0.00703125 0.04609375
0 0.49765625 0.50859375 0.0078125 0.03984375
0 0.51484375 0.50546875 0.0109375 0.04609375
0 0.521875 0.4953125 0.00859375 0.04296875
0 0.53203125 0.49140625 0.01171875 0.040625
0 0.534375 0.484375 0.009375 0.03515625
0 0.53828125 0.45859375 0.009375 0.02578125
0 0.52265625 0.44921875 0.00625 0.0140625
0 0.51796875 0.4515625 0.00625 0.02109375
0 0.534375 0.45 0.00625 0.02421875
0 0.50234375 0.4078125 0.00703125 0.0140625
0 0.51171875 0.4078125 0.00703125 0.015625
0 0.525 0.4 0.0078125 0.02578125
0 0.5875 0.34765625 0.003125 0.0125
0 0.5953125 0.3546875 0.003125 0.01484375
0 0.59765625 0.35546875 0.003125 0.01484375
0 0.64140625 0.35859375 0.00546875 0.0171875
0 0.64609375 0.36015625 0.0046875 0.01875
0 0.69296875 0.3953125 0.00625 0.02109375
0 0.69453125 0.38125 0.00546875 0.01875
0 0.728125 0.3953125 0.00546875 0.02265625
0 0.75078125 0.43046875 0.00546875 0.03515625
0 0.746875 0.43359375 0.00546875 0.02421875
0 0.81015625 0.46015625 0.00625 0.01484375
0 0.77734375 0.51171875 0.0109375 0.04609375
0 0.8015625 0.5234375 0.01171875 0.04375
0 0.8140625 0.5328125 0.01015625 0.04375
0 0.8359375 0.5375 0.01484375 0.05078125
0 0.853125 0.5359375 0.0125 0.04921875
0 0.8578125 0.778125 0.0359375 0.1078125
0 0.9765625 0.896875 0.028125 0.10625
0 0.92578125 0.79609375 0.02421875 0.08828125
0 0.853125 0.66953125 0.0140625 0.0765625
0 0.84609375 0.6625 0.0140625 0.07109375
0 0.078125 0.51640625 0.00546875 0.040625
0 0.025 0.46171875 0.034375 0.046875
0 0.09375 0.49375 0.1046875 0.08828125
0 0.41015625 0.32265625 0.09921875 0.02265625
0 0.2984375 0.31796875 0.01328125 0.01953125
0 0.2359375 0.3203125 0.04375 0.02421875
0 0.1484375 0.321875 0.0265625 0.05078125
0 0.17421875 0.32734375 0.01640625 0.04375
0 0.240625 0.49296875 0.1765625 0.10859375
0 0.4328125 0.49296875 0.2078125 0.0546875
0 0.50625 0.43984375 0.10390625 0.05078125
0 0.5328125 0.38046875 0.0734375 0.06875
0 0.5421875 0.3375 0.01484375 0.0171875
0 0.5828125 0.34765625 0.0125 0.021875
0 0.6234375 0.3546875 0.04921875 0.028125
0 0.67265625 0.36796875 0.0375 0.0421875
0 0.71015625 0.378125 0.03203125 0.03828125
0 0.74609375 0.40390625 0.028125 0.03515625
0 0.79296875 0.45078125 0.0609375 0.0609375
0 0.86171875 0.52734375 0.165625 0.09375
0 0.92265625 0.73046875 0.15390625 0.28984375
0 0.91328125 0.13828125 0.10625 0.2765625