0 0.0984375 0.7171875 0.1 0.4453125
0 0.18046875 0.71484375 0.08515625 0.4
0 0.25546875 0.66015625 0.078125 0.3953125
0 0.3421875 0.6703125 0.08828125 0.3796875
0 0.39296875 0.6484375 0.06015625 0.35234375
0 0.46640625 0.66640625 0.08359375 0.3671875
0 0.52890625 0.55625 0.05859375 0.1578125
0 0.578125 0.64609375 0.046875 0.32265625
0 0.53046875 0.76015625 0.13203125 0.475
0 0.640625 0.59140625 0.078125 0.22265625
0 0.696875 0.57734375 0.046875 0.2046875
0 0.74765625 0.57265625 0.04140625 0.2046875
0 0.871875 0.62734375 0.0734375 0.2953125
0 0.7921875 0.75234375 0.18515625 0.48984375
0 0.0171875 0.69921875 0.034375 0.4296875
0 0.82734375 0.5390625 0.03515625 0.12265625
0 0.79453125 0.5265625 0.0484375 0.0875
0 0.77890625 0.5421875 0.028125 0.13984375
0 0.721875 0.5703125 0.0296875 0.1796875
0 0.6828125 0.5140625 0.025 0.0921875
0 0.6625 0.51015625 0.03515625 0.06484375
0 0.61328125 0.58359375 0.03671875 0.2125
0 0.58828125 0.53125 0.0265625 0.1578125
0 0.52734375 0.4890625 0.028125 0.0625
0 0.50703125 0.46484375 0.01328125 0.0453125
0 0.49765625 0.46484375 0.01171875 0.05
0 0.4859375 0.5046875 0.025 0.0703125
0 0.44140625 0.5015625 0.03359375 0.0921875
0 0.20546875 0.60390625 0.0546875 0.2671875
0 0.159375 0.63515625 0.05859375 0.31484375
0 0.134375 0.62734375 0.05859375 0.3203125
0 0.10546875 0.46640625 0.028125 0.0578125
0 0.0609375 0.525 0.03515625 0.08984375
0 0.04453125 0.5125 0.03515625 0.1296875
0 0.0109375 0.5015625 0.021875 0.1171875
0 0.553125 0.4859375 0.03671875 0.0875
0 0.52421875 0.4546875 0.025 0.0296875
0 0.28515625 0.5328125 0.01640625 0.0546875
0 0.1375 0.47890625 0.025 0.0375
0 0.12109375 0.4484375 0.11171875 0.0375
0 0.0046875 0.4484375 0.009375 0.0375
0 0.41015625 0.49609375 0.0234375 0.0625
0 0.5140625 0.52734375 0.03515625 0.0796875
0 0.6453125 0.48359375 0.053125 0.0671875