0 0.953125 0.92421875 0.06875 0.09140625
0 0.94453125 0.765625 0.1078125 0.4546875
0 0.79453125 0.64375 0.1453125 0.66484375
0 0.66484375 0.54765625 0.0984375 0.234375
0 0.56484375 0.53984375 0.2546875 0.5265625
0 0.44296875 0.56640625 0.0609375 0.178125
0 0.41796875 0.4171875 0.1265625 0.1828125
0 0.37578125 0.540625 0.1109375 0.234375
0 0.3703125 0.74453125 0.18125 0.51015625
0 0.4953125 0.82265625 0.2 0.3546875
0 0.49140625 0.73203125 0.0953125 0.25546875
0 0.65703125 0.87578125 0.2234375 0.2484375
0 0.29140625 0.62734375 0.1015625 0.234375
0 0.221875 0.4484375 0.2375 0.39609375
0 0.2296875 0.678125 0.203125 0.49453125
0 0.1421875 0.71796875 0.28125 0.5640625
0 0.13046875 0.725 0.2578125 0.55
0 0.46015625 0.6875 0.7640625 0.5828125