0 0.19375 0.790625 0.096875 0.234375
0 0.51640625 0.80625 0.115625 0.2015625
0 0.63359375 0.79609375 0.07265625 0.225
0 0.59140625 0.8109375 0.0421875 0.18984375
0 0.74453125 0.77421875 0.046875 0.14609375
0 0.81953125 0.74921875 0.03828125 0.13984375
0 0.83125 0.74140625 0.0203125 0.0953125
0 0.85859375 0.75234375 0.0265625 0.1109375
0 0.9765625 0.77578125 0.04609375 0.2640625
0 0.87421875 0.759375 0.03984375 0.16328125
0 0.940625 0.7578125 0.040625 0.14765625
0 0.95390625 0.6609375 0.03125 0.071875
0 0.77109375 0.746875 0.03046875 0.10625
0 0.75078125 0.70625 0.01640625 0.02734375
0 0.73671875 0.6984375 0.01171875 0.01796875
0 0.72734375 0.73671875 0.0234375 0.1
0 0.71015625 0.74921875 0.0328125 0.11484375
0 0.6921875 0.73125 0.01484375 0.09609375
0 0.68125 0.7375 0.01484375 0.06796875
0 0.6734375 0.70625 0.009375 0.02109375
0 0.65078125 0.71484375 0.01796875 0.04609375
0 0.6671875 0.7453125 0.02109375 0.08671875
0 0.66171875 0.6984375 0.0078125 0.015625
0 0.6546875 0.7 0.00859375 0.01640625
0 0.61875 0.7171875 0.01328125 0.02890625
0 0.60859375 0.721875 0.01328125 0.03203125
0 0.596875 0.7109375 0.009375 0.02109375
0 0.60234375 0.72890625 0.01484375 0.06796875
0 0.571875 0.765625 0.03359375 0.14921875
0 0.54140625 0.7375 0.03046875 0.0984375
0 0.51953125 0.72265625 0.02734375 0.0765625
0 0.4890625 0.7265625 0.0203125 0.0671875
0 0.59609375 0.8515625 0.2765625 0.296875
0 0.45 0.79765625 0.0546875 0.22578125
0 0.31875 0.790625 0.0515625 0.1859375
0 0.28046875 0.7859375 0.065625 0.1703125
0 0.25078125 0.7703125 0.0359375 0.1453125
0 0.240625 0.72265625 0.025 0.0703125
0 0.27109375 0.74453125 0.0203125 0.1078125
0 0.23125 0.70546875 0.01875 0.040625
0 0.175 0.70546875 0.0234375 0.0546875
0 0.21171875 0.7046875 0.01328125 0.04921875
0 0.14375 0.734375 0.025 0.096875
0 0.15859375 0.71171875 0.0140625 0.0546875
0 0.121875 0.7171875 0.01328125 0.06796875
0 0.11015625 0.7234375 0.02109375 0.09921875
0 0.084375 0.73671875 0.03046875 0.1125
0 0.05703125 0.75 0.03828125 0.13828125
0 0.01953125 0.696875 0.03359375 0.09609375
0 0.03984375 0.7328125 0.06015625 0.1234375
0 0.346875 0.7453125 0.03203125 0.10234375
0 0.33359375 0.7203125 0.01796875 0.06796875
0 0.36875 0.75 0.034375 0.12421875
0 0.39765625 0.7484375 0.02734375 0.1109375
0 0.42265625 0.734375 0.01875 0.0703125
0 0.43671875 0.7296875 0.015625 0.06171875
0 0.309375 0.7265625 0.01640625 0.0734375
0 0.2765625 0.7015625 0.0140625 0.034375
0 0.2953125 0.703125 0.01171875 0.02265625
0 0.3234375 0.696875 0.00859375 0.01484375
0 0.40859375 0.721875 0.01015625 0.0625
0 0.059375 0.7390625 0.03671875 0.1171875
0 0.25859375 0.68828125 0.021875 0.009375
0 0.30625 0.68359375 0.01796875 0.01171875
0 0.38125 0.7 0.0203125 0.02265625
0 0.41484375 0.7125 0.00859375 0.04375
0 0.43203125 0.69375 0.025 0.01640625
0 0.39921875 0.69453125 0.0125 0.01484375
0 0.47265625 0.6953125 0.025 0.01953125
0 0.50546875 0.69765625 0.009375 0.01796875
0 0.55859375 0.69921875 0.02109375 0.01953125
0 0.71484375 0.70390625 0.00625 0.01796875
0 0.61875 0.69921875 0.009375 0.00859375
0 0.5875 0.6953125 0.01015625 0.01328125
0 0.16953125 0.68515625 0.0125 0.015625
0 0.01875 0.790625 0.03671875 0.234375
0 0.3046875 0.86484375 0.0796875 0.03359375
0 0.38515625 0.803125 0.04453125 0.021875
0 0.7359375 0.83671875 0.0390625 0.015625
0 0.5953125 0.8890625 0.04140625 0.02421875