0 0.89140625 0.67265625 0.04765625 0.6515625
0 0.84453125 0.6078125 0.05 0.50859375
0 0.8046875 0.5796875 0.0296875 0.43984375
0 0.78203125 0.58203125 0.03671875 0.515625
0 0.7421875 0.4171875 0.034375 0.190625
0 0.74296875 0.634375 0.040625 0.5640625
0 0.63046875 0.6390625 0.0453125 0.71875
0 0.5890625 0.68046875 0.05859375 0.63671875
0 0.55234375 0.6765625 0.07109375 0.64375
0 0.52109375 0.6453125 0.05 0.65859375
0 0.4734375 0.65078125 0.06015625 0.69609375
0 0.44140625 0.68046875 0.059375 0.6390625
0 0.3875 0.68515625 0.05 0.6265625
0 0.35625 0.6828125 0.046875 0.63203125
0 0.3046875 0.665625 0.05078125 0.665625
0 0.26015625 0.63828125 0.04375 0.68359375
0 0.21796875 0.6609375 0.06015625 0.67578125
0 0.23828125 0.3765625 0.0296875 0.14375
0 0.21171875 0.353125 0.03671875 0.13515625
0 0.20234375 0.39921875 0.0203125 0.17109375
0 0.175 0.603125 0.03828125 0.5484375
0 0.16953125 0.3640625 0.03359375 0.13515625
0 0.15625 0.36875 0.0125 0.08671875
0 0.1359375 0.359375 0.0125 0.09453125
0 0.14609375 0.584375 0.03359375 0.51953125
0 0.12265625 0.615625 0.03984375 0.6125
0 0.1046875 0.684375 0.02734375 0.625
0 0.0875 0.68359375 0.03515625 0.63203125
0 0.07421875 0.684375 0.059375 0.63125
0 0.05390625 0.36875 0.0140625 0.0515625
0 0.071875 0.34765625 0.021875 0.115625
0 0.0828125 0.3953125 0.02578125 0.1921875
0 0.0984375 0.34453125 0.00859375 0.0515625
0 0.10546875 0.33671875 0.02734375 0.13671875