0 0.74296875 0.84609375 0.0578125 0.1765625
0 0.775 0.79375 0.0375 0.06328125
0 0.58515625 0.79296875 0.0265625 0.0984375
0 0.578125 0.7703125 0.0125 0.0578125
0 0.55078125 0.79296875 0.0203125 0.090625
0 0.53515625 0.79140625 0.0328125 0.10859375
0 0.49609375 0.8234375 0.0765625 0.19296875
0 0.48515625 0.81328125 0.0421875 0.18515625
0 0.45390625 0.8078125 0.0421875 0.1953125
0 0.4234375 0.81328125 0.065625 0.196875
0 0.39140625 0.80078125 0.0421875 0.17265625
0 0.3640625 0.8 0.025 0.14140625
0 0.34296875 0.803125 0.0421875 0.15625
0 0.3046875 0.784375 0.05625 0.196875
0 0.26015625 0.7765625 0.0484375 0.1890625
0 0.2125 0.78203125 0.059375 0.16015625
0 0.2421875 0.71328125 0.028125 0.071875
0 0.965625 0.81796875 0.065625 0.046875
0 0.059375 0.75703125 0.05625 0.215625
0 0.2921875 0.69921875 0.221875 0.05546875
0 0.4203125 0.72890625 0.015625 0.0328125
0 0.4484375 0.7328125 0.0125 0.02890625
0 0.81875 0.7546875 0.015625 0.0265625
0 0.725 0.93671875 0.046875 0.02890625
0 0.38984375 0.9125 0.1453125 0.03515625
0 0.22421875 0.8671875 0.1203125 0.03515625
0 0.56953125 0.8390625 0.0546875 0.01875
0 0.2328125 0.8078125 0.021875 0.02265625
0 0.1859375 0.78984375 0.021875 0.0265625