0 0.0875 0.4625 0.121875 0.27109375
0 0.11640625 0.4859375 0.13671875 0.26328125
0 0.2125 0.52578125 0.0578125 0.27109375
0 0.128125 0.52890625 0.121875 0.29921875
0 0.1828125 0.50625 0.034375 0.24765625
0 0.2109375 0.50625 0.078125 0.25625
0 0.29609375 0.50390625 0.1359375 0.2859375
0 0.33203125 0.51171875 0.065625 0.26171875
0 0.378125 0.46328125 0.07421875 0.33203125
0 0.41875 0.55625 0.0796875 0.2234375
0 0.44453125 0.425 0.0375 0.040625
0 0.4484375 0.49375 0.0453125 0.25234375
0 0.47421875 0.52421875 0.059375 0.25234375
0 0.5328125 0.5453125 0.14296875 0.259375
0 0.559375 0.51328125 0.0578125 0.26171875
0 0.59609375 0.53359375 0.05390625 0.21796875
0 0.63671875 0.571875 0.0578125 0.1703125
0 0.640625 0.45859375 0.04140625 0.0859375
0 0.6796875 0.4953125 0.09921875 0.22890625
0 0.734375 0.49375 0.06484375 0.25
0 0.75703125 0.5625 0.07109375 0.22890625
0 0.82109375 0.56015625 0.07578125 0.234375
0 0.87421875 0.5484375 0.09921875 0.2734375
0 0.3046875 0.39375 0.021875 0.059375
0 0.4390625 0.41328125 0.04296875 0.03828125
0 0.53203125 0.40703125 0.05546875 0.04921875
0 0.36796875 0.61328125 0.3890625 0.10703125
0 0.7078125 0.521875 0.040625 0.25
0 0.81015625 0.56171875 0.0796875 0.215625