0 0.7546875 0.61484375 0.14140625 0.33046875
0 0.571875 0.64765625 0.11015625 0.24921875
0 0.5296875 0.59375 0.146875 0.32421875
0 0.33671875 0.5890625 0.15703125 0.33515625
0 0.18125 0.52109375 0.0796875 0.12265625
0 0.075 0.53046875 0.04453125 0.11875
0 0.57734375 0.39921875 0.02265625 0.053125
0 0.54453125 0.41015625 0.01953125 0.0296875
0 0.60390625 0.41328125 0.025 0.02578125
0 0.8640625 0.471875 0.01015625 0.0203125
0 0.86953125 0.47890625 0.009375 0.03828125
0 0.8046875 0.65390625 0.06484375 0.1921875
0 0.8484375 0.47734375 0.0109375 0.0359375
0 0.76484375 0.421875 0.01015625 0.0234375
0 0.72265625 0.41875 0.0140625 0.02421875
0 0.70703125 0.41796875 0.021875 0.0265625
0 0.68359375 0.41640625 0.01640625 0.025
0 0.6234375 0.41484375 0.0296875 0.02734375
0 0.9921875 0.4640625 0.015625 0.025
0 0.846875 0.48359375 0.0078125 0.034375
0 0.74296875 0.41953125 0.01875 0.02578125
0 0.790625 0.41796875 0.0265625 0.0328125
0 0.66328125 0.4140625 0.0265625 0.0296875
0 0.56328125 0.4078125 0.02109375 0.03515625