0 0.20859375 0.25390625 0.0453125 0.23828125
0 0.2203125 0.23984375 0.04375 0.2296875
0 0.26484375 0.25859375 0.07265625 0.18671875
0 0.29375 0.2515625 0.05234375 0.2265625
0 0.13984375 0.6921875 0.2796875 0.41484375
0 0.08359375 0.56796875 0.1421875 0.2296875
0 0.2359375 0.53671875 0.15234375 0.30703125
0 0.4234375 0.49921875 0.1640625 0.271875
0 0.44140625 0.709375 0.2171875 0.421875
0 0.53984375 0.49296875 0.15234375 0.30703125
0 0.6515625 0.63828125 0.21875 0.36328125
0 0.715625 0.51640625 0.20859375 0.2796875
0 0.85859375 0.58828125 0.2203125 0.30703125
0 0.72265625 0.28828125 0.05234375 0.0765625
0 0.7828125 0.26328125 0.07734375 0.36640625
0 0.8421875 0.2828125 0.08984375 0.38515625
0 0.93046875 0.28359375 0.0984375 0.35
0 0.965625 0.2546875 0.06875 0.3
0 0.9703125 0.2609375 0.04765625 0.271875
0 0.9890625 0.2609375 0.02109375 0.2515625
0 0.63984375 0.1578125 0.02265625 0.04140625