0 0.2265625 0.63984375 0.065625 0.303125
0 0.98203125 0.5453125 0.03359375 0.1953125
0 0.60390625 0.540625 0.02109375 0.1203125
0 0.5921875 0.54609375 0.03515625 0.12734375
0 0.55859375 0.54609375 0.04453125 0.14453125
0 0.5765625 0.5375 0.01796875 0.11953125
0 0.53515625 0.5421875 0.02734375 0.1234375
0 0.5015625 0.5265625 0.02421875 0.10546875
0 0.44765625 0.534375 0.03515625 0.10546875
0 0.403125 0.54453125 0.0453125 0.1140625
0 0.36015625 0.5484375 0.0421875 0.1421875
0 0.415625 0.5375 0.02578125 0.1171875
0 0.39453125 0.5328125 0.025 0.11171875
0 0.42890625 0.52734375 0.0171875 0.0828125
0 0.4265625 0.52109375 0.0171875 0.0703125
0 0.4203125 0.5390625 0.01484375 0.0625
0 0.375 0.53046875 0.02109375 0.1015625
0 0.30390625 0.55 0.03125 0.12109375
0 0.27421875 0.55 0.03046875 0.12109375
0 0.31640625 0.5390625 0.0109375 0.08046875
0 0.2890625 0.5078125 0.01640625 0.0390625
0 0.25859375 0.525 0.01328125 0.0625
0 0.253125 0.51171875 0.0140625 0.05234375
0 0.275 0.50859375 0.0125 0.046875
0 0.21484375 0.503125 0.01171875 0.03359375
0 0.203125 0.56875 0.0375 0.14765625
0 0.18125 0.51328125 0.0234375 0.05
0 0.15546875 0.55625 0.04453125 0.14296875
0 0.171875 0.5484375 0.01875 0.1265625
0 0.13515625 0.5484375 0.02578125 0.11953125
0 0.13203125 0.50859375 0.01640625 0.05
0 0.0953125 0.5828125 0.05546875 0.17890625
0 0.11875 0.51171875 0.01484375 0.040625
0 0.11015625 0.49140625 0.0125 0.01328125
0 0.071875 0.54375 0.02265625 0.11015625
0 0.04921875 0.578125 0.04765625 0.1703125
0 0.02265625 0.5796875 0.04453125 0.171875
0 0.0796875 0.46328125 0.0359375 0.10078125
0 0.08203125 0.53125 0.01015625 0.06484375
0 0.996875 0.53828125 0.00625 0.08046875
0 0.4390625 0.49140625 0.00703125 0.01484375
0 0.284375 0.4296875 0.03359375 0.05859375
0 0.3140625 0.49453125 0.0125 0.0125
0 0.296875 0.4984375 0.00859375 0.01328125
0 0.29140625 0.49296875 0.00390625 0.00859375
0 0.2734375 0.4859375 0.0078125 0.00703125
0 0.22890625 0.4890625 0.0203125 0.009375
0 0.171875 0.49609375 0.01015625 0.015625
0 0.1484375 0.50078125 0.0078125 0.01484375
0 0.13125 0.4859375 0.00859375 0.00703125
0 0.1 0.49609375 0.00859375 0.01171875
0 0.1734375 0.42265625 0.02421875 0.06484375
0 0.1453125 0.42578125 0.01875 0.0625
0 0.20625 0.48984375 0.00625 0.009375
0 0.54609375 0.24609375 0.0234375 0.10859375