0 0.1265625 0.59453125 0.0828125 0.309375
0 0.2046875 0.7234375 0.075 0.4765625
0 0.24765625 0.4953125 0.0875 0.17421875
0 0.25390625 0.71015625 0.14765625 0.57578125
0 0.3765625 0.75703125 0.10390625 0.46796875
0 0.3984375 0.7171875 0.05390625 0.446875
0 0.4859375 0.753125 0.0875 0.428125
0 0.534375 0.73359375 0.09375 0.2890625
0 0.58046875 0.74921875 0.06875 0.20546875
0 0.6078125 0.6984375 0.0359375 0.12734375
0 0.6578125 0.7921875 0.1140625 0.321875
0 0.703125 0.7890625 0.0640625 0.38125
0 0.87109375 0.7046875 0.1125 0.23671875
0 0.4703125 0.6671875 0.1046875 0.2484375