0 0.096875 0.53046875 0.19375 0.7578125
0 0.13359375 0.49765625 0.1875 0.69765625
0 0.24296875 0.56171875 0.14765625 0.66328125
0 0.26484375 0.23046875 0.11328125 0.2578125
0 0.35 0.2453125 0.10234375 0.19375
0 0.3375 0.5640625 0.1265625 0.5828125
0 0.428125 0.49453125 0.096875 0.61328125
0 0.4734375 0.5125 0.209375 0.71171875
0 0.6359375 0.48203125 0.23359375 0.66484375
0 0.678125 0.47734375 0.14453125 0.72109375
0 0.79375 0.49609375 0.359375 0.78984375
0 0.88984375 0.5484375 0.17265625 0.89453125