0 0.096875 0.24375 0.0390625 0.18125
0 0.13984375 0.25078125 0.034375 0.16484375
0 0.24296875 0.51484375 0.175 0.7890625
0 0.3421875 0.35625 0.121875 0.3140625
0 0.34375 0.6109375 0.1234375 0.5703125
0 0.41875 0.6578125 0.10078125 0.28828125
0 0.40625 0.2390625 0.0765625 0.221875
0 0.45546875 0.384375 0.12578125 0.375
0 0.54765625 0.565625 0.140625 0.63828125
0 0.52265625 0.478125 0.25625 0.75
0 0.6859375 0.51953125 0.19296875 0.6796875
0 0.7546875 0.5703125 0.13046875 0.609375
0 0.91015625 0.09921875 0.01953125 0.04609375