0 0.33671875 0.6296875 0.0890625 0.73515625
0 0.390625 0.59375 0.065625 0.5921875
0 0.46484375 0.60390625 0.07734375 0.5625
0 0.49765625 0.47890625 0.046875 0.3625
0 0.5171875 0.3265625 0.03515625 0.17265625
0 0.6171875 0.61640625 0.08828125 0.57265625
0 0.67109375 0.35 0.028125 0.1796875
0 0.76328125 0.4328125 0.0453125 0.3046875
0 0.79921875 0.43984375 0.04921875 0.3296875
0 0.81328125 0.43984375 0.01796875 0.2703125
0 0.83984375 0.4359375 0.0359375 0.3125
0 0.828125 0.35 0.02734375 0.1953125
0 0.87734375 0.44140625 0.0453125 0.32265625
0 0.97890625 0.4140625 0.03984375 0.2671875
0 0.5109375 0.90390625 0.31015625 0.0671875