0 0.09609375 0.6609375 0.1921875 0.65390625
0 0.15390625 0.4546875 0.0765625 0.1515625
0 0.25234375 0.5109375 0.05859375 0.2515625
0 0.3015625 0.6078125 0.11015625 0.50625
0 0.365625 0.6828125 0.2171875 0.63359375
0 0.41640625 0.43828125 0.02890625 0.075
0 0.453125 0.4640625 0.03046875 0.125
0 0.52578125 0.60390625 0.15078125 0.590625
0 0.57890625 0.60390625 0.0671875 0.4203125
0 0.60078125 0.3953125 0.06015625 0.08828125
0 0.640625 0.6609375 0.19375 0.67421875
0 0.6859375 0.3859375 0.0515625 0.11328125
0 0.7578125 0.61328125 0.1515625 0.596875
0 0.83125 0.503125 0.10234375 0.3703125
0 0.909375 0.62578125 0.18046875 0.74765625
0 0.80078125 0.365625 0.3984375 0.09765625
0 0.43671875 0.4375 0.02734375 0.078125
0 0.01015625 0.50234375 0.01953125 0.0765625