0 0.90625 0.5265625 0.090625 0.3
0 0.71640625 0.6828125 0.1078125 0.46640625
0 0.765625 0.578125 0.071875 0.384375
0 0.30390625 0.85234375 0.1640625 0.290625
0 0.5125 0.7625 0.125 0.47109375
0 0.58671875 0.72265625 0.0984375 0.44765625
0 0.5984375 0.57734375 0.10625 0.33515625
0 0.6234375 0.490625 0.090625 0.27421875
0 0.584375 0.4015625 0.034375 0.11484375
0 0.446875 0.6390625 0.075 0.3421875
0 0.47890625 0.51015625 0.0640625 0.2109375
0 0.32734375 0.63671875 0.0890625 0.375
0 0.43359375 0.4359375 0.0453125 0.196875
0 0.4609375 0.396875 0.0375 0.15703125
0 0.271875 0.54765625 0.084375 0.31875
0 0.33203125 0.4640625 0.0359375 0.103125
0 0.178125 0.58515625 0.0625 0.290625
0 0.12890625 0.60078125 0.0703125 0.30234375
0 0.03359375 0.53046875 0.0484375 0.15234375
0 0.0625 0.59375 0.065625 0.29296875
0 0.03359375 0.61328125 0.0671875 0.328125
0 0.42265625 0.3359375 0.0421875 0.10078125
0 0.32421875 0.41328125 0.0546875 0.09609375
0 0.2421875 0.5078125 0.040625 0.2390625
0 0.1984375 0.4640625 0.05625 0.1171875
0 0.1046875 0.56171875 0.040625 0.253125
0 0.340625 0.384375 0.028125 0.075
0 0.3046875 0.34296875 0.046875 0.10546875
0 0.32421875 0.30078125 0.0390625 0.08671875
0 0.428125 0.2578125 0.021875 0.065625
0 0.41640625 0.2765625 0.0171875 0.028125
0 0.40078125 0.26484375 0.0234375 0.1125
0 0.346875 0.22734375 0.025 0.0609375
0 0.35 0.33359375 0.015625 0.14765625
0 0.3078125 0.27890625 0.01875 0.0796875
0 0.33359375 0.253125 0.0234375 0.0609375
0 0.2859375 0.346875 0.028125 0.15
0 0.22265625 0.471875 0.0421875 0.19921875
0 0.25546875 0.35 0.0328125 0.06796875
0 0.23203125 0.37109375 0.0328125 0.08671875
0 0.1265625 0.43671875 0.05625 0.11484375
0 0.07890625 0.5078125 0.0453125 0.234375
0 0.03984375 0.44609375 0.0546875 0.09609375
0 0.03125 0.40859375 0.05 0.10546875
0 0.07109375 0.2609375 0.0328125 0.10546875
0 0.128125 0.2515625 0.025 0.05390625
0 0.17109375 0.29609375 0.0296875 0.10546875
0 0.18984375 0.271875 0.0296875 0.05625
0 0.73671875 0.3453125 0.0953125 0.17109375
0 0.5421875 0.33359375 0.0625 0.18515625
0 0.32578125 0.365625 0.0671875 0.09375
0 0.4296875 0.21640625 0.01875 0.03515625
0 0.38984375 0.21328125 0.0171875 0.0328125
0 0.25859375 0.378125 0.0203125 0.02109375
0 0.10546875 0.34921875 0.2109375 0.0984375
0 0.23359375 0.2953125 0.1109375 0.0609375
0 0.16328125 0.42421875 0.0234375 0.0515625
0 0.1 0.4109375 0.03125 0.03046875