0 0.48203125 0.803125 0.11328125 0.390625
0 0.54453125 0.7265625 0.03671875 0.23125
0 0.59296875 0.69375 0.03359375 0.12421875
0 0.64609375 0.68828125 0.06484375 0.09609375
0 0.3078125 0.78828125 0.07578125 0.3796875
0 0.34140625 0.771875 0.0421875 0.321875
0 0.22890625 0.78984375 0.04921875 0.334375
0 0.24296875 0.7703125 0.05234375 0.30625
0 0.23515625 0.746875 0.0609375 0.2796875
0 0.11328125 0.778125 0.10546875 0.39921875
0 0.1703125 0.75078125 0.046875 0.2671875
0 0.19140625 0.740625 0.02890625 0.24609375
0 0.0484375 0.73671875 0.08125 0.27265625
0 0.01875 0.6921875 0.03046875 0.1171875
0 0.03671875 0.6546875 0.0140625 0.0359375
0 0.01328125 0.646875 0.01015625 0.021875
0 0.19296875 0.71484375 0.0265625 0.16875
0 0.41796875 0.771875 0.046875 0.271875
0 0.428125 0.66171875 0.03515625 0.1046875
0 0.63359375 0.72265625 0.0296875 0.14609375
0 0.66796875 0.6703125 0.02109375 0.04921875
0 0.6921875 0.690625 0.0234375 0.0828125
0 0.71171875 0.68984375 0.02265625 0.0828125
0 0.74765625 0.66015625 0.0140625 0.03203125
0 0.73359375 0.68671875 0.03046875 0.08671875
0 0.7234375 0.68984375 0.01875 0.0796875
0 0.7 0.66484375 0.01015625 0.02109375
0 0.70078125 0.69140625 0.01171875 0.07265625
0 0.70703125 0.66171875 0.00859375 0.01171875
0 0.63046875 0.66640625 0.00703125 0.0171875
0 0.975 0.671875 0.04296875 0.06171875
0 0.99140625 0.67421875 0.015625 0.0546875
0 0.7203125 0.6921875 0.01484375 0.07734375
0 0.55703125 0.73671875 0.03671875 0.17734375
0 0.134375 0.6296875 0.00703125 0.0140625
0 0.44609375 0.57265625 0.07890625 0.05625
0 0.98046875 0.6640625 0.015625 0.034375
0 0.94921875 0.57578125 0.0109375 0.04375