0 0.02265625 0.7921875 0.0453125 0.41015625
0 0.015625 0.58828125 0.02265625 0.04765625
0 0.05625 0.76953125 0.07890625 0.4359375
0 0.1046875 0.615625 0.06953125 0.103125
0 0.09921875 0.6109375 0.0640625 0.0953125
0 0.18203125 0.74765625 0.20234375 0.50390625
0 0.23125 0.5921875 0.0515625 0.09453125
0 0.2671875 0.65078125 0.05078125 0.21875
0 0.290625 0.66171875 0.04765625 0.21484375
0 0.31015625 0.66953125 0.03984375 0.23359375
0 0.32890625 0.66640625 0.04609375 0.25234375
0 0.35078125 0.74296875 0.0828125 0.38984375
0 0.375 0.5734375 0.0296875 0.0859375
0 0.39375 0.66796875 0.0421875 0.26484375
0 0.41484375 0.71796875 0.065625 0.30859375
0 0.440625 0.68984375 0.0484375 0.28125
0 0.46484375 0.70703125 0.1203125 0.31640625
0 0.49765625 0.775 0.12421875 0.44921875
0 0.51484375 0.51953125 0.0234375 0.07890625
0 0.515625 0.53359375 0.02265625 0.05234375
0 0.4609375 0.52890625 0.028125 0.05859375
0 0.4921875 0.53203125 0.0296875 0.053125
0 0.52578125 0.54453125 0.03828125 0.0484375
0 0.53671875 0.52265625 0.02734375 0.07109375
0 0.55625 0.51953125 0.02265625 0.08046875
0 0.58046875 0.51953125 0.02578125 0.05625
0 0.540625 0.62578125 0.04375 0.1421875
0 0.56875 0.60625 0.034375 0.1234375
0 0.5875 0.66015625 0.071875 0.275
0 0.62421875 0.646875 0.03203125 0.19375
0 0.6609375 0.671875 0.0640625 0.2953125
0 0.67421875 0.55546875 0.015625 0.03515625
0 0.7078125 0.7 0.08984375 0.29453125
0 0.72109375 0.665625 0.05390625 0.2828125
0 0.73671875 0.65546875 0.0328125 0.20859375
0 0.77578125 0.67578125 0.06171875 0.28515625
0 0.8015625 0.64765625 0.05 0.21328125
0 0.84296875 0.70234375 0.103125 0.31171875
0 0.890625 0.66953125 0.05546875 0.27421875
0 0.9328125 0.72265625 0.07734375 0.340625
0 0.965625 0.6890625 0.059375 0.2984375
0 0.98359375 0.6296875 0.03046875 0.209375
0 0.00234375 0.60078125 0.0046875 0.01640625
0 0.03828125 0.59140625 0.02890625 0.05234375
0 0.09765625 0.5796875 0.02265625 0.0375
0 0.2109375 0.5765625 0.0140625 0.0328125
0 0.2421875 0.57265625 0.0109375 0.025
0 0.29453125 0.565625 0.0109375 0.02421875
0 0.4265625 0.56015625 0.01484375 0.01953125
0 0.4796875 0.54609375 0.0640625 0.1234375
0 0.5359375 0.5 0.03984375 0.040625
0 0.53671875 0.5859375 0.0484375 0.08828125
0 0.63203125 0.70703125 0.03046875 0.0296875
0 0.62421875 0.57890625 0.06171875 0.0625
0 0.74375 0.584375 0.03359375 0.084375
0 0.753125 0.7140625 0.01953125 0.07734375
0 0.79765625 0.61640625 0.0203125 0.0734375
0 0.996875 0.54921875 0.00625 0.02734375
0 0.9046875 0.75625 0.03828125 0.0609375
0 0.88984375 0.5703125 0.103125 0.0671875
0 0.965625 0.55078125 0.021875 0.03203125
0 0.82734375 0.73828125 0.04609375 0.046875