0 0.3015625 0.83515625 0.21796875 0.325
0 0.1203125 0.840625 0.15703125 0.246875
0 0.37109375 0.7390625 0.1296875 0.23125
0 0.271875 0.7171875 0.07734375 0.15703125
0 0.184375 0.721875 0.103125 0.19765625
0 0.078125 0.68515625 0.1 0.159375
0 0.02734375 0.69296875 0.0546875 0.1984375
0 0.41875 0.68515625 0.07578125 0.20390625
0 0.33125 0.63671875 0.04765625 0.0984375
0 0.2703125 0.64140625 0.07734375 0.134375
0 0.20625 0.63125 0.06875 0.10546875
0 0.1375 0.65 0.0625 0.14375
0 0.0765625 0.6296875 0.0703125 0.103125
0 0.03046875 0.6078125 0.04609375 0.08515625
0 0.4453125 0.64375 0.0640625 0.14375
0 0.375 0.603125 0.05390625 0.071875
0 0.31640625 0.60234375 0.04140625 0.0828125
0 0.275 0.5953125 0.059375 0.07421875
0 0.2265625 0.6078125 0.04765625 0.09453125
0 0.165625 0.58984375 0.0390625 0.08046875
0 0.11875 0.603125 0.04296875 0.08984375
0 0.10234375 0.52578125 0.028125 0.078125
0 0.10859375 0.55703125 0.0296875 0.05625
0 0.1421875 0.5625 0.01953125 0.040625
0 0.44296875 0.55859375 0.0328125 0.04453125
0 0.41796875 0.56171875 0.0359375 0.0515625
0 0.3734375 0.5765625 0.04453125 0.071875
0 0.321875 0.571875 0.04609375 0.071875
0 0.29609375 0.571875 0.028125 0.08515625
0 0.25859375 0.54921875 0.02265625 0.040625
0 0.2296875 0.54921875 0.0265625 0.05390625
0 0.20625 0.56484375 0.0265625 0.05390625
0 0.17890625 0.51875 0.02421875 0.09609375
0 0.203125 0.5265625 0.0296875 0.0765625
0 0.21484375 0.5 0.01796875 0.03125
0 0.4921875 0.525 0.0265625 0.03125
0 0.46875 0.525 0.01796875 0.0265625
0 0.9421875 0.85390625 0.11171875 0.278125
0 0.76015625 0.85234375 0.31484375 0.29140625
0 0.78671875 0.73203125 0.1046875 0.2265625
0 0.8796875 0.69140625 0.103125 0.17734375
0 0.959375 0.75234375 0.07734375 0.21328125
0 0.984375 0.6515625 0.03125 0.10546875
0 0.98203125 0.6140625 0.0359375 0.08515625
0 0.98671875 0.54921875 0.02421875 0.103125
0 0.93046875 0.665625 0.09140625 0.134375
0 0.95703125 0.59765625 0.0328125 0.03828125
0 0.903125 0.61640625 0.059375 0.1078125
0 0.8296875 0.61171875 0.05078125 0.0984375
0 0.7765625 0.61015625 0.03125 0.040625
0 0.71796875 0.63828125 0.059375 0.128125
0 0.625 0.678125 0.08359375 0.1953125
0 0.603125 0.634375 0.04765625 0.1390625
0 0.66328125 0.60234375 0.05234375 0.06484375
0 0.7171875 0.6390625 0.0609375 0.12578125
0 0.75546875 0.6140625 0.04140625 0.1078125
0 0.96484375 0.5546875 0.0375 0.1234375
0 0.928125 0.52890625 0.0359375 0.05390625
0 0.896875 0.52890625 0.0265625 0.08515625
0 0.87890625 0.5265625 0.0296875 0.0671875
0 0.8328125 0.546875 0.0296875 0.04921875
0 0.82734375 0.5234375 0.03125 0.078125
0 0.578125 0.584375 0.0375 0.0875
0 0.55234375 0.55625 0.0296875 0.08515625
0 0.540625 0.546875 0.01484375 0.04921875
0 0.70234375 0.5765625 0.0375 0.0625
0 0.6671875 0.56015625 0.01796875 0.0265625
0 0.75390625 0.5828125 0.0390625 0.08984375
0 0.7984375 0.57421875 0.05078125 0.08515625
0 0.07109375 0.52265625 0.03125 0.08046875
0 0.1078125 0.55703125 0.0390625 0.06015625
0 0.034375 0.575 0.06875 0.10078125
0 0.0140625 0.5265625 0.028125 0.08984375
0 0.5796875 0.54609375 0.028125 0.0515625
0 0.9828125 0.6515625 0.034375 0.10078125
0 0.86484375 0.70078125 0.0703125 0.19921875
0 0.66875 0.75 0.11640625 0.2890625
0 0.3203125 0.6109375 0.04921875 0.06015625
0 0.0765625 0.621875 0.05234375 0.11875
0 0.29765625 0.5703125 0.028125 0.078125
0 0.33203125 0.53046875 0.365625 0.0875
0 0.64140625 0.54921875 0.11796875 0.15234375
0 0.88359375 0.578125 0.1375 0.0984375
0 0.03359375 0.8640625 0.0671875 0.27109375
0 0.08125 0.55234375 0.04609375 0.11875
0 0.58203125 0.63203125 0.0359375 0.0984375
0 0.7578125 0.53828125 0.11484375 0.0625
0 0.91640625 0.51796875 0.00859375 0.0265625