0 0.06484375 0.67109375 0.12109375 0.6546875
0 0.12421875 0.6890625 0.09296875 0.584375
0 0.19296875 0.68671875 0.084375 0.5453125
0 0.24453125 0.665625 0.09375 0.5375
0 0.27578125 0.6578125 0.05546875 0.50625
0 0.3265625 0.67109375 0.084375 0.4671875
0 0.35859375 0.66015625 0.05546875 0.4609375
0 0.38125 0.61875 0.07734375 0.53125
0 0.45703125 0.65625 0.096875 0.45625
0 0.51171875 0.64453125 0.0625 0.4734375
0 0.57265625 0.65078125 0.07578125 0.4484375
0 0.62890625 0.6515625 0.0875 0.45625
0 0.69765625 0.640625 0.096875 0.496875
0 0.009375 0.446875 0.01875 0.096875