0 0.91171875 0.6828125 0.065625 0.1859375
0 0.89609375 0.6796875 0.04921875 0.1546875
0 0.69453125 0.69140625 0.05 0.1859375
0 0.675 0.703125 0.07421875 0.21015625
0 0.65390625 0.62109375 0.0203125 0.0609375
0 0.628125 0.67421875 0.0515625 0.16015625
0 0.31796875 0.72578125 0.07109375 0.23046875
0 0.3765625 0.63828125 0.0171875 0.0734375
0 0.3546875 0.64609375 0.01171875 0.0671875
0 0.346875 0.63828125 0.0171875 0.05625
0 0.24765625 0.675 0.03984375 0.12109375
0 0.19609375 0.671875 0.0359375 0.11328125
0 0.13125 0.68671875 0.06171875 0.1703125
0 0.28984375 0.63515625 0.0109375 0.05234375
0 0.265625 0.63125 0.01484375 0.0515625
0 0.1703125 0.64375 0.01875 0.05546875
0 0.15625 0.63359375 0.01796875 0.034375
0 0.95390625 0.64140625 0.06796875 0.12265625
0 0.7453125 0.64609375 0.11171875 0.11171875
0 0.47890625 0.62890625 0.16875 0.10234375
0 0.2234375 0.634375 0.021875 0.04921875
0 0.09375 0.63359375 0.06640625 0.0546875
0 0.20234375 0.74140625 0.1859375 0.059375
0 0.371875 0.8171875 0.1328125 0.0484375
0 0.7078125 0.7640625 0.121875 0.0890625
0 0.609375 0.6890625 0.01875 0.02578125