0 0.37890625 0.7421875 0.36875 0.5125
0 0.121875 0.453125 0.1140625 0.13359375
0 0.22734375 0.40625 0.1140625 0.18125
0 0.28125 0.34375 0.08203125 0.1125
0 0.53828125 0.575 0.13203125 0.13359375
0 0.534375 0.50703125 0.13046875 0.12421875
0 0.58984375 0.5046875 0.11015625 0.21328125
0 0.5578125 0.4171875 0.096875 0.10390625
0 0.775 0.2390625 0.05546875 0.084375
0 0.81015625 0.2796875 0.07421875 0.12109375
0 0.85703125 0.34375 0.078125 0.12265625
0 0.92109375 0.36953125 0.10859375 0.1609375
0 0.934375 0.42890625 0.13125 0.18125
0 0.29140625 0.6828125 0.1296875 0.29453125
0 0.50546875 0.596875 0.14765625 0.18203125
0 0.36015625 0.49375 0.084375 0.08984375
0 0.42265625 0.45859375 0.10703125 0.11796875
0 0.44921875 0.4078125 0.084375 0.078125
0 0.46875 0.38515625 0.08359375 0.09765625
0 0.565625 0.38984375 0.09921875 0.109375
0 0.4953125 0.3703125 0.05703125 0.0921875
0 0.575 0.346875 0.09296875 0.06796875
0 0.57265625 0.3171875 0.07734375 0.06328125
0 0.4625 0.3359375 0.06640625 0.06953125
0 0.50390625 0.3171875 0.0578125 0.0796875
0 0.60078125 0.31953125 0.0875 0.09609375
0 0.52734375 0.3203125 0.04375 0.1046875
0 0.6015625 0.3125 0.08125 0.12421875
0 0.0375 0.44375 0.07421875 0.1546875
0 0.07578125 0.4015625 0.07734375 0.09609375
0 0.125 0.3828125 0.07890625 0.0921875
0 0.16328125 0.38515625 0.0640625 0.1171875
0 0.2015625 0.321875 0.07265625 0.07421875
0 0.21796875 0.29609375 0.04296875 0.04453125
0 0.26484375 0.2859375 0.0515625 0.05078125
0 0.32421875 0.27578125 0.04296875 0.075
0 0.3921875 0.27109375 0.05078125 0.0875
0 0.41953125 0.24453125 0.04296875 0.03984375
0 0.4296875 0.22578125 0.05078125 0.05859375
0 0.46328125 0.2140625 0.03515625 0.0546875
0 0.4859375 0.3203125 0.040625 0.02890625
0 0.5625 0.22109375 0.16171875 0.134375
0 0.415625 0.184375 0.13046875 0.06328125
0 0.35078125 0.25546875 0.10078125 0.08046875
0 0.04609375 0.48515625 0.09140625 0.16171875
0 0.065625 0.77109375 0.12734375 0.40703125
0 0.3578125 0.53203125 0.0578125 0.03671875
0 0.73515625 0.1921875 0.11015625 0.090625
0 0.9734375 0.53125 0.053125 0.315625