0 0.81484375 0.684375 0.36640625 0.6265625
0 0.5078125 0.746875 0.62578125 0.50234375
0 0.884375 0.4859375 0.23125 0.675
0 0.74609375 0.41796875 0.21796875 0.33828125
0 0.52421875 0.6140625 0.5921875 0.771875
0 0.50078125 0.646875 0.2796875 0.70625
0 0.26953125 0.665625 0.2328125 0.66796875
0 0.08984375 0.59609375 0.17890625 0.803125
0 0.04296875 0.24375 0.0828125 0.31640625
0 0.31328125 0.54375 0.16484375 0.85625
0 0.228125 0.29140625 0.14296875 0.35625
0 0.13828125 0.23046875 0.075 0.203125
0 0.47421875 0.2640625 0.1203125 0.28359375
0 0.58125 0.2421875 0.071875 0.209375
0 0.96328125 0.24375 0.0734375 0.10234375
0 0.92421875 0.2421875 0.06015625 0.1046875
0 0.66640625 0.2578125 0.08125 0.20546875
0 0.76796875 0.203125 0.06640625 0.13125
0 0.71796875 0.1953125 0.0390625 0.05859375
0 0.4140625 0.22265625 0.0359375 0.0828125
0 0.37890625 0.234375 0.0828125 0.10703125
0 0.62578125 0.26328125 0.0390625 0.1546875
0 0.37734375 0.20546875 0.02421875 0.04375
0 0.18828125 0.1875 0.05703125 0.0609375
0 0.0859375 0.18984375 0.05234375 0.03515625
0 0.54296875 0.2 0.0703125 0.0984375