0 0.9078125 0.71171875 0.128125 0.56484375
0 0.8609375 0.67734375 0.071875 0.50859375
0 0.7734375 0.70859375 0.11953125 0.57890625
0 0.79140625 0.64453125 0.0796875 0.52265625
0 0.61953125 0.628125 0.15 0.54765625
0 0.51953125 0.70859375 0.10234375 0.54140625
0 0.5484375 0.665625 0.1 0.52734375
0 0.3953125 0.68046875 0.09140625 0.53515625
0 0.31171875 0.65859375 0.11640625 0.56640625
0 0.159375 0.68671875 0.10234375 0.57265625
0 0.0625 0.69375 0.0765625 0.4875
0 0.02109375 0.659375 0.0421875 0.48984375
0 0.66640625 0.590625 0.03984375 0.35234375
0 0.71015625 0.590625 0.065625 0.35234375
0 0.73671875 0.36640625 0.09140625 0.125
0 0.44765625 0.44296875 0.071875 0.25625
0 0.97265625 0.58203125 0.05390625 0.38984375
0 0.9796875 0.65546875 0.0375 0.49765625
0 0.93125 0.49921875 0.05078125 0.16484375
0 0.05390625 0.46640625 0.06328125 0.17109375
0 0.9578125 0.47265625 0.0328125 0.175