0 0.01328125 0.8296875 0.0265625 0.20390625
0 0.078125 0.84375 0.05625 0.22734375
0 0.0765625 0.73671875 0.034375 0.0703125
0 0.1015625 0.73828125 0.028125 0.05390625
0 0.1109375 0.84375 0.053125 0.21328125
0 0.05546875 0.84375 0.0296875 0.17109375
0 0.14921875 0.8359375 0.0453125 0.225
0 0.21953125 0.8390625 0.0640625 0.19453125
0 0.2 0.81484375 0.0625 0.196875
0 0.28203125 0.81328125 0.040625 0.19921875
0 0.30234375 0.7828125 0.01875 0.10546875
0 0.31953125 0.8203125 0.06875 0.21328125
0 0.39921875 0.853125 0.071875 0.23671875
0 0.39375 0.8203125 0.0671875 0.21328125
0 0.5640625 0.83359375 0.0359375 0.196875
0 0.5875 0.75234375 0.0265625 0.05859375
0 0.646875 0.83359375 0.0546875 0.2296875
0 0.6796875 0.8296875 0.0453125 0.21328125
0 0.7015625 0.81796875 0.0265625 0.16640625
0 0.71875 0.8203125 0.0421875 0.21796875
0 0.74296875 0.82734375 0.0375 0.18046875
0 0.76953125 0.8265625 0.0328125 0.1875
0 0.78984375 0.821875 0.0296875 0.196875
0 0.81640625 0.75234375 0.0296875 0.06796875
0 0.84140625 0.8171875 0.0390625 0.196875
0 0.9109375 0.80859375 0.05 0.21796875
0 0.9859375 0.83203125 0.028125 0.23203125
0 0.4171875 0.36484375 0.834375 0.6875