0 0.4203125 0.821875 0.0234375 0.0125
0 0.44140625 0.80546875 0.01875 0.0359375
0 0.453125 0.80546875 0.0234375 0.0359375
0 0.46796875 0.80546875 0.02109375 0.0328125
0 0.5 0.78828125 0.01875 0.0328125
0 0.515625 0.7890625 0.01640625 0.034375
0 0.590625 0.7875 0.02578125 0.034375
0 0.640625 0.78984375 0.0234375 0.0328125
0 0.65234375 0.7890625 0.0234375 0.034375
0 0.778125 0.78203125 0.02109375 0.0265625
0 0.30390625 0.74765625 0.01640625 0.0234375
0 0.36015625 0.7109375 0.01640625 0.021875
0 0.37109375 0.70859375 0.01875 0.0265625
0 0.4140625 0.7453125 0.02109375 0.028125
0 0.68046875 0.7640625 0.0140625 0.028125
0 0.5984375 0.74453125 0.0140625 0.0203125
0 0.45625 0.6984375 0.2796875 0.040625
0 0.79453125 0.753125 0.10546875 0.0875
0 0.9109375 0.8046875 0.13125 0.09375
0 0.8953125 0.92890625 0.07265625 0.0203125