0 0.01328125 0.73671875 0.02421875 0.03125
0 0.0421875 0.86015625 0.03984375 0.23515625
0 0.06484375 0.8546875 0.07109375 0.2546875
0 0.1265625 0.85859375 0.06328125 0.24765625
0 0.17734375 0.853125 0.0609375 0.21875
0 0.2140625 0.84296875 0.03984375 0.15625
0 0.240625 0.8375 0.034375 0.20234375
0 0.2578125 0.85546875 0.05 0.24140625
0 0.30546875 0.86171875 0.07265625 0.27265625
0 0.28359375 0.75078125 0.02265625 0.06875
0 0.35078125 0.85625 0.071875 0.28515625
0 0.38515625 0.85625 0.04921875 0.23671875
0 0.42734375 0.80234375 0.034375 0.15625
0 0.44921875 0.7546875 0.015625 0.06484375
0 0.46015625 0.746875 0.01328125 0.05703125
0 0.475 0.79296875 0.03203125 0.140625
0 0.50625 0.815625 0.04375 0.17109375
0 0.5046875 0.79609375 0.04296875 0.16796875
0 0.5171875 0.7390625 0.021875 0.04765625
0 0.56328125 0.76171875 0.01875 0.06875
0 0.5328125 0.75546875 0.0140625 0.065625
0 0.5484375 0.7609375 0.01484375 0.0703125
0 0.57734375 0.74609375 0.01171875 0.04921875
0 0.58984375 0.74765625 0.01171875 0.04921875
0 0.6 0.74609375 0.01171875 0.04921875
0 0.640625 0.8609375 0.05390625 0.24921875
0 0.6875 0.85234375 0.06328125 0.27109375
0 0.7 0.90859375 0.0359375 0.17421875
0 0.72109375 0.753125 0.034375 0.10078125
0 0.74140625 0.8671875 0.109375 0.2625
0 0.7796875 0.778125 0.01796875 0.065625
0 0.4125 0.76796875 0.0171875 0.08359375
0 0.4 0.76796875 0.015625 0.08359375
0 0.540625 0.76484375 0.01171875 0.06328125
0 0.8046875 0.775 0.021875 0.1140625
0 0.8203125 0.8453125 0.065625 0.23359375
0 0.85625 0.83984375 0.0421875 0.24609375
0 0.88125 0.7859375 0.02421875 0.1171875
0 0.909375 0.78828125 0.06328125 0.146875
0 0.928125 0.87578125 0.140625 0.24609375
0 0.978125 0.84296875 0.04375 0.23125
0 0.5 0.8484375 1 0.303125
0 0.490625 0.6828125 0.0578125 0.03125