0 0.01640625 0.82890625 0.0328125 0.23515625
0 0.11171875 0.7734375 0.07890625 0.23671875
0 0.1875 0.703125 0.02734375 0.0796875
0 0.23046875 0.70703125 0.0265625 0.0765625
0 0.27109375 0.70078125 0.03515625 0.08828125
0 0.27109375 0.703125 0.02265625 0.08359375
0 0.309375 0.70390625 0.0265625 0.075
0 0.37265625 0.69765625 0.0203125 0.04140625
0 0.365625 0.6921875 0.0140625 0.04140625
0 0.4296875 0.68359375 0.0109375 0.03359375
0 0.44140625 0.68515625 0.0125 0.04296875
0 0.4515625 0.6734375 0.0109375 0.0296875
0 0.50625 0.671875 0.0203125 0.03671875
0 0.496875 0.67734375 0.0109375 0.03515625
0 0.6671875 0.690625 0.0390625 0.11171875
0 0.675 0.70078125 0.03515625 0.08203125
0 0.7390625 0.70859375 0.04140625 0.0703125
0 0.8046875 0.70703125 0.0359375 0.08359375
0 0.88203125 0.70390625 0.03359375 0.08828125
0 0.91640625 0.696875 0.0328125 0.1265625
0 0.934375 0.6484375 0.0265625 0.04296875
0 0.9453125 0.69921875 0.0390625 0.13203125
0 0.97578125 0.709375 0.04609375 0.128125
0 0.153125 0.70859375 0.0265625 0.0765625
0 0.07734375 0.70859375 0.0296875 0.0734375
0 0.0578125 0.71171875 0.0328125 0.08359375
0 0.0359375 0.7109375 0.03515625 0.08203125
0 0.01328125 0.7125 0.0265625 0.08203125
0 0.41640625 0.6640625 0.05234375 0.01796875
0 0.3578125 0.66328125 0.03125 0.0234375
0 0.29453125 0.6703125 0.01875 0.0296875
0 0.2375 0.6640625 0.0171875 0.025
0 0.2078125 0.6703125 0.0140625 0.03984375
0 0.26484375 0.6625 0.01015625 0.01796875
0 0.1453125 0.6625 0.0203125 0.021875
0 0.0859375 0.66796875 0.0171875 0.0265625
0 0.0421875 0.66640625 0.0109375 0.0234375
0 0.01953125 0.66953125 0.0109375 0.025
0 0.71875 0.66015625 0.02265625 0.0265625
0 0.68828125 0.6640625 0.02109375 0.025
0 0.8671875 0.62890625 0.01484375 0.025
0 0.06640625 0.61796875 0.025 0.06015625