0 0.23671875 0.63828125 0.24453125 0.7203125
0 0.3296875 0.64765625 0.37734375 0.7
0 0.55546875 0.5 0.15078125 0.9796875
0 0.70234375 0.49765625 0.1765625 0.9953125
0 0.94375 0.72578125 0.11015625 0.54375
0 0.8703125 0.6296875 0.17421875 0.63203125
0 0.82265625 0.56015625 0.18359375 0.87578125
0 0.965625 0.17890625 0.06875 0.3578125
0 0.03828125 0.88984375 0.0765625 0.215625
0 0.07890625 0.84296875 0.09140625 0.31015625
0 0.1796875 0.55703125 0.0734375 0.12578125
0 0.08203125 0.38125 0.0734375 0.6140625
0 0.05078125 0.2796875 0.07265625 0.23203125
0 0.02109375 0.45 0.0421875 0.496875
0 0.83125 0.121875 0.15390625 0.24375
0 0.9421875 0.3390625 0.115625 0.1859375
0 0.38984375 0.13984375 0.225 0.2796875
0 0.0640625 0.078125 0.12734375 0.15625
0 0.06875 0.68046875 0.1375 0.1390625