0 0.009375 0.47890625 0.01796875 0.19453125
0 0.0125 0.44609375 0.021875 0.1453125
0 0.03359375 0.390625 0.025 0.0328125
0 0.0859375 0.52890625 0.15078125 0.48359375
0 0.1671875 0.50546875 0.07109375 0.2890625
0 0.21328125 0.50703125 0.0765625 0.2625
0 0.2625 0.525 0.10625 0.346875
0 0.2953125 0.47734375 0.03828125 0.2234375
0 0.34453125 0.440625 0.0265625 0.06953125
0 0.38671875 0.48125 0.0375 0.1875
0 0.3890625 0.490625 0.05546875 0.2546875
0 0.421875 0.484375 0.0234375 0.1828125
0 0.4375 0.52109375 0.08828125 0.35625
0 0.5640625 0.625 0.1375 0.64375
0 0.6578125 0.53671875 0.1203125 0.41171875
0 0.66640625 0.515625 0.07734375 0.31953125
0 0.696875 0.5171875 0.0765625 0.396875
0 0.77578125 0.57734375 0.20390625 0.62109375
0 0.81875 0.56484375 0.14140625 0.50078125
0 0.88125 0.50859375 0.053125 0.20859375
0 0.93515625 0.503125 0.07265625 0.2734375
0 0.92265625 0.5609375 0.096875 0.39296875
0 0.496875 0.4078125 0.0125 0.025
0 0.01171875 0.39609375 0.0203125 0.0484375
0 0.0421875 0.540625 0.028125 0.06015625
0 0.2671875 0.39296875 0.103125 0.05859375
0 0.84140625 0.5765625 0.0515625 0.3046875
0 0.946875 0.6515625 0.10625 0.6421875