0 0.00546875 0.60703125 0.01015625 0.10625
0 0.01875 0.596875 0.01328125 0.06953125
0 0.0296875 0.60546875 0.025 0.08984375
0 0.0390625 0.5984375 0.0125 0.0828125
0 0.0484375 0.6015625 0.02109375 0.09609375
0 0.77421875 0.72109375 0.08125 0.28984375
0 0.76484375 0.7421875 0.11640625 0.44453125
0 0.82890625 0.77890625 0.1015625 0.43984375
0 0.6421875 0.66171875 0.021875 0.17265625
0 0.578125 0.66484375 0.05078125 0.24609375
0 0.5390625 0.67421875 0.0578125 0.23515625
0 0.5078125 0.6890625 0.03515625 0.1234375
0 0.4765625 0.67890625 0.06015625 0.24609375
0 0.41796875 0.61171875 0.02109375 0.1046875
0 0.396875 0.7 0.06171875 0.33046875
0 0.34609375 0.7203125 0.08203125 0.334375
0 0.22890625 0.50390625 0.00703125 0.03046875
0 0.21953125 0.50390625 0.0125 0.034375
0 0.0671875 0.60234375 0.02265625 0.096875
0 0.1 0.60234375 0.02421875 0.0796875
0 0.125 0.59609375 0.01484375 0.06953125
0 0.153125 0.5953125 0.01328125 0.05859375
0 0.1609375 0.590625 0.0140625 0.06015625
0 0.11484375 0.58671875 0.01640625 0.06796875
0 0.08515625 0.4859375 0.01328125 0.02890625
0 0.575 0.52265625 0.20546875 0.065625
0 0.86875 0.796875 0.0234375 0.065625
0 0.9546875 0.6015625 0.08828125 0.7890625
0 0.3546875 0.57578125 0.06328125 0.04375
0 0.08125 0.5921875 0.02421875 0.0796875
0 0.11640625 0.5890625 0.0453125 0.0640625
0 0.2015625 0.58515625 0.06796875 0.06171875