0 0.08203125 0.74609375 0.1640625 0.50703125
0 0.31328125 0.71484375 0.23984375 0.5703125
0 0.4078125 0.68203125 0.1359375 0.634375
0 0.53046875 0.62734375 0.125 0.45703125
0 0.6421875 0.690625 0.0921875 0.528125
0 0.71328125 0.65546875 0.08359375 0.478125
0 0.7859375 0.615625 0.11328125 0.4625
0 0.83515625 0.56171875 0.08046875 0.35
0 0.8734375 0.5078125 0.06015625 0.3296875
0 0.9359375 0.73515625 0.12734375 0.528125
0 0.965625 0.45078125 0.0671875 0.184375
0 0.9171875 0.453125 0.03828125 0.14453125
0 0.74375 0.42890625 0.04609375 0.146875
0 0.5890625 0.5453125 0.06171875 0.29453125
0 0.6421875 0.43828125 0.08359375 0.14453125
0 0.70078125 0.42265625 0.046875 0.11171875
0 0.4890625 0.43203125 0.04140625 0.1203125
0 0.459375 0.4515625 0.05 0.19296875
0 0.55234375 0.41015625 0.04375 0.11015625
0 0.32421875 0.4640625 0.0953125 0.17578125
0 0.36796875 0.4359375 0.04140625 0.09140625
0 0.2109375 0.4796875 0.0640625 0.21953125
0 0.16328125 0.5140625 0.06953125 0.1578125
0 0.12890625 0.71015625 0.1109375 0.5484375
0 0.0796875 0.4375 0.1078125 0.1609375
0 0.7296875 0.38828125 0.03125 0.0796875
0 0.771875 0.36015625 0.02734375 0.0625
0 0.79609375 0.39140625 0.0328125 0.1109375
0 0.81328125 0.3921875 0.02734375 0.08515625
0 0.94375 0.38359375 0.0375 0.08828125
0 0.8984375 0.39140625 0.02578125 0.06796875
0 0.10234375 0.38515625 0.2046875 0.10234375
0 0.02890625 0.53984375 0.0578125 0.20546875
0 0.571875 0.428125 0.0453125 0.046875
0 0.50390625 0.33984375 0.04453125 0.08515625
0 0.6421875 0.3515625 0.19921875 0.1421875
0 0.8515625 0.35625 0.04296875 0.07890625
0 0.80078125 0.35390625 0.02265625 0.03828125
0 0.978125 0.365625 0.04296875 0.109375
0 0.94140625 0.3984375 0.03203125 0.14765625
0 0.90234375 0.35859375 0.04609375 0.07734375
0 0.32421875 0.38671875 0.18515625 0.20390625
0 0.45234375 0.74140625 0.02578125 0.046875
0 0.02421875 0.8703125 0.04765625 0.21171875