0 0.0296875 0.390625 0.059375 0.1984375
0 0.09921875 0.57109375 0.18671875 0.56015625
0 0.1734375 0.37578125 0.12890625 0.75078125
0 0.25078125 0.2875 0.09609375 0.57421875
0 0.3671875 0.29296875 0.128125 0.50234375
0 0.4765625 0.33125 0.140625 0.61875
0 0.63515625 0.27578125 0.125 0.53984375
0 0.840625 0.2703125 0.128125 0.53984375
0 0.959375 0.36953125 0.08125 0.57421875
0 0.23046875 0.73125 0.15703125 0.534375
0 0.36953125 0.72109375 0.17890625 0.55390625
0 0.44375 0.63828125 0.13828125 0.56640625
0 0.54765625 0.6609375 0.1828125 0.58671875
0 0.665625 0.6421875 0.23515625 0.63046875
0 0.7828125 0.66171875 0.175 0.61640625
0 0.928125 0.6015625 0.14375 0.36328125
0 0.921875 0.8 0.15390625 0.3953125