0 0.30390625 0.678125 0.14609375 0.64296875
0 0.2125 0.63125 0.09453125 0.55703125
0 0.346875 0.66484375 0.2171875 0.66953125
0 0.34921875 0.44765625 0.04609375 0.2328125
0 0.521875 0.67890625 0.13203125 0.63828125
0 0.4625 0.39609375 0.059375 0.215625
0 0.43046875 0.37109375 0.06484375 0.2140625
0 0.59296875 0.6875 0.11640625 0.62421875
0 0.571875 0.61875 0.09921875 0.63984375
0 0.64765625 0.6125 0.06640625 0.51328125
0 0.6953125 0.5953125 0.0875 0.509375
0 0.7453125 0.578125 0.09453125 0.49140625
0 0.4359375 0.48046875 0.06875 0.26328125
0 0.95546875 0.7046875 0.0875 0.584375