0 0.971875 0.51796875 0.05625 0.1046875
0 0.77734375 0.45390625 0.03671875 0.0875
0 0.7453125 0.45390625 0.03671875 0.15234375
0 0.696875 0.4609375 0.08671875 0.19453125
0 0.62421875 0.425 0.046875 0.1203125
0 0.59453125 0.41796875 0.05 0.16015625
0 0.5953125 0.39765625 0.01484375 0.07109375
0 0.60546875 0.39453125 0.02421875 0.06484375
0 0.03359375 0.584375 0.0671875 0.525
0 0.65859375 0.4015625 0.0390625 0.09453125
0 0.69453125 0.37421875 0.06484375 0.10078125
0 0.046875 0.56640625 0.0890625 0.64765625