0 0.59609375 0.7828125 0.0859375 0.33125
0 0.5328125 0.79921875 0.0625 0.26953125
0 0.4140625 0.80625 0.06640625 0.28515625
0 0.34140625 0.78828125 0.0984375 0.37109375
0 0.3 0.80703125 0.05625 0.30625
0 0.21171875 0.79921875 0.084375 0.35625
0 0.153125 0.7875 0.06640625 0.35625
0 0.4375 0.63984375 0.01171875 0.04453125
0 0.42421875 0.62578125 0.0203125 0.07578125
0 0.53984375 0.59375 0.015625 0.07109375
0 0.475 0.628125 0.02265625 0.09140625
0 0.10625 0.7921875 0.0359375 0.13046875
0 0.28203125 0.70546875 0.08671875 0.115625
0 0.4140625 0.55 0.08828125 0.24140625
0 0.5140625 0.73203125 0.10703125 0.3375