0 0.27734375 0.334375 0.07890625 0.2515625
0 0.01796875 0.35859375 0.0359375 0.2015625
0 0.0703125 0.64453125 0.134375 0.7109375
0 0.22578125 0.30859375 0.0484375 0.11015625
0 0.25625 0.625 0.15625 0.74921875
0 0.4078125 0.6046875 0.134375 0.7046875
0 0.521875 0.61796875 0.1171875 0.7640625
0 0.53984375 0.35859375 0.0484375 0.22578125
0 0.715625 0.365625 0.0859375 0.2203125
0 0.7765625 0.3984375 0.04140625 0.2453125
0 0.828125 0.44453125 0.115625 0.3234375
0 0.86875 0.44921875 0.06875 0.26953125
0 0.7328125 0.6203125 0.12890625 0.75390625
0 0.80546875 0.49453125 0.0171875 0.146875
0 0.8265625 0.31484375 0.02421875 0.02734375