0 0.071875 0.54375 0.14375 0.90859375
0 0.21796875 0.49609375 0.18515625 0.87109375
0 0.34609375 0.6 0.18671875 0.7703125
0 0.36015625 0.2265625 0.146875 0.33984375
0 0.478125 0.50859375 0.12265625 0.77421875
0 0.52578125 0.63203125 0.209375 0.7359375
0 0.66796875 0.634375 0.18984375 0.7265625
0 0.875 0.5796875 0.246875 0.83671875
0 0.65234375 0.32421875 0.178125 0.3640625
0 0.72265625 0.3921875 0.11875 0.54453125
0 0.76875 0.26640625 0.07734375 0.31328125
0 0.84921875 0.24296875 0.1296875 0.34921875
0 0.4296875 0.1796875 0.0625 0.19140625
0 0.521875 0.1609375 0.07109375 0.19765625
0 0.60234375 0.21640625 0.1015625 0.2203125
0 0.6421875 0.11328125 0.0515625 0.078125
0 0.696875 0.12109375 0.06171875 0.12890625
0 0.56640625 0.221875 0.05390625 0.16328125
0 0.56484375 0.20703125 0.065625 0.17421875