0 0.0453125 0.28046875 0.090625 0.23046875
0 0.209375 0.49921875 0.41640625 0.99765625
0 0.31953125 0.271875 0.08671875 0.178125
0 0.35234375 0.22890625 0.07890625 0.16953125
0 0.5109375 0.46484375 0.11640625 0.709375
0 0.57109375 0.4421875 0.09375 0.50078125
0 0.4234375 0.5796875 0.25625 0.83671875
0 0.65390625 0.52265625 0.246875 0.95078125
0 0.834375 0.41328125 0.146875 0.65390625
0 0.8390625 0.5484375 0.11640625 0.68359375
0 0.89140625 0.56484375 0.21484375 0.83203125
0 0.98359375 0.93515625 0.02890625 0.1203125
0 0.0109375 0.253125 0.021875 0.078125