0 0.903125 0.728125 0.1203125 0.4359375
0 0.8046875 0.709375 0.10546875 0.4125
0 0.78203125 0.66328125 0.09765625 0.428125
0 0.71171875 0.6828125 0.0921875 0.41796875
0 0.62578125 0.65625 0.1203125 0.46171875
0 0.5265625 0.7328125 0.096875 0.30546875
0 0.4375 0.746875 0.1 0.28046875
0 0.3203125 0.73828125 0.1109375 0.2921875
0 0.5 0.6390625 0.0875 0.40625
0 0.46015625 0.5625 0.0578125 0.30546875
0 0.415625 0.6296875 0.10078125 0.42265625
0 0.328125 0.578125 0.084375 0.25859375
0 0.3734375 0.62109375 0.0640625 0.41484375
0 0.28984375 0.48046875 0.06328125 0.14453125
0 0.32734375 0.43203125 0.05859375 0.10390625
0 0.24453125 0.64921875 0.1125 0.3890625
0 0.2015625 0.62109375 0.06328125 0.40625
0 0.14921875 0.6328125 0.09296875 0.459375
0 0.0890625 0.665625 0.109375 0.49296875
0 0.45625 0.8578125 0.9125 0.1609375