0 0.8703125 0.37890625 0.14296875 0.48515625
0 0.93125 0.31328125 0.053125 0.2953125
0 0.77421875 0.55 0.07109375 0.26328125
0 0.725 0.70234375 0.14765625 0.25
0 0.69765625 0.79296875 0.13359375 0.40703125
0 0.5421875 0.76875 0.1296875 0.29375
0 0.41015625 0.66484375 0.20390625 0.35234375
0 0.3375 0.57265625 0.1 0.3765625
0 0.4546875 0.55859375 0.0765625 0.309375
0 0.5859375 0.58203125 0.08984375 0.27578125
0 0.6640625 0.6046875 0.0921875 0.19296875
0 0.6390625 0.35390625 0.04609375 0.1375
0 0.6640625 0.38203125 0.05390625 0.11796875
0 0.7375 0.3703125 0.0375 0.134375
0 0.7671875 0.38046875 0.02890625 0.08125
0 0.8046875 0.34453125 0.03125 0.1375
0 0.7609375 0.31328125 0.03125 0.065625
0 0.67421875 0.30234375 0.03359375 0.0625
0 0.7015625 0.3265625 0.0296875 0.0953125
0 0.0875 0.3375 0.07109375 0.28046875
0 0.0359375 0.26171875 0.07109375 0.2484375
0 0.94765625 0.2140625 0.02890625 0.05234375
0 0.9828125 0.2546875 0.03046875 0.071875