0 0.94296875 0.525 0.08359375 0.31640625
0 0.9375 0.49609375 0.06953125 0.2375
0 0.91796875 0.39609375 0.03359375 0.0859375
0 0.875 0.50703125 0.0828125 0.2828125
0 0.81171875 0.478125 0.05234375 0.2
0 0.79296875 0.41484375 0.025 0.0640625
0 0.77265625 0.54921875 0.08828125 0.3015625
0 0.71640625 0.50703125 0.07109375 0.278125
0 0.6796875 0.44375 0.03984375 0.13828125
0 0.6609375 0.4734375 0.0546875 0.190625
0 0.6140625 0.46484375 0.0546875 0.17890625
0 0.54921875 0.5359375 0.084375 0.315625
0 0.525 0.503125 0.0453125 0.2125
0 0.5171875 0.4734375 0.0328125 0.14140625
0 0.52421875 0.46953125 0.04453125 0.146875
0 0.46328125 0.4859375 0.0484375 0.19375
0 0.428125 0.475 0.03046875 0.14765625
0 0.403125 0.509375 0.0515625 0.26875
0 0.353125 0.54296875 0.1046875 0.33359375
0 0.32265625 0.4875 0.028125 0.1890625
0 0.3078125 0.50703125 0.06328125 0.2109375
0 0.19375 0.5046875 0.04453125 0.2140625
0 0.1734375 0.484375 0.03125 0.19140625
0 0.1484375 0.48125 0.040625 0.146875
0 0.103125 0.5046875 0.05703125 0.19140625
0 0.07578125 0.521875 0.06328125 0.19609375
0 0.0296875 0.559375 0.05859375 0.3328125
0 0.22578125 0.57578125 0.090625 0.37734375
0 0.103125 0.55 0.0109375 0.02734375
0 0.021875 0.57734375 0.04375 0.1234375
0 0.42890625 0.678125 0.1234375 0.121875