0 0.9703125 0.76875 0.059375 0.26328125
0 0.94140625 0.759375 0.04453125 0.2109375
0 0.934375 0.7625 0.0734375 0.23828125
0 0.90859375 0.7734375 0.071875 0.1828125
0 0.7078125 0.72734375 0.06796875 0.16328125
0 0.653125 0.77578125 0.1 0.2625
0 0.584375 0.76953125 0.0421875 0.17265625
0 0.5375 0.815625 0.071875 0.31015625
0 0.5109375 0.734375 0.03515625 0.13515625
0 0.4796875 0.82265625 0.0515625 0.1703125
0 0.471875 0.725 0.05546875 0.1265625
0 0.43203125 0.79609375 0.05859375 0.2453125
0 0.384375 0.75234375 0.0265625 0.06484375
0 0.3515625 0.76171875 0.0296875 0.0859375
0 0.2703125 0.81171875 0.06953125 0.37109375
0 0.28828125 0.74140625 0.03046875 0.096875
0 0.228125 0.80703125 0.03515625 0.20234375
0 0.2015625 0.80234375 0.034375 0.209375
0 0.16796875 0.81796875 0.0546875 0.21640625
0 0.021875 0.81328125 0.04375 0.215625
0 0.08984375 0.7984375 0.0578125 0.2171875
0 0.1125 0.8 0.0328125 0.2140625
0 0.803125 0.7203125 0.1296875 0.1296875
0 0.86640625 0.82578125 0.0296875 0.0859375
0 0.940625 0.509375 0.0984375 0.25
0 0.76875 0.43984375 0.146875 0.2171875
0 0.60703125 0.4625 0.17421875 0.275
0 0.609375 0.7265625 0.01796875 0.0453125
0 0.4 0.74609375 0.02421875 0.05625
0 0.365625 0.74921875 0.01640625 0.03125
0 0.32109375 0.75 0.0328125 0.0375
0 0.04609375 0.7484375 0.01484375 0.02421875