0 0.3984375 0.69375 0.34375 0.609375
0 0.13828125 0.5328125 0.2765625 0.4609375
0 0.72265625 0.6515625 0.3875 0.69609375
0 0.9 0.48828125 0.1921875 0.4625
0 0.73515625 0.328125 0.1015625 0.20078125
0 0.64453125 0.5984375 0.22421875 0.5890625
0 0.36328125 0.446875 0.20078125 0.30859375
0 0.36640625 0.30859375 0.1296875 0.17734375
0 0.471875 0.34609375 0.10390625 0.23359375
0 0.50078125 0.2671875 0.0796875 0.14453125
0 0.58125 0.29296875 0.09453125 0.109375
0 0.628125 0.29453125 0.03984375 0.059375
0 0.29765625 0.359375 0.078125 0.15390625
0 0.09765625 0.92265625 0.1953125 0.14140625
0 0.5359375 0.2828125 0.01796875 0.0265625
0 0.57109375 0.24296875 0.04921875 0.05625