0 0.009375 0.93984375 0.01875 0.1171875
0 0.19609375 0.90859375 0.03046875 0.1046875
0 0.215625 0.925 0.0203125 0.08984375
0 0.22890625 0.91796875 0.01875 0.1
0 0.25078125 0.915625 0.02265625 0.1015625
0 0.2828125 0.92734375 0.028125 0.1078125
0 0.30546875 0.92421875 0.01875 0.1015625
0 0.3390625 0.93828125 0.0265625 0.09296875
0 0.35625 0.9484375 0.021875 0.0796875
0 0.37578125 0.93984375 0.03203125 0.10625
0 0.4046875 0.92265625 0.02265625 0.09453125
0 0.5171875 0.89375 0.01640625 0.07734375
0 0.53828125 0.89765625 0.01875 0.07578125
0 0.571875 0.896875 0.0140625 0.0875
0 0.578125 0.90546875 0.0171875 0.09140625
0 0.590625 0.91015625 0.0125 0.084375
0 0.603125 0.9078125 0.021875 0.08984375
0 0.61640625 0.9140625 0.015625 0.07734375
0 0.80703125 0.95390625 0.0265625 0.0921875
0 0.853125 0.95234375 0.03515625 0.09140625
0 0.96328125 0.959375 0.02265625 0.08125
0 0.98046875 0.9234375 0.02734375 0.103125
0 0.87578125 0.91953125 0.021875 0.0859375
0 0.0078125 0.86328125 0.015625 0.08125
0 0.0203125 0.86171875 0.0140625 0.0578125
0 0.02421875 0.8546875 0.01640625 0.07109375
0 0.053125 0.86015625 0.01484375 0.0578125
0 0.065625 0.8546875 0.01953125 0.07109375
0 0.11015625 0.85546875 0.01953125 0.07265625
0 0.11953125 0.8609375 0.0109375 0.05234375
0 0.12578125 0.8609375 0.01171875 0.059375
0 0.13359375 0.8546875 0.0140625 0.07109375
0 0.14140625 0.8640625 0.0078125 0.04921875
0 0.16484375 0.85078125 0.01484375 0.0625
0 0.178125 0.86484375 0.01953125 0.07734375
0 0.1875 0.84765625 0.009375 0.05390625
0 0.17421875 0.8484375 0.0109375 0.05546875
0 0.19609375 0.84453125 0.01640625 0.0609375
0 0.20546875 0.84375 0.0125 0.0625
0 0.2078125 0.8109375 0.009375 0.03046875
0 0.21953125 0.8765625 0.01484375 0.0578125
0 0.2296875 0.85390625 0.0125 0.059375
0 0.240625 0.8421875 0.01640625 0.04921875
0 0.23515625 0.88515625 0.01640625 0.08125
0 0.25390625 0.84453125 0.0140625 0.05078125
0 0.29296875 0.84140625 0.015625 0.0609375
0 0.26640625 0.93515625 0.01484375 0.07578125
0 0.27265625 0.8265625 0.01171875 0.0453125
0 0.315625 0.89921875 0.0171875 0.09296875
0 0.32734375 0.8671875 0.0203125 0.07265625
0 0.31015625 0.80625 0.0109375 0.03203125
0 0.36015625 0.88125 0.01484375 0.07578125
0 0.3796875 0.871875 0.0171875 0.04375
0 0.37109375 0.88125 0.01171875 0.025
0 0.39765625 0.86875 0.01953125 0.06953125
0 0.41484375 0.86875 0.0109375 0.02890625
0 0.45390625 0.87734375 0.01640625 0.07578125
0 0.47734375 0.875 0.01171875 0.07421875
0 0.46953125 0.875 0.01171875 0.0640625
0 0.45859375 0.84609375 0.00703125 0.01328125
0 0.4640625 0.8734375 0.00859375 0.07421875
0 0.45078125 0.871875 0.01640625 0.07109375
0 0.55078125 0.88125 0.01953125 0.07265625
0 0.5421875 0.8703125 0.01171875 0.04765625
0 0.84453125 0.884375 0.01640625 0.07265625
0 0.86875 0.85234375 0.0140625 0.059375
0 0.8890625 0.875 0.01640625 0.07109375
0 0.925 0.8734375 0.015625 0.0640625
0 0.9359375 0.87578125 0.01484375 0.06953125
0 0.94375 0.875 0.01171875 0.07109375
0 0.034375 0.84453125 0.01484375 0.0609375
0 0.33671875 0.8421875 0.0125 0.05546875
0 0.35 0.86796875 0.01484375 0.05390625
0 0.51484375 0.45078125 0.01640625 0.0609375
0 0.51484375 0.4875 0.04765625 0.01484375
0 0.49609375 0.5421875 0.1421875 0.0203125
0 0.4953125 0.51796875 0.0125 0.02890625
0 0.5125 0.59296875 0.0640625 0.084375
0 0.50859375 0.64609375 0.1515625 0.025
0 0.42109375 0.6859375 0.0640625 0.0578125
0 0.49609375 0.77421875 0.2484375 0.1234375
0 0.36328125 0.73671875 0.0171875 0.040625
0 0.62421875 0.73125 0.009375 0.0375
0 0.42265625 0.8484375 0.0234375 0.02890625
0 0.440625 0.84453125 0.01171875 0.0171875
0 0.4890625 0.85078125 0.015625 0.02890625
0 0.50234375 0.8421875 0.0125 0.01171875
0 0.55 0.846875 0.0375 0.025
0 0.60078125 0.853125 0.02734375 0.0375
0 0.5953125 0.89140625 0.00859375 0.0390625
0 0.65 0.84453125 0.0609375 0.09765625
0 0.7484375 0.821875 0.0671875 0.0828125
0 0.696875 0.8265625 0.03515625 0.03515625
0 0.878125 0.84296875 0.0125 0.04765625
0 0.8953125 0.8515625 0.0171875 0.05078125
0 0.93125 0.8453125 0.01171875 0.01875
0 0.0125 0.8046875 0.02421875 0.0453125
0 0.0453125 0.8140625 0.040625 0.04375
0 0.04375 0.85 0.0140625 0.03046875
0 0.0203125 0.83046875 0.009375 0.01171875
0 0.346875 0.82109375 0.05 0.0578125
0 0.38125 0.8421875 0.0171875 0.01484375
0 0.278125 0.8515625 0.03125 0.07109375
0 0.309375 0.84609375 0.028125 0.0578125
0 0.3171875 0.80390625 0.01171875 0.02734375
0 0.3421875 0.86015625 0.0125 0.0234375
0 0.36953125 0.86171875 0.0109375 0.02734375