0 0.0359375 0.63671875 0.0640625 0.434375
0 0.09765625 0.63671875 0.08984375 0.45546875
0 0.16328125 0.6234375 0.0765625 0.45859375
0 0.2296875 0.6203125 0.06953125 0.46328125
0 0.2984375 0.61484375 0.03984375 0.40390625
0 0.3390625 0.63203125 0.0625 0.41875
0 0.353125 0.59375 0.0703125 0.43515625
0 0.40546875 0.6046875 0.0625 0.4140625
0 0.45 0.6 0.0453125 0.3859375
0 0.48359375 0.6375 0.06640625 0.39296875
0 0.51171875 0.603125 0.0421875 0.37265625
0 0.5390625 0.6421875 0.06015625 0.36015625
0 0.5953125 0.6421875 0.06640625 0.38125
0 0.64453125 0.6203125 0.05078125 0.3984375
0 0.63671875 0.43125 0.0265625 0.053125
0 0.7 0.628125 0.06328125 0.4046875
0 0.73046875 0.6109375 0.03984375 0.3515625
0 0.7765625 0.61875 0.071875 0.39765625
0 0.81640625 0.62578125 0.05234375 0.39296875
0 0.87421875 0.6390625 0.05546875 0.36953125
0 0.9265625 0.64375 0.06484375 0.38125
0 0.9640625 0.62265625 0.05234375 0.36796875
0 0.98671875 0.44921875 0.0265625 0.1203125
0 0.965625 0.425 0.0421875 0.08203125
0 0.965625 0.40703125 0.0390625 0.07734375
0 0.9375 0.46484375 0.034375 0.12734375
0 0.928125 0.4203125 0.02578125 0.0703125
0 0.9046875 0.61015625 0.03515625 0.36328125
0 0.90859375 0.428125 0.03828125 0.07734375
0 0.9078125 0.40078125 0.0375 0.09296875
0 0.88984375 0.384375 0.03125 0.08203125
0 0.875 0.4921875 0.05390625 0.1796875
0 0.8546875 0.471875 0.02421875 0.14375
0 0.8390625 0.42265625 0.0203125 0.05078125
0 0.8203125 0.58671875 0.0765625 0.41875
0 0.8 0.42109375 0.0265625 0.07734375
0 0.778125 0.40546875 0.01875 0.04375
0 0.76171875 0.42109375 0.0234375 0.0796875
0 0.7484375 0.59140625 0.034375 0.3671875
0 0.73515625 0.41328125 0.02265625 0.05390625
0 0.71875 0.44609375 0.02265625 0.0609375
0 0.71875 0.40234375 0.01953125 0.0421875
0 0.6953125 0.4140625 0.025 0.0515625
0 0.67890625 0.59140625 0.0359375 0.3328125
0 0.6703125 0.5734375 0.02890625 0.31640625
0 0.6578125 0.415625 0.0234375 0.05859375
0 0.621875 0.57109375 0.0234375 0.3234375
0 0.60234375 0.4640625 0.0515625 0.12578125
0 0.58046875 0.45 0.0296875 0.1046875
0 0.5453125 0.4359375 0.03984375 0.12109375
0 0.42421875 0.5734375 0.03515625 0.375
0 0.25859375 0.56328125 0.04296875 0.346875
0 0.27109375 0.53671875 0.03203125 0.33203125
0 0.209375 0.41875 0.025 0.09375
0 0.19296875 0.59375 0.0328125 0.365625
0 0.084375 0.43828125 0.040625 0.11875
0 0.034375 0.578125 0.06640625 0.434375
0 0.01171875 0.40546875 0.0234375 0.07421875
0 0.05078125 0.40625 0.0265625 0.06015625
0 0.0671875 0.446875 0.02265625 0.09375
0 0.0953125 0.37265625 0.04453125 0.09296875
0 0.1421875 0.35703125 0.0390625 0.10703125
0 0.1671875 0.35078125 0.0296875 0.0609375
0 0.1265625 0.415625 0.0390625 0.09140625
0 0.190625 0.39453125 0.03203125 0.0671875
0 0.47734375 0.38203125 0.02421875 0.084375
0 0.46171875 0.35546875 0.0234375 0.07265625
0 0.76328125 0.3640625 0.0328125 0.0765625
0 0.57109375 0.62265625 0.040625 0.3609375
0 0.2921875 0.56875 0.04453125 0.3609375
0 0.315625 0.4515625 0.01875 0.084375
0 0.4421875 0.42734375 0.025 0.0859375
0 0.209375 0.34296875 0.03203125 0.071875
0 0.003125 0.86953125 0.00546875 0.01640625
0 0.9921875 0.6109375 0.0140625 0.39375
0 0.5 0.371875 1 0.14375