0 0.25703125 0.4578125 0.040625 0.1015625
0 0.26171875 0.4796875 0.04375 0.1015625
0 0.32734375 0.465625 0.02890625 0.1484375
0 0.3875 0.4765625 0.02890625 0.10546875
0 0.50390625 0.50234375 0.04140625 0.1484375
0 0.41328125 0.51796875 0.053125 0.18359375
0 0.47421875 0.5640625 0.06328125 0.1859375
0 0.97734375 0.71796875 0.04296875 0.146875
0 0.34609375 0.45390625 0.03671875 0.146875
0 0.43046875 0.46015625 0.025 0.0265625
0 0.46640625 0.48046875 0.03125 0.05546875
0 0.79140625 0.4671875 0.053125 0.12890625
0 0.9578125 0.471875 0.08203125 0.0859375