0 0.93515625 0.5734375 0.034375 0.11953125
0 0.9625 0.5515625 0.025 0.028125
0 0.98828125 0.55859375 0.0234375 0.06640625
0 0.90390625 0.59296875 0.04140625 0.14765625
0 0.86953125 0.5796875 0.03203125 0.08515625
0 0.84140625 0.55390625 0.03515625 0.0828125
0 0.840625 0.55234375 0.025 0.084375
0 0.815625 0.5546875 0.04140625 0.09375
0 0.78984375 0.55546875 0.034375 0.08203125
0 0.75703125 0.5625 0.0515625 0.1125
0 0.74765625 0.553125 0.021875 0.075
0 0.7171875 0.553125 0.02890625 0.10703125
0 0.70703125 0.5484375 0.02578125 0.08359375
0 0.6796875 0.54140625 0.0328125 0.09609375
0 0.653125 0.5484375 0.02265625 0.1015625
0 0.640625 0.553125 0.02109375 0.1015625
0 0.62265625 0.55 0.021875 0.10859375
0 0.6078125 0.51171875 0.01953125 0.0375
0 0.59765625 0.5359375 0.021875 0.08828125
0 0.5828125 0.5171875 0.01796875 0.05546875
0 0.5625 0.54453125 0.02421875 0.0828125
0 0.575 0.5015625 0.0109375 0.02265625
0 0.54296875 0.5515625 0.02109375 0.09609375
0 0.54375 0.51953125 0.0203125 0.04609375
0 0.52734375 0.534375 0.021875 0.0828125
0 0.51015625 0.5390625 0.02578125 0.096875
0 0.49765625 0.528125 0.01640625 0.0796875
0 0.48515625 0.53203125 0.0171875 0.0890625
0 0.4703125 0.5359375 0.0203125 0.08828125
0 0.44921875 0.534375 0.0375 0.096875
0 0.43828125 0.528125 0.01953125 0.08203125
0 0.4296875 0.4921875 0.0109375 0.0140625
0 0.42265625 0.52734375 0.015625 0.0734375
0 0.40703125 0.53125 0.02265625 0.0890625
0 0.38671875 0.52890625 0.0203125 0.07109375
0 0.359375 0.5265625 0.0140625 0.065625
0 0.34765625 0.52734375 0.01953125 0.0703125
0 0.33125 0.5234375 0.02421875 0.07421875
0 0.30625 0.5125 0.0140625 0.034375
0 0.2921875 0.525 0.0171875 0.05859375
0 0.26796875 0.4984375 0.01328125 0.01875
0 0.27890625 0.515625 0.02265625 0.06953125
0 0.2546875 0.50859375 0.02109375 0.04609375
0 0.225 0.50078125 0.01015625 0.015625
0 0.0375 0.49453125 0.02265625 0.01953125
0 0.01484375 0.4890625 0.0296875 0.028125
0 0.3203125 0.5203125 0.01640625 0.06875
0 0.39609375 0.52890625 0.01484375 0.05703125
0 0.47421875 0.53359375 0.0234375 0.08203125
0 0.57109375 0.51953125 0.01328125 0.03671875
0 0.6546875 0.534375 0.025 0.08203125
0 0.69609375 0.51640625 0.01328125 0.02421875
0 0.6859375 0.50859375 0.01171875 0.0140625
0 0.775 0.55625 0.01484375 0.07109375
0 0.884375 0.5453125 0.0125 0.04140625
0 0.8890625 0.56171875 0.01953125 0.078125
0 0.925 0.54765625 0.0171875 0.05390625
0 0.69609375 0.55 0.0140625 0.05625
0 0.72109375 0.54453125 0.028125 0.0921875
0 0.01953125 0.4828125 0.00625 0.01796875
0 0.2984375 0.49921875 0.00703125 0.0140625
0 0.334375 0.5 0.02109375 0.01953125
0 0.38984375 0.52890625 0.009375 0.06796875
0 0.47890625 0.51875 0.14296875 0.08203125
0 0.571875 0.478125 0.01484375 0.01875
0 0.609375 0.51015625 0.01171875 0.02265625
0 0.63515625 0.51015625 0.01015625 0.0234375
0 0.6859375 0.4859375 0.009375 0.01015625
0 0.821875 0.5015625 0.00625 0.01015625
0 0.74375 0.49453125 0.0078125 0.01484375
0 0.38046875 0.459375 0.01328125 0.0359375
0 0.11484375 0.475 0.1140625 0.04296875
0 0.03125 0.34296875 0.02421875 0.02734375
0 0.0140625 0.45703125 0.02109375 0.01875
0 0.12421875 0.53359375 0.08203125 0.034375
0 0.76875 0.53515625 0.00625 0.0484375
0 0.37109375 0.49609375 0.0125 0.01875