0 0.159375 0.3875 0.17421875 0.52421875
0 0.209375 0.2890625 0.0671875 0.35078125
0 0.32265625 0.3859375 0.09296875 0.50390625
0 0.359375 0.4171875 0.11015625 0.49765625
0 0.42109375 0.37890625 0.08046875 0.53046875
0 0.4453125 0.42265625 0.12578125 0.49609375
0 0.48515625 0.29453125 0.10546875 0.3734375
0 0.5296875 0.2828125 0.07265625 0.36484375
0 0.5703125 0.33359375 0.0859375 0.44375
0 0.6 0.33671875 0.1015625 0.45390625
0 0.68671875 0.1265625 0.065625 0.0921875
0 0.6890625 0.3828125 0.16796875 0.61328125
0 0.7625 0.35546875 0.09765625 0.49375
0 0.815625 0.3984375 0.09296875 0.59609375
0 0.50625 0.15234375 0.03671875 0.0421875
0 0.1359375 0.09921875 0.0171875 0.04375