0 0.9125 0.74375 0.17265625 0.509375
0 0.8328125 0.6546875 0.10546875 0.284375
0 0.68125 0.75 0.09375 0.42421875
0 0.5453125 0.7609375 0.14453125 0.47578125
0 0.58828125 0.5953125 0.04375 0.11875
0 0.60078125 0.640625 0.03984375 0.24140625
0 0.5234375 0.58203125 0.0328125 0.10703125
0 0.475 0.615625 0.05625 0.22109375
0 0.09921875 0.75625 0.1984375 0.484375
0 0.2375 0.73984375 0.10234375 0.390625
0 0.35 0.75859375 0.15625 0.48046875
0 0.4421875 0.73046875 0.09296875 0.415625
0 0.3796875 0.6375 0.0515625 0.20625
0 0.39375 0.628125 0.03828125 0.18125
0 0.03828125 0.58515625 0.02421875 0.0890625
0 0.175 0.621875 0.04609375 0.1921875
0 0.20390625 0.590625 0.0234375 0.10390625
0 0.30234375 0.57578125 0.028125 0.075
0 0.7078125 0.62890625 0.04375 0.21796875
0 0.7375 0.634375 0.03515625 0.17734375
0 0.7625 0.57265625 0.03515625 0.1171875
0 0.77734375 0.65078125 0.0625 0.259375
0 0.3265625 0.75546875 0.09765625 0.47421875
0 0.4984375 0.55625 0.99609375 0.10546875