0 0.15859375 0.59140625 0.3171875 0.81171875
0 0.18203125 0.44765625 0.1453125 0.33984375
0 0.3328125 0.66796875 0.25625 0.575
0 0.26875 0.48515625 0.06875 0.21484375
0 0.2828125 0.38125 0.071875 0.140625
0 0.3578125 0.47890625 0.15 0.30390625
0 0.43984375 0.63671875 0.1328125 0.56171875
0 0.434375 0.38125 0.046875 0.140625
0 0.4828125 0.54140625 0.090625 0.46953125
0 0.52890625 0.590625 0.1578125 0.55
0 0.56171875 0.6625 0.1265625 0.590625
0 0.57734375 0.3703125 0.0328125 0.09609375
0 0.63359375 0.40078125 0.0359375 0.18828125
0 0.63671875 0.4171875 0.0484375 0.18984375
0 0.71484375 0.4875 0.0703125 0.434375
0 0.74765625 0.6015625 0.0921875 0.70703125
0 0.96875 0.39296875 0.059375 0.2125
0 0.83515625 0.61484375 0.2515625 0.76484375
0 0.92890625 0.45 0.1203125 0.24609375
0 0.35234375 0.32890625 0.0203125 0.02265625
0 0.49296875 0.3359375 0.0234375 0.0578125
0 0.87265625 0.3296875 0.0453125 0.0734375
0 0.9421875 0.68125 0.115625 0.55703125