0 0.32578125 0.78671875 0.20546875 0.24453125
0 0.68203125 0.7890625 0.20390625 0.2375
0 0.42109375 0.73671875 0.10546875 0.25390625
0 0.25546875 0.75234375 0.07421875 0.27109375
0 0.2 0.80078125 0.06875 0.2140625
0 0.4640625 0.69765625 0.0734375 0.17578125
0 0.5234375 0.75078125 0.06640625 0.196875
0 0.5671875 0.79921875 0.08125 0.215625
0 0.784375 0.790625 0.14296875 0.228125
0 0.83125 0.73046875 0.09296875 0.11484375
0 0.91484375 0.82734375 0.1453125 0.165625
0 0.09921875 0.82109375 0.1984375 0.18828125
0 0.3375 0.64609375 0.09765625 0.09609375
0 0.59609375 0.5796875 0.4234375 0.2078125
0 0.49921875 0.815625 0.30234375 0.18203125