0 0.0859375 0.584375 0.16875 0.45234375
0 0.1234375 0.42890625 0.15 0.38828125
0 0.2453125 0.4 0.13125 0.371875
0 0.26875 0.36171875 0.08984375 0.38828125
0 0.37421875 0.44453125 0.11875 0.40859375
0 0.47734375 0.4015625 0.11484375 0.36640625
0 0.540625 0.31953125 0.09609375 0.25
0 0.55703125 0.24140625 0.1234375 0.2703125
0 0.64609375 0.38671875 0.12734375 0.36796875
0 0.74921875 0.28515625 0.1109375 0.29375
0 0.80234375 0.2171875 0.0828125 0.20078125
0 0.91953125 0.2515625 0.15859375 0.2875
0 0.83046875 0.43125 0.10390625 0.4
0 0.88046875 0.4625 0.1609375 0.3984375
0 0.7890625 0.49140625 0.20859375 0.17265625
0 0.4578125 0.60390625 0.13125 0.4171875
0 0.57578125 0.6921875 0.1515625 0.5609375
0 0.6828125 0.82734375 0.1921875 0.34453125
0 0.39140625 0.78671875 0.1953125 0.4265625
0 0.5875 0.00859375 0.025 0.0171875
0 0.11640625 0.01328125 0.2328125 0.0265625
0 0.9875 0.3640625 0.02265625 0.11640625