0 0.034375 0.55078125 0.03359375 0.06953125
0 0.015625 0.54921875 0.02109375 0.07109375
0 0.01015625 0.5265625 0.0125 0.040625
0 0.01953125 0.5109375 0.0078125 0.00703125
0 0.0703125 0.5375 0.02890625 0.05625
0 0.05625 0.53359375 0.02109375 0.05390625
0 0.034375 0.5296875 0.02578125 0.04921875
0 0.09140625 0.53671875 0.028125 0.05546875
0 0.10078125 0.51171875 0.0125 0.015625
0 0.134375 0.5109375 0.02421875 0.01875
0 0.128125 0.5640625 0.0453125 0.10546875
0 0.215625 0.5359375 0.0234375 0.0546875
0 0.18984375 0.5109375 0.0109375 0.0140625
0 0.19921875 0.51796875 0.0171875 0.02890625
0 0.25078125 0.5375 0.02890625 0.05859375
0 0.25078125 0.509375 0.025 0.0171875
0 0.23828125 0.52109375 0.01875 0.0453125
0 0.25859375 0.52265625 0.015625 0.04140625
0 0.3015625 0.51328125 0.00703125 0.01640625
0 0.30859375 0.5265625 0.01484375 0.0421875
0 0.31953125 0.525 0.01015625 0.0375
0 0.39453125 0.515625 0.0171875 0.03515625
0 0.4234375 0.55859375 0.0671875 0.14296875
0 0.47578125 0.525 0.0296875 0.06328125
0 0.4609375 0.5203125 0.0234375 0.05703125
0 0.54765625 0.66796875 0.2 0.40234375
0 0.6 0.53828125 0.0765625 0.1171875
0 0.66640625 0.578125 0.115625 0.234375
0 0.71796875 0.5734375 0.0546875 0.1671875
0 0.803125 0.61875 0.17421875 0.33984375
0 0.85859375 0.4890625 0.04765625 0.0546875
0 0.9109375 0.621875 0.1453125 0.31640625
0 0.971875 0.56328125 0.0546875 0.17109375
0 0.99296875 0.49140625 0.0140625 0.028125
0 0.49296875 0.52421875 0.03828125 0.06015625
0 0.48828125 0.5015625 0.0171875 0.0171875
0 0.73359375 0.48671875 0.078125 0.0359375
0 0.6296875 0.48359375 0.02109375 0.01796875
0 0.44609375 0.5015625 0.03046875 0.0171875
0 0.3046875 0.5015625 0.03515625 0.0046875
0 0.290625 0.525 0.00625 0.03515625
0 0.14765625 0.525 0.0078125 0.04140625
0 0.0078125 0.571875 0.015625 0.09375
0 0.12265625 0.5109375 0.00546875 0.00546875
0 0.37265625 0.515625 0.01015625 0.03671875
0 0.9875 0.4953125 0.0046875 0.01015625
0 0.94296875 0.4984375 0.00625 0.0125
0 0.00234375 0.51953125 0.0046875 0.00859375
0 0.1125 0.51953125 0.0171875 0.03359375
0 0.21796875 0.50390625 0.03046875 0.00703125