0 0.96015625 0.265625 0.03046875 0.109375
0 0.93515625 0.26796875 0.021875 0.09140625
0 0.75078125 0.621875 0.171875 0.68671875
0 0.74921875 0.4890625 0.09296875 0.63515625
0 0.665625 0.4875 0.09765625 0.60859375
0 0.64453125 0.57890625 0.175 0.65625
0 0.575 0.4546875 0.2421875 0.6
0 0.5375 0.62890625 0.13515625 0.58515625
0 0.50078125 0.46328125 0.0890625 0.58046875
0 0.44140625 0.5765625 0.12265625 0.584375
0 0.41640625 0.38359375 0.10390625 0.37421875
0 0.34375 0.35390625 0.07734375 0.2796875
0 0.321875 0.5953125 0.1203125 0.521875
0 0.278125 0.471875 0.065625 0.546875
0 0.21484375 0.53984375 0.14296875 0.5578125
0 0.16171875 0.4578125 0.11328125 0.609375