0 0.040625 0.6890625 0.05546875 0.23984375
0 0.11328125 0.7609375 0.10078125 0.38359375
0 0.14375 0.6703125 0.02578125 0.17421875
0 0.1625 0.6890625 0.0515625 0.20546875
0 0.18984375 0.68046875 0.028125 0.1859375
0 0.28984375 0.6875 0.03828125 0.18359375
0 0.334375 0.678125 0.02890625 0.17421875
0 0.346875 0.7546875 0.0375 0.30625
0 0.37578125 0.65234375 0.05 0.13125
0 0.39140625 0.7859375 0.12890625 0.4171875
0 0.45234375 0.78046875 0.09765625 0.43671875
0 0.48515625 0.709375 0.0875 0.3109375
0 0.578125 0.77109375 0.09609375 0.37265625
0 0.6546875 0.63359375 0.0640625 0.12265625
0 0.72265625 0.73203125 0.2890625 0.5359375
0 0.86328125 0.74921875 0.1078125 0.49765625
0 0.96015625 0.765625 0.0765625 0.46875
0 0.24375 0.7890625 0.11171875 0.41484375
0 0.52734375 0.71015625 0.05078125 0.24453125
0 0.02578125 0.6859375 0.02890625 0.2171875
0 0.22109375 0.615625 0.02578125 0.06953125
0 0.30703125 0.684375 0.02265625 0.18828125
0 0.07265625 0.6140625 0.01796875 0.0296875
0 0.915625 0.74140625 0.0484375 0.353125
0 0.8 0.61796875 0.06328125 0.1109375
0 0.0859375 0.61640625 0.015625 0.03125
0 0.06015625 0.634375 0.015625 0.065625
0 0.11171875 0.35234375 0.2234375 0.11328125
0 0.84453125 0.3921875 0.0609375 0.10078125
0 0.5203125 0.59453125 0.959375 0.1234375
0 0.55234375 0.40078125 0.01953125 0.0296875
0 0.453125 0.4 0.0140625 0.03125
0 0.990625 0.50859375 0.01875 0.05859375