0 0.13828125 0.4265625 0.06171875 0.2140625
0 0.2140625 0.3609375 0.034375 0.18984375
0 0.24296875 0.37734375 0.03828125 0.184375
0 0.25546875 0.48671875 0.04375 0.22578125
0 0.26484375 0.3421875 0.02265625 0.0890625
0 0.29609375 0.32734375 0.0375 0.11640625
0 0.3109375 0.446875 0.06171875 0.28359375
0 0.34453125 0.440625 0.0578125 0.35234375
0 0.47109375 0.3375 0.04609375 0.1046875
0 0.4796875 0.45078125 0.06171875 0.28359375
0 0.51015625 0.3484375 0.03046875 0.08046875
0 0.6234375 0.37578125 0.08125 0.1984375
0 0.6375 0.29140625 0.06171875 0.0734375
0 0.83984375 0.540625 0.08984375 0.47890625
0 0.86875 0.50078125 0.0578125 0.4546875
0 0.89140625 0.36796875 0.0671875 0.24609375
0 0.3796875 0.3625 0.040625 0.13203125
0 0.071875 0.28671875 0.01953125 0.04140625
0 0.171875 0.340625 0.01953125 0.1125
0 0.1890625 0.340625 0.02421875 0.10625
0 0.2671875 0.4859375 0.07109375 0.22578125
0 0.5484375 0.55859375 0.1515625 0.54375
0 0.65703125 0.5421875 0.18359375 0.60703125
0 0.690625 0.51484375 0.16484375 0.475
0 0.79765625 0.540625 0.1140625 0.55546875
0 0.465625 0.3578125 0.03203125 0.059375
0 0.1 0.29453125 0.2 0.09609375
0 0.27421875 0.30546875 0.12109375 0.06796875