0 0.12734375 0.64375 0.05625 0.2265625
0 0.15234375 0.5609375 0.08671875 0.26484375
0 0.23125 0.5390625 0.04453125 0.1984375
0 0.26328125 0.5234375 0.0375 0.2046875
0 0.26328125 0.53828125 0.05078125 0.23984375
0 0.30703125 0.58046875 0.040625 0.1765625
0 0.30234375 0.51640625 0.02265625 0.05703125
0 0.321875 0.5265625 0.03203125 0.18515625
0 0.33828125 0.53828125 0.02890625 0.18671875
0 0.378125 0.54609375 0.04453125 0.25390625
0 0.42734375 0.54140625 0.05625 0.26953125
0 0.403125 0.5234375 0.0234375 0.17421875
0 0.45078125 0.52109375 0.025 0.18046875
0 0.46796875 0.51640625 0.02421875 0.15390625
0 0.48203125 0.53125 0.02265625 0.146875
0 0.49609375 0.56015625 0.03828125 0.20546875
0 0.5171875 0.4765625 0.0125 0.059375
0 0.50703125 0.478125 0.0125 0.05625
0 0.49765625 0.45 0.00625 0.0109375
0 0.484375 0.4578125 0.0109375 0.02109375
0 0.525 0.47109375 0.01171875 0.05
0 0.53203125 0.4625 0.00625 0.03203125
0 0.5390625 0.53515625 0.02578125 0.1703125
0 0.55 0.46796875 0.00859375 0.03046875
0 0.553125 0.465625 0.00546875 0.025
0 0.5625 0.546875 0.03984375 0.20859375
0 0.57890625 0.51484375 0.01875 0.14609375
0 0.60625 0.5609375 0.05078125 0.2609375
0 0.61875 0.55078125 0.03125 0.23046875
0 0.63125 0.53203125 0.02578125 0.19140625
0 0.6578125 0.559375 0.05078125 0.21484375
0 0.6734375 0.52734375 0.01171875 0.14375
0 0.66640625 0.46796875 0.01484375 0.040625
0 0.64375 0.5015625 0.0171875 0.13671875
0 0.7078125 0.4703125 0.01015625 0.0203125
0 0.7171875 0.66875 0.10078125 0.52578125
0 0.7328125 0.46875 0.0640625 0.10390625
0 0.7796875 0.5484375 0.04921875 0.278125
0 0.79296875 0.54453125 0.04453125 0.234375
0 0.68984375 0.4625 0.02109375 0.04921875
0 0.8828125 0.57734375 0.05234375 0.246875
0 0.92734375 0.51953125 0.05625 0.15703125
0 0.9265625 0.46796875 0.0203125 0.078125
0 0.93984375 0.71171875 0.1203125 0.5765625
0 0.415625 0.446875 0.01171875 0.01484375
0 0.49296875 0.4484375 0.02421875 0.01640625
0 0.60390625 0.4546875 0.125 0.01484375
0 0.759375 0.453125 0.01640625 0.025
0 0.67109375 0.46640625 0.015625 0.02578125
0 0.971875 0.44140625 0.05546875 0.04296875
0 0.63515625 0.89609375 0.17890625 0.0703125
0 0.86015625 0.79921875 0.09921875 0.040625
0 0.55078125 0.68828125 0.0890625 0.028125