0 0.228125 0.38671875 0.01875 0.09453125
0 0.25234375 0.384375 0.0296875 0.1078125
0 0.2765625 0.38671875 0.034375 0.103125
0 0.30859375 0.43046875 0.0453125 0.18203125
0 0.34140625 0.425 0.0390625 0.16171875
0 0.3734375 0.35390625 0.0375 0.06953125
0 0.36796875 0.41875 0.0359375 0.16875
0 0.4234375 0.41796875 0.08125 0.3234375
0 0.509375 0.5203125 0.13125 0.55078125
0 0.56953125 0.51796875 0.0640625 0.37109375
0 0.6921875 0.50703125 0.115625 0.44296875
0 0.89296875 0.346875 0.0390625 0.1640625
0 0.9625 0.45859375 0.075 0.1796875
0 0.33125 0.34921875 0.025 0.046875
0 0.46640625 0.36328125 0.0453125 0.096875
0 0.6734375 0.38125 0.028125 0.10546875
0 0.740625 0.31484375 0.025 0.1125
0 0.9046875 0.46171875 0.071875 0.14140625
0 0.2921875 0.36328125 0.01875 0.0609375
0 0.2171875 0.36875 0.009375 0.03125
0 0.2390625 0.35625 0.015625 0.046875
0 0.2671875 0.3453125 0.015625 0.03828125
0 0.26015625 0.41328125 0.0109375 0.040625
0 0.3125 0.54296875 0.04375 0.046875
0 0.34609375 0.5203125 0.0265625 0.03359375
0 0.396875 0.3515625 0.009375 0.0609375
0 0.57578125 0.3609375 0.0609375 0.159375