0 0.2125 0.49921875 0.01640625 0.02890625
0 0.2125 0.53359375 0.02734375 0.07421875
0 0.215625 0.58828125 0.03359375 0.10625
0 0.2515625 0.5140625 0.025 0.06875
0 0.25078125 0.55546875 0.0578125 0.07734375
0 0.31796875 0.47578125 0.01875 0.028125
0 0.321875 0.43984375 0.01640625 0.053125
0 0.32890625 0.45546875 0.0140625 0.05234375
0 0.3328125 0.50078125 0.01796875 0.04296875
0 0.32734375 0.55078125 0.04921875 0.07734375
0 0.29921875 0.54765625 0.03515625 0.05
0 0.3078125 0.6015625 0.07578125 0.12890625
0 0.31640625 0.67734375 0.1125 0.25
0 0.384375 0.52421875 0.01875 0.06796875
0 0.4125 0.53359375 0.02421875 0.08671875
0 0.51796875 0.58203125 0.0390625 0.165625
0 0.68828125 0.57578125 0.0421875 0.1671875
0 0.70625 0.5609375 0.02109375 0.1953125
0 0.3625 0.51484375 0.00859375 0.06171875
0 0.3265625 0.41484375 0.015625 0.034375
0 0.315625 0.5 0.015625 0.03203125
0 0.63828125 0.503125 0.20234375 0.10703125
0 0.27109375 0.4296875 0.034375 0.07734375
0 0.68828125 0.60234375 0.05703125 0.1
0 0.3984375 0.5109375 0.025 0.05
0 0.45859375 0.49921875 0.08203125 0.040625
0 0.5171875 0.49921875 0.021875 0.04140625
0 0.22109375 0.49609375 0.021875 0.03359375
0 0.2015625 0.52578125 0.009375 0.09453125