0 0.03125 0.64453125 0.05859375 0.18671875
0 0.08125 0.6390625 0.05703125 0.184375
0 0.12265625 0.62890625 0.03671875 0.14921875
0 0.14296875 0.64921875 0.05390625 0.19609375
0 0.03359375 0.61953125 0.04765625 0.13515625
0 0.16796875 0.621875 0.03125 0.13125
0 0.234375 0.63671875 0.05703125 0.16015625
0 0.23359375 0.6203125 0.04609375 0.14453125
0 0.32421875 0.58515625 0.02890625 0.08828125
0 0.3578125 0.63984375 0.05546875 0.15
0 0.36328125 0.56875 0.03125 0.0734375
0 0.48515625 0.634375 0.0390625 0.14140625
0 0.51328125 0.64140625 0.04609375 0.15234375
0 0.52421875 0.64921875 0.05703125 0.15390625
0 0.559375 0.63515625 0.0390625 0.14140625
0 0.62890625 0.63203125 0.0296875 0.15
0 0.6921875 0.6625 0.07109375 0.2203125
0 0.7421875 0.73984375 0.08125 0.33359375
0 0.7796875 0.73359375 0.05234375 0.3046875
0 0.81328125 0.64609375 0.04453125 0.15234375
0 0.83203125 0.659375 0.04375 0.175
0 0.85234375 0.6640625 0.05390625 0.18671875
0 0.88203125 0.64609375 0.03359375 0.15703125
0 0.90625 0.65 0.03828125 0.1796875
0 0.94296875 0.6625 0.05703125 0.19609375
0 0.975 0.66015625 0.04765625 0.1828125
0 0.98125 0.69921875 0.0359375 0.22890625
0 0.71015625 0.51171875 0.025 0.0796875
0 0.00546875 0.5921875 0.0109375 0.0546875
0 0.24921875 0.584375 0.0328125 0.10078125
0 0.84375 0.57109375 0.02265625 0.0359375
0 0.94609375 0.57734375 0.04140625 0.05703125
0 0.99375 0.57421875 0.0125 0.0296875
0 0.6359375 0.44453125 0.0140625 0.0375
0 0.3828125 0.5640625 0.0203125 0.028125
0 0.315625 0.53515625 0.0296875 0.04609375
0 0.30234375 0.57890625 0.01484375 0.0453125
0 0.62890625 0.546875 0.0421875 0.04921875
0 0.51015625 0.28984375 0.125 0.15625
0 0.7328125 0.60625 0.04375 0.08046875