0 0.028125 0.56796875 0.05625 0.184375
0 0.034375 0.44765625 0.04765625 0.128125
0 0.084375 0.59296875 0.09453125 0.2125
0 0.0734375 0.49296875 0.0671875 0.13125
0 0.0875 0.44140625 0.059375 0.11953125
0 0.10859375 0.396875 0.040625 0.08125
0 0.1390625 0.5890625 0.10546875 0.22421875
0 0.140625 0.4359375 0.0625 0.11328125
0 0.11875 0.49453125 0.05078125 0.11953125
0 0.1703125 0.41015625 0.04921875 0.10078125
0 0.18125 0.4484375 0.05390625 0.13671875
0 0.2265625 0.66328125 0.1015625 0.06796875
0 0.3703125 0.5375 0.40390625 0.76640625
0 0.359375 0.56328125 0.096875 0.159375
0 0.321875 0.47109375 0.04140625 0.05859375
0 0.3453125 0.45859375 0.03359375 0.071875
0 0.403125 0.47265625 0.06015625 0.153125
0 0.4078125 0.57890625 0.03515625 0.121875
0 0.4375 0.63046875 0.10625 0.22109375
0 0.41484375 0.39140625 0.04375 0.10078125
0 0.44765625 0.328125 0.059375 0.1375
0 0.4765625 0.2828125 0.03359375 0.07421875
0 0.50234375 0.32734375 0.0609375 0.14140625
0 0.45546875 0.40234375 0.0421875 0.11875
0 0.47890625 0.38359375 0.03125 0.03125
0 0.48203125 0.4859375 0.05625 0.13203125
0 0.5140625 0.54609375 0.1046875 0.20078125
0 0.52890625 0.62578125 0.1078125 0.22578125
0 0.528125 0.37265625 0.034375 0.03984375
0 0.5453125 0.42578125 0.05546875 0.09921875
0 0.540625 0.29453125 0.05234375 0.13046875
0 0.5765625 0.3296875 0.06171875 0.14921875
0 0.60703125 0.27578125 0.04375 0.10234375
0 0.6484375 0.27265625 0.0609375 0.09140625
0 0.6375 0.33359375 0.06015625 0.16875
0 0.578125 0.3921875 0.03984375 0.090625
0 0.63671875 0.4 0.046875 0.09765625
0 0.6015625 0.428125 0.05625 0.10234375
0 0.590625 0.50390625 0.05859375 0.20546875
0 0.675 0.47109375 0.0453125 0.18046875
0 0.62578125 0.54140625 0.09375 0.19921875
0 0.63125 0.63671875 0.12890625 0.29296875
0 0.68671875 0.3 0.03125 0.125
0 0.72890625 0.26484375 0.0625 0.09375
0 0.77578125 0.26640625 0.05625 0.12578125
0 0.853125 0.31875 0.11015625 0.31875
0 0.72109375 0.32890625 0.06875 0.18125
0 0.7875 0.26875 0.03515625 0.05
0 0.80703125 0.38984375 0.13125 0.28125
0 0.7109375 0.39921875 0.05625 0.084375
0 0.7140625 0.453125 0.05390625 0.10234375
0 0.7453125 0.5171875 0.12109375 0.196875
0 0.73984375 0.52734375 0.0953125 0.165625
0 0.7296875 0.6203125 0.10546875 0.221875
0 0.7421875 0.74453125 0.15546875 0.32578125
0 0.8671875 0.78359375 0.18359375 0.34375
0 0.83203125 0.56953125 0.0796875 0.209375
0 0.875 0.6296875 0.11640625 0.21171875
0 0.96171875 0.7203125 0.075 0.296875
0 0.95546875 0.57109375 0.0890625 0.1453125
0 0.959375 0.26796875 0.08046875 0.48046875
0 0.04375 0.840625 0.0875 0.315625
0 0.0078125 0.459375 0.015625 0.05
0 0.97421875 0.909375 0.0515625 0.18125
0 0.51953125 0.09609375 0.1640625 0.16796875
0 0.64453125 0.19765625 0.0640625 0.05390625
0 0.89921875 0.15546875 0.065625 0.10234375