0 0.034375 0.40546875 0.06875 0.1578125
0 0.121875 0.8125 0.21953125 0.37421875
0 0.209375 0.81875 0.0734375 0.3625
0 0.265625 0.80546875 0.053125 0.3890625
0 0.290625 0.75703125 0.03515625 0.19296875
0 0.3265625 0.8265625 0.08125 0.346875
0 0.35546875 0.7734375 0.04765625 0.30703125
0 0.46953125 0.728125 0.0421875 0.134375
0 0.51484375 0.68359375 0.02421875 0.125
0 0.6046875 0.71171875 0.03203125 0.16953125
0 0.6734375 0.815625 0.159375 0.36640625
0 0.7890625 0.58828125 0.0390625 0.13984375
0 0.915625 0.65625 0.02265625 0.11796875
0 0.93671875 0.6640625 0.02734375 0.13671875
0 0.2828125 0.6625 0.115625 0.15625
0 0.47890625 0.6734375 0.046875 0.11015625
0 0.61796875 0.6625 0.025 0.13125