0 0.253125 0.6921875 0.11640625 0.47890625
0 0.17265625 0.70234375 0.1609375 0.490625
0 0.0609375 0.80703125 0.0640625 0.1109375
0 0.01953125 0.80625 0.0390625 0.12421875
0 0.44609375 0.8078125 0.0390625 0.09921875
0 0.4953125 0.80703125 0.0421875 0.10234375
0 0.56640625 0.81953125 0.0453125 0.0703125
0 0.44609375 0.75 0.03828125 0.06875
0 0.49765625 0.703125 0.03203125 0.1203125
0 0.52265625 0.62109375 0.0265625 0.07890625
0 0.54140625 0.63359375 0.028125 0.121875
0 0.5078125 0.57421875 0.01953125 0.10546875
0 0.5765625 0.58984375 0.0140625 0.1109375
0 0.5484375 0.53359375 0.0203125 0.0953125
0 0.5703125 0.51953125 0.0171875 0.07890625
0 0.58671875 0.5078125 0.0203125 0.04375
0 0.56171875 0.49140625 0.02421875 0.07734375
0 0.525 0.48515625 0.0234375 0.06328125
0 0.51640625 0.71875 0.01171875 0.08515625
0 0.4734375 0.68046875 0.0234375 0.08046875
0 0.6125 0.53046875 0.040625 0.121875