0 0.10625 0.92734375 0.0328125 0.1453125
0 0.12734375 0.925 0.034375 0.1453125
0 0.1953125 0.9234375 0.03828125 0.14765625
0 0.215625 0.92890625 0.04609375 0.13828125
0 0.25625 0.9296875 0.02734375 0.1359375
0 0.23203125 0.88359375 0.015625 0.08125
0 0.2984375 0.92734375 0.02578125 0.1265625
0 0.33046875 0.9234375 0.02734375 0.1140625
0 0.35390625 0.9296875 0.02890625 0.1359375
0 0.31640625 0.8859375 0.02109375 0.090625
0 0.37734375 0.8796875 0.0171875 0.06875
0 0.3875 0.92734375 0.02578125 0.11171875
0 0.41171875 0.9265625 0.02265625 0.1140625
0 0.44296875 0.9234375 0.04296875 0.15234375
0 0.35 0.87109375 0.02265625 0.04765625
0 0.4828125 0.934375 0.02890625 0.10234375
0 0.51328125 0.91875 0.01875 0.109375
0 0.53671875 0.934375 0.02734375 0.1265625
0 0.55390625 0.9203125 0.02578125 0.10234375
0 0.578125 0.89765625 0.02421875 0.06171875
0 0.590625 0.94140625 0.053125 0.11640625
0 0.640625 0.934375 0.0671875 0.13125
0 0.6765625 0.93203125 0.05 0.13125
0 0.71484375 0.940625 0.053125 0.11875
0 0.48359375 0.88125 0.02109375 0.06171875
0 0.5140625 0.85234375 0.01171875 0.03828125
0 0.81796875 0.89609375 0.02109375 0.07890625
0 0.85390625 0.9109375 0.01875 0.09765625
0 0.91015625 0.91796875 0.09140625 0.1640625
0 0.93359375 0.8953125 0.0703125 0.209375
0 0.96875 0.91171875 0.0625 0.1765625
0 0.98359375 0.89296875 0.0328125 0.109375
0 0.78125 0.89375 0.0140625 0.0546875
0 0.784375 0.890625 0.01171875 0.04765625
0 0.49765625 0.8859375 0.9953125 0.184375
0 0.39375 0.634375 0.03828125 0.11171875
0 0.46640625 0.44140625 0.053125 0.2546875