0 0.11796875 0.57890625 0.1703125 0.53984375
0 0.26484375 0.64453125 0.18984375 0.6859375
0 0.2765625 0.51484375 0.1 0.4375
0 0.42890625 0.60859375 0.2421875 0.7796875
0 0.56328125 0.615625 0.134375 0.75390625
0 0.67421875 0.6515625 0.1515625 0.69609375
0 0.3484375 0.5953125 0.0875 0.6265625
0 0.79375 0.3703125 0.07734375 0.0984375
0 0.76328125 0.340625 0.0375 0.1265625
0 0.73359375 0.3578125 0.07109375 0.14609375
0 0.62890625 0.61953125 0.0734375 0.5640625
0 0.8984375 0.5734375 0.19140625 0.8484375
0 0.4765625 0.51640625 0.08359375 0.41484375
0 0.30625 0.38046875 0.03046875 0.11640625
0 0.33125 0.5203125 0.05546875 0.3890625
0 0.3734375 0.07734375 0.746875 0.1546875
0 0.83515625 0.33515625 0.1109375 0.1625
0 0.646875 0.334375 0.10078125 0.0734375
0 0.74921875 0.3390625 0.01484375 0.0421875
0 0.13984375 0.5265625 0.08671875 0.44765625
0 0.03828125 0.4203125 0.0765625 0.2828125
0 0.25078125 0.3265625 0.0734375 0.1078125