0 0.40546875 0.40390625 0.034375 0.10390625
0 0.38671875 0.45390625 0.05390625 0.2109375
0 0.25390625 0.659375 0.21640625 0.49609375
0 0.4265625 0.72421875 0.175 0.36796875
0 0.446875 0.36953125 0.04453125 0.0703125
0 0.4984375 0.54765625 0.125 0.58671875
0 0.53671875 0.49921875 0.0578125 0.3671875
0 0.5859375 0.590625 0.09921875 0.4359375
0 0.59921875 0.3671875 0.0515625 0.14609375
0 0.68203125 0.53984375 0.09609375 0.34296875
0 0.78046875 0.5734375 0.203125 0.48671875
0 0.9203125 0.46171875 0.1234375 0.28359375
0 0.9015625 0.5734375 0.175 0.49765625
0 0.3 0.52109375 0.0359375 0.084375
0 0.31484375 0.5421875 0.06015625 0.1546875
0 0.32734375 0.525 0.084375 0.178125
0 0.3546875 0.4921875 0.0859375 0.16015625
0 0.46328125 0.3734375 0.02578125 0.03125
0 0.4359375 0.3640625 0.01953125 0.0375
0 0.25234375 0.4109375 0.040625 0.034375
0 0.51015625 0.85078125 0.1234375 0.13671875
0 0.3859375 0.38203125 0.0109375 0.0375
0 0.42109375 0.41484375 0.0140625 0.1078125
0 0.34453125 0.403125 0.015625 0.053125