0 0.040625 0.03515625 0.025 0.0703125
0 0.084375 0.04765625 0.0296875 0.0953125
0 0.128125 0.05390625 0.0375 0.1078125
0 0.228125 0.04609375 0.028125 0.0921875
0 0.4203125 0.05390625 0.034375 0.1078125
0 0.553125 0.0421875 0.03359375 0.084375
0 0.5171875 0.06875 0.03515625 0.12421875
0 0.01484375 0.34609375 0.0296875 0.2765625
0 0.0234375 0.38515625 0.03984375 0.27890625
0 0.04296875 0.39375 0.05625 0.25625
0 0.08125 0.38359375 0.0828125 0.25859375
0 0.12578125 0.2828125 0.0484375 0.09296875
0 0.14921875 0.42109375 0.0796875 0.32109375
0 0.19609375 0.24765625 0.03359375 0.0578125
0 0.21796875 0.31953125 0.0828125 0.16171875
0 0.28671875 0.36953125 0.08828125 0.31875
0 0.32578125 0.3421875 0.06953125 0.2765625
0 0.4171875 0.35625 0.05 0.08828125
0 0.5046875 0.45 0.06640625 0.32109375
0 0.54453125 0.32890625 0.03984375 0.25859375
0 0.5921875 0.3109375 0.06484375 0.2453125
0 0.65703125 0.34375 0.075 0.2234375
0 0.75 0.43671875 0.09140625 0.28984375
0 0.0203125 0.65234375 0.03984375 0.3671875
0 0.0734375 0.65703125 0.103125 0.43359375
0 0.1859375 0.51015625 0.14296875 0.3515625
0 0.2234375 0.4953125 0.07109375 0.32265625
0 0.18671875 0.553125 0.084375 0.35859375
0 0.16953125 0.590625 0.109375 0.415625
0 0.334375 0.63515625 0.11796875 0.45546875
0 0.42265625 0.49921875 0.09140625 0.334375
0 0.51328125 0.50234375 0.08671875 0.32734375
0 0.63359375 0.53984375 0.11796875 0.35390625
0 0.76796875 0.5640625 0.12109375 0.37578125
0 0.55625 0.36875 0.06953125 0.25859375
0 0.34296875 0.034375 0.11796875 0.06875
0 0.4609375 0.02734375 0.075 0.0546875
0 0.528125 0.0265625 0.03359375 0.053125
0 0.6421875 0.034375 0.078125 0.06875
0 0.028125 0.23203125 0.01328125 0.0265625
0 0.12734375 0.234375 0.03828125 0.03984375
0 0.18984375 0.41484375 0.03828125 0.1484375
0 0.0078125 0.4234375 0.01484375 0.121875