0 0.059375 0.8046875 0.08984375 0.20234375
0 0.1359375 0.78515625 0.05859375 0.1953125
0 0.1375 0.76953125 0.09375 0.21484375
0 0.20859375 0.78046875 0.0921875 0.18671875
0 0.43046875 0.74765625 0.0921875 0.2140625
0 0.41328125 0.6609375 0.02578125 0.05625
0 0.3921875 0.72890625 0.02109375 0.16640625
0 0.63359375 0.74375 0.09609375 0.2171875
0 0.7421875 0.76796875 0.10546875 0.19296875
0 0.93828125 0.66640625 0.03671875 0.04296875
0 0.0984375 0.8796875 0.021875 0.02109375
0 0.39765625 0.63828125 0.03515625 0.0515625
0 0.43515625 0.63203125 0.0296875 0.04765625
0 0.83671875 0.646875 0.03828125 0.0390625
0 0.41328125 0.4625 0.1265625 0.0734375