0 0.6046875 0.67578125 0.02265625 0.06171875
0 0.6921875 0.665625 0.0125 0.0546875
0 0.85390625 0.65859375 0.02109375 0.0828125
0 0.8765625 0.67578125 0.0390625 0.10390625
0 0.7859375 0.6609375 0.02109375 0.04609375
0 0.796875 0.659375 0.02734375 0.04765625
0 0.82109375 0.65546875 0.01953125 0.04453125
0 0.16328125 0.67734375 0.08515625 0.0625
0 0.2515625 0.67578125 0.0375 0.0453125
0 0.43515625 0.6671875 0.01953125 0.053125
0 0.49375 0.66328125 0.01640625 0.05
0 0.5265625 0.66796875 0.021875 0.0625