0 0.8765625 0.85390625 0.14453125 0.2875
0 0.9078125 0.77578125 0.13046875 0.24765625
0 0.96171875 0.74140625 0.07421875 0.22109375
0 0.9859375 0.65625 0.028125 0.11640625
0 0.9796875 0.575 0.0375 0.0625
0 0.921875 0.65078125 0.053125 0.19375
0 0.8359375 0.73359375 0.07734375 0.27109375
0 0.80546875 0.65390625 0.034375 0.125
0 0.78671875 0.62109375 0.0375 0.10390625
0 0.7890625 0.81484375 0.0796875 0.20390625
0 0.72578125 0.8125 0.08359375 0.22109375
0 0.76171875 0.67734375 0.07734375 0.14609375
0 0.7515625 0.640625 0.08828125 0.14375
0 0.7078125 0.65234375 0.03984375 0.13359375
0 0.7265625 0.596875 0.028125 0.06875
0 0.71796875 0.57578125 0.02109375 0.07734375
0 0.6828125 0.66171875 0.04140625 0.13515625
0 0.6609375 0.77265625 0.05390625 0.08359375
0 0.6640625 0.78828125 0.20078125 0.14765625
0 0.653125 0.61015625 0.03203125 0.08359375
0 0.6171875 0.640625 0.04921875 0.17265625
0 0.5875 0.67578125 0.06953125 0.18125
0 0.5265625 0.66171875 0.0578125 0.16875
0 0.471875 0.69140625 0.084375 0.23359375
0 0.4265625 0.628125 0.06015625 0.15625
0 0.3421875 0.803125 0.090625 0.36015625
0 0.38671875 0.74765625 0.0296875 0.12890625
0 0.37890625 0.64140625 0.046875 0.125
0 0.29921875 0.74453125 0.0703125 0.31015625
0 0.26015625 0.71953125 0.06953125 0.18125
0 0.2390625 0.63515625 0.0515625 0.12109375
0 0.190625 0.74375 0.09296875 0.2875
0 0.12109375 0.78125 0.07265625 0.25859375
0 0.14453125 0.715625 0.046875 0.24765625
0 0.1046875 0.66953125 0.04609375 0.15625
0 0.04375 0.75390625 0.07890625 0.29140625
0 0.125 0.615625 0.03203125 0.08984375
0 0.2734375 0.54765625 0.01875 0.05390625
0 0.28671875 0.58828125 0.01640625 0.05234375
0 0.28203125 0.54296875 0.01640625 0.05625
0 0.31015625 0.55625 0.0203125 0.0625
0 0.415625 0.53515625 0.02109375 0.05859375
0 0.3953125 0.57734375 0.02265625 0.05859375
0 0.57421875 0.56171875 0.0203125 0.06015625
0 0.58828125 0.55859375 0.02109375 0.05859375
0 0.1921875 0.63359375 0.04921875 0.09609375
0 0.078125 0.85625 0.06484375 0.12109375
0 0.2390625 0.87578125 0.15 0.24765625
0 0.28828125 0.8921875 0.0921875 0.215625
0 0.48828125 0.81015625 0.0796875 0.18359375
0 0.42109375 0.79375 0.0796875 0.20390625
0 0.4234375 0.74296875 0.065625 0.13515625
0 0.5390625 0.8125 0.07734375 0.18359375
0 0.65078125 0.73125 0.053125 0.16640625
0 0.68203125 0.753125 0.04453125 0.21484375
0 0.265625 0.55 0.01171875 0.05390625
0 0.690625 0.596875 0.0203125 0.05234375
0 0.6671875 0.57109375 0.0296875 0.04140625
0 0.8765625 0.49375 0.15625 0.2
0 0.49609375 0.45625 0.3484375 0.24140625
0 0.52421875 0.60625 0.09296875 0.05859375
0 0.34140625 0.60625 0.03515625 0.05390625
0 0.2203125 0.6 0.02578125 0.05
0 0.04765625 0.94453125 0.0953125 0.11015625
0 0.540625 0.9171875 0.9125 0.165625
0 0.15859375 0.63125 0.02109375 0.04140625
0 0.10546875 0.584375 0.01171875 0.02734375
0 0.0109375 0.846875 0.02109375 0.09765625
0 0.296875 0.53515625 0.01640625 0.05
0 0.40703125 0.61875 0.04609375 0.05390625
0 0.7234375 0.459375 0.05078125 0.08984375