0 0.7203125 0.740625 0.12890625 0.35859375
0 0.5859375 0.71796875 0.36015625 0.396875
0 0.49609375 0.71640625 0.1546875 0.3703125
0 0.3609375 0.70234375 0.17890625 0.36796875
0 0.3375 0.74296875 0.1671875 0.303125
0 0.19609375 0.73515625 0.1546875 0.35
0 0.1359375 0.61796875 0.10234375 0.48984375
0 0.25625 0.5375 0.2046875 0.26171875
0 0.2 0.45703125 0.1921875 0.2765625
0 0.3203125 0.53671875 0.1203125 0.3296875
0 0.3953125 0.51328125 0.0984375 0.21015625
0 0.4765625 0.5984375 0.09765625 0.36640625
0 0.5890625 0.50859375 0.13984375 0.2234375
0 0.78203125 0.63359375 0.2390625 0.5203125
0 0.70546875 0.6234375 0.23359375 0.503125
0 0.6203125 0.378125 0.2171875 0.1765625
0 0.48125 0.371875 0.04765625 0.08984375
0 0.43359375 0.425 0.16484375 0.1765625
0 0.3296875 0.39609375 0.2765625 0.18515625
0 0.1453125 0.36171875 0.28984375 0.13359375
0 0.7984375 0.25078125 0.4 0.028125
0 0.64453125 0.334375 0.7109375 0.0484375