0 0.1578125 0.67109375 0.04453125 0.1125
0 0.159375 0.66796875 0.0421875 0.09765625
0 0.178125 0.66953125 0.03359375 0.09375
0 0.26328125 0.64765625 0.03203125 0.07109375
0 0.26796875 0.64765625 0.0234375 0.06640625
0 0.29296875 0.61484375 0.01328125 0.06640625
0 0.30625 0.61015625 0.0140625 0.08359375
0 0.334375 0.609375 0.0125 0.04765625
0 0.3453125 0.60859375 0.0078125 0.04609375
0 0.3765625 0.609375 0.0078125 0.03984375
0 0.38828125 0.60625 0.00859375 0.05859375
0 0.3921875 0.60859375 0.01328125 0.05859375
0 0.4 0.60625 0.01015625 0.05390625
0 0.4078125 0.61015625 0.0125 0.05859375
0 0.5203125 0.6125 0.015625 0.06640625
0 0.534375 0.61171875 0.015625 0.07265625
0 0.6078125 0.61953125 0.02109375 0.09375
0 0.625 0.621875 0.01875 0.08984375
0 0.640625 0.62421875 0.01875 0.09375
0 0.6796875 0.61015625 0.0109375 0.04609375
0 0.84375 0.68046875 0.04453125 0.09765625
0 0.91015625 0.696875 0.0421875 0.11875
0 0.278125 0.6125 0.015625 0.02890625
0 0.36015625 0.60703125 0.0265625 0.03515625
0 0.434375 0.59375 0.03515625 0.02890625
0 0.57734375 0.59921875 0.0453125 0.02265625
0 0.66484375 0.60859375 0.02109375 0.04140625
0 0.73125 0.61328125 0.01875 0.03984375
0 0.109375 0.64453125 0.01328125 0.01875
0 0.2015625 0.60859375 0.01640625 0.025
0 0.5015625 0.28984375 0.08515625 0.13359375