0 0.33125 0.65703125 0.03203125 0.184375
0 0.3546875 0.65390625 0.05546875 0.221875
0 0.38203125 0.65234375 0.03046875 0.171875
0 0.39765625 0.65390625 0.05390625 0.190625
0 0.45546875 0.63828125 0.03828125 0.184375
0 0.66640625 0.6671875 0.06328125 0.28203125
0 0.66875 0.7046875 0.071875 0.1671875
0 0.5015625 0.7 0.06328125 0.1734375
0 0.503125 0.696875 0.05390625 0.1671875
0 0.4984375 0.67578125 0.0765625 0.146875
0 0.49609375 0.66875 0.05859375 0.1109375
0 0.10546875 0.621875 0.0765625 0.0734375
0 0.4125 0.73125 0.15234375 0.0703125
0 0.728125 0.71015625 0.0515625 0.165625
0 0.65078125 0.58203125 0.10234375 0.075