0 0.928125 0.5375 0.03125 0.13046875
0 0.91484375 0.5609375 0.0546875 0.171875
0 0.89609375 0.56484375 0.04609375 0.19375
0 0.86796875 0.565625 0.071875 0.22734375
0 0.784375 0.546875 0.02421875 0.1203125
0 0.77109375 0.54453125 0.05390625 0.1453125
0 0.728125 0.571875 0.0453125 0.1875
0 0.709375 0.55390625 0.02734375 0.11875
0 0.6890625 0.5421875 0.03046875 0.1234375
0 0.67578125 0.546875 0.05859375 0.15234375
0 0.66953125 0.54765625 0.03984375 0.13671875
0 0.55546875 0.56015625 0.071875 0.15859375
0 0.54375 0.5578125 0.05625 0.1484375
0 0.42578125 0.575 0.07421875 0.18203125
0 0.4203125 0.5671875 0.05859375 0.17890625
0 0.4328125 0.56015625 0.02734375 0.17265625
0 0.3609375 0.5515625 0.03828125 0.15859375
0 0.3171875 0.51328125 0.02421875 0.0765625
0 0.29375 0.54921875 0.03203125 0.1421875
0 0.28359375 0.54921875 0.034375 0.13046875
0 0.1796875 0.553125 0.040625 0.15859375
0 0.05546875 0.54453125 0.0296875 0.1390625
0 0.54765625 0.60859375 0.0140625 0.03515625
0 0.28046875 0.6015625 0.0078125 0.01484375
0 0.2328125 0.50859375 0.028125 0.10234375
0 0.16796875 0.5859375 0.0140625 0.03984375