0 0.97109375 0.865625 0.05546875 0.26640625
0 0.8140625 0.9140625 0.10859375 0.17109375
0 0.8921875 0.8609375 0.0703125 0.275
0 0.93828125 0.8515625 0.0546875 0.22109375
0 0.96484375 0.88203125 0.0296875 0.2296875
0 0.9421875 0.759375 0.0234375 0.0484375
0 0.9109375 0.77109375 0.01953125 0.0484375
0 0.8625 0.80390625 0.03046875 0.134375
0 0.81953125 0.78828125 0.01953125 0.08046875
0 0.8 0.7890625 0.0203125 0.0875
0 0.78671875 0.79453125 0.0265625 0.0890625
0 0.7671875 0.86328125 0.046875 0.209375
0 0.84609375 0.79765625 0.01640625 0.10546875
0 0.83359375 0.80078125 0.0203125 0.1203125
0 0.8078125 0.78515625 0.015625 0.0875
0 0.75703125 0.77265625 0.0125 0.05703125
0 0.70390625 0.815625 0.040625 0.14609375
0 0.6625 0.81796875 0.03046875 0.15078125
0 0.634375 0.81796875 0.03203125 0.15078125
0 0.56875 0.865625 0.053125 0.21640625
0 0.421875 0.8953125 0.06640625 0.20625
0 0.45390625 0.87421875 0.05859375 0.24921875
0 0.4734375 0.84765625 0.0390625 0.228125
0 0.22890625 0.8953125 0.10078125 0.20625
0 0.0609375 0.896875 0.121875 0.20625
0 0.1171875 0.884375 0.07421875 0.228125
0 0.2171875 0.8125 0.0359375 0.1140625
0 0.26796875 0.85546875 0.0359375 0.19453125
0 0.196875 0.8 0.040625 0.1421875
0 0.6828125 0.7953125 0.01640625 0.09375
0 0.715625 0.7984375 0.02421875 0.121875
0 0.89296875 0.80546875 0.028125 0.1375
0 0.91875 0.79453125 0.0171875 0.10390625
0 0.553125 0.50546875 0.084375 0.14609375
0 0.90546875 0.7359375 0.0296875 0.021875
0 0.846875 0.7375 0.01640625 0.01328125
0 0.809375 0.74375 0.00859375 0.01484375
0 0.76953125 0.74765625 0.009375 0.01875
0 0.75546875 0.74765625 0.0109375 0.021875
0 0.734375 0.803125 0.01953125 0.1421875
0 0.8953125 0.75078125 0.00859375 0.01171875
0 0.871875 0.7515625 0.0109375 0.021875
0 0.94765625 0.74453125 0.00859375 0.01328125
0 0.784375 0.75 0.0203125 0.0203125
0 0.8015625 0.740625 0.00859375 0.00859375
0 0.7046875 0.74921875 0.00625 0.01015625
0 0.878125 0.70703125 0.065625 0.06171875
0 0.66875 0.75078125 0.01171875 0.0203125
0 0.803125 0.71640625 0.025 0.01875