0 0.0265625 0.9296875 0.053125 0.140625
0 0.0671875 0.91015625 0.0734375 0.17890625
0 0.26875 0.8796875 0.0875 0.2375
0 0.315625 0.87109375 0.04765625 0.2578125
0 0.35625 0.77890625 0.0578125 0.2625
0 0.4890625 0.8203125 0.06328125 0.26875
0 0.52109375 0.76875 0.0625 0.19296875
0 0.525 0.74921875 0.05703125 0.22421875
0 0.59609375 0.7359375 0.075 0.203125
0 0.59453125 0.70390625 0.06796875 0.2046875
0 0.590625 0.63984375 0.04921875 0.178125
0 0.59765625 0.5765625 0.03515625 0.115625
0 0.63203125 0.60703125 0.04609375 0.15390625
0 0.73203125 0.76640625 0.09375 0.24375
0 0.7703125 0.68828125 0.04375 0.17578125
0 0.7375 0.64609375 0.0375 0.1328125
0 0.0125 0.55390625 0.025 0.10390625
0 0.0265625 0.5546875 0.02578125 0.0890625
0 0.08046875 0.5609375 0.0296875 0.103125
0 0.08984375 0.559375 0.01953125 0.0890625
0 0.11328125 0.5984375 0.0359375 0.12265625
0 0.146875 0.5875 0.0328125 0.1140625
0 0.11171875 0.5078125 0.02578125 0.0890625
0 0.121875 0.4984375 0.01484375 0.075
0 0.13125 0.51640625 0.01796875 0.08984375
0 0.146875 0.5109375 0.02109375 0.06796875
0 0.16328125 0.5125 0.01875 0.07890625
0 0.20078125 0.51015625 0.02734375 0.0796875
0 0.22578125 0.50703125 0.0234375 0.0828125
0 0.18828125 0.4703125 0.01640625 0.05859375
0 0.19921875 0.46328125 0.015625 0.05
0 0.2 0.446875 0.01171875 0.0484375
0 0.2078125 0.44375 0.0125 0.05
0 0.2421875 0.44609375 0.0140625 0.04609375
0 0.25 0.44453125 0.01015625 0.04375
0 0.3953125 0.4296875 0.0171875 0.03203125
0 0.38203125 0.45 0.0125 0.0609375
0 0.40390625 0.43984375 0.00859375 0.053125
0 0.40859375 0.43984375 0.01171875 0.053125
0 0.38359375 0.46875 0.0203125 0.07890625
0 0.36796875 0.4765625 0.025 0.0765625
0 0.26484375 0.49453125 0.015625 0.04609375
0 0.27890625 0.50390625 0.01953125 0.0703125
0 0.3 0.5140625 0.0265625 0.08671875
0 0.25390625 0.596875 0.046875 0.13125
0 0.28515625 0.5828125 0.021875 0.10390625
0 0.27109375 0.58125 0.02578125 0.1234375
0 0.34921875 0.50390625 0.015625 0.05
0 0.34375 0.54140625 0.0234375 0.10625
0 0.32421875 0.57890625 0.03203125 0.1375
0 0.36171875 0.5921875 0.03046875 0.13359375
0 0.39609375 0.46328125 0.01796875 0.06015625
0 0.4203125 0.5140625 0.02265625 0.0828125
0 0.46796875 0.51328125 0.02421875 0.08671875
0 0.51015625 0.496875 0.02578125 0.071875
0 0.6125 0.5109375 0.034375 0.08203125
0 0.65 0.52734375 0.02265625 0.096875
0 0.66953125 0.53203125 0.02890625 0.109375
0 0.6796875 0.5390625 0.0359375 0.1140625
0 0.69453125 0.5109375 0.01875 0.0890625
0 0.6953125 0.5984375 0.02890625 0.1328125
0 0.71640625 0.6125 0.02734375 0.13984375
0 0.7484375 0.56875 0.03203125 0.084375
0 0.765625 0.5671875 0.0265625 0.10703125
0 0.7390625 0.54453125 0.028125 0.084375
0 0.725 0.44609375 0.0109375 0.04765625
0 0.73046875 0.434375 0.0140625 0.05859375
0 0.7390625 0.43671875 0.01171875 0.05
0 0.75625 0.42578125 0.0140625 0.021875
0 0.759375 0.465625 0.0203125 0.06484375
0 0.77421875 0.44453125 0.0140625 0.05078125
0 0.7921875 0.4703125 0.0171875 0.0703125
0 0.80078125 0.4765625 0.0171875 0.053125
0 0.79765625 0.53203125 0.021875 0.0984375
0 0.81484375 0.559375 0.02578125 0.11875
0 0.81171875 0.51796875 0.02421875 0.05625
0 0.81640625 0.484375 0.021875 0.0359375
0 0.8140625 0.46015625 0.01328125 0.0453125
0 0.821875 0.44921875 0.0078125 0.0140625
0 0.825 0.47890625 0.01484375 0.065625
0 0.82890625 0.45390625 0.0140625 0.06015625
0 0.8421875 0.4484375 0.0171875 0.065625
0 0.840625 0.46640625 0.015625 0.0671875
0 0.8453125 0.546875 0.0390625 0.12578125
0 0.86796875 0.5078125 0.02109375 0.065625
0 0.88046875 0.48984375 0.0203125 0.04296875
0 0.86875 0.5671875 0.03828125 0.1140625
0 0.89765625 0.51953125 0.02578125 0.0578125
0 0.884375 0.58046875 0.0375 0.1421875
0 0.91015625 0.5 0.01796875 0.08046875
0 0.93515625 0.559375 0.03046875 0.09140625
0 0.95703125 0.51640625 0.03515625 0.11640625
0 0.95234375 0.47265625 0.01796875 0.04609375
0 0.9328125 0.67578125 0.05859375 0.1890625
0 0.0546875 0.5046875 0.109375 0.1015625
0 0.16015625 0.45703125 0.06953125 0.07421875
0 0.2515625 0.43046875 0.11328125 0.0703125
0 0.36953125 0.39453125 0.10703125 0.08671875
0 0.4796875 0.36015625 0.1140625 0.06015625
0 0.271875 0.5125 0.02421875 0.040625
0 0.340625 0.4828125 0.00703125 0.0140625
0 0.33359375 0.53203125 0.015625 0.02734375
0 0.39140625 0.45 0.0046875 0.02578125
0 0.5234375 0.43046875 0.0453125 0.0390625
0 0.5953125 0.44140625 0.02109375 0.05546875
0 0.67578125 0.45 0.084375 0.0609375
0 0.7484375 0.49921875 0.0328125 0.05234375
0 0.753125 0.44765625 0.01640625 0.040625
0 0.82421875 0.49453125 0.0125 0.03203125
0 0.853125 0.4703125 0.0203125 0.0625
0 0.84140625 0.54609375 0.0234375 0.0875
0 0.8765625 0.546875 0.02109375 0.10078125
0 0.928125 0.4890625 0.03046875 0.09140625
0 0.928125 0.93828125 0.140625 0.1234375
0 0.68515625 0.35546875 0.071875 0.05078125
0 0.88203125 0.26484375 0.2359375 0.09375
0 0.44375 0.28125 0.334375 0.05390625
0 0.23984375 0.259375 0.02421875 0.06328125