0 0.55234375 0.59296875 0.26484375 0.8109375
0 0.9109375 0.54609375 0.1765625 0.9046875
0 0.85703125 0.4765625 0.1296875 0.64296875
0 0.76953125 0.47421875 0.1578125 0.66171875
0 0.63828125 0.22421875 0.159375 0.2734375
0 0.5046875 0.55546875 0.11328125 0.759375
0 0.8546875 0.23125 0.05390625 0.0875
0 0.82109375 0.20859375 0.05859375 0.08828125
0 0.71875 0.346875 0.078125 0.3140625
0 0.2984375 0.525 0.209375 0.790625
0 0.1296875 0.50625 0.1796875 0.69140625
0 0.0578125 0.45 0.115625 0.55625
0 0.2375 0.43359375 0.0984375 0.59609375
0 0.15546875 0.178125 0.1390625 0.1734375
0 0.0390625 0.396875 0.078125 0.475
0 0.2171875 0.165625 0.0234375 0.0859375
0 0.98828125 0.22421875 0.0234375 0.0765625
0 0.74609375 0.22265625 0.01953125 0.02578125