0 0.25390625 0.75703125 0.05234375 0.12578125
0 0.3296875 0.765625 0.0359375 0.146875
0 0.27578125 0.6359375 0.0296875 0.08828125
0 0.18984375 0.546875 0.025 0.08203125
0 0.1734375 0.49296875 0.02109375 0.06484375
0 0.4078125 0.8453125 0.06953125 0.29375
0 0.37578125 0.81796875 0.05625 0.22734375
0 0.3796875 0.8265625 0.05234375 0.253125
0 0.48828125 0.74921875 0.025 0.10234375
0 0.43828125 0.75234375 0.03359375 0.13515625
0 0.56796875 0.76640625 0.03203125 0.14921875
0 0.62265625 0.75390625 0.02109375 0.1078125
0 0.45703125 0.60625 0.034375 0.06640625
0 0.353125 0.69375 0.02109375 0.078125
0 0.6484375 0.71953125 0.03046875 0.10234375
0 0.6703125 0.75234375 0.03046875 0.11953125
0 0.68828125 0.76484375 0.02265625 0.11015625
0 0.7078125 0.7453125 0.03203125 0.07421875
0 0.759375 0.74921875 0.03046875 0.0859375
0 0.78359375 0.74140625 0.02265625 0.078125
0 0.7671875 0.78046875 0.01484375 0.01953125
0 0.81875 0.8109375 0.03203125 0.19765625
0 0.8375 0.81171875 0.0375 0.18046875
0 0.85703125 0.81953125 0.034375 0.0859375
0 0.86796875 0.85859375 0.034375 0.0859375
0 0.978125 0.81875 0.04375 0.2375
0 0.50390625 0.49140625 0.01328125 0.04140625
0 0.48125 0.48125 0.01328125 0.04140625
0 0.246875 0.50859375 0.01328125 0.0375
0 0.8796875 0.75625 0.02109375 0.1078125
0 0.44296875 0.5921875 0.68828125 0.3140625
0 0.15625 0.271875 0.071875 0.15859375
0 0.90078125 0.71953125 0.1984375 0.1234375