0 0.5875 0.80390625 0.075 0.34765625
0 0.378125 0.828125 0.1453125 0.33984375
0 0.2703125 0.82734375 0.0984375 0.34296875
0 0.475 0.7015625 0.034375 0.1421875
0 0.45390625 0.70546875 0.01875 0.12890625
0 0.42890625 0.65390625 0.0234375 0.06484375
0 0.50078125 0.69375 0.04375 0.12578125
0 0.5203125 0.68125 0.0234375 0.0953125
0 0.56171875 0.67734375 0.02421875 0.10546875
0 0.6078125 0.66015625 0.0203125 0.0703125
0 0.6203125 0.6765625 0.025 0.10390625
0 0.66328125 0.725 0.03125 0.0515625
0 0.54609375 0.6734375 0.01875 0.07734375
0 0.53125 0.6703125 0.015625 0.08203125
0 0.48515625 0.64296875 0.01484375 0.03359375
0 0.62890625 0.64375 0.0171875 0.0296875
0 0.5578125 0.6484375 0.0578125 0.05