0 0.02109375 0.57421875 0.0421875 0.33125
0 0.06953125 0.55078125 0.0890625 0.36484375
0 0.1234375 0.56875 0.06015625 0.34609375
0 0.2 0.56015625 0.05078125 0.27890625
0 0.26875 0.55390625 0.0609375 0.35
0 0.29765625 0.57109375 0.02265625 0.10390625
0 0.31171875 0.575 0.02265625 0.10390625
0 0.33828125 0.57734375 0.02578125 0.1
0 0.3609375 0.575 0.01796875 0.0875
0 0.3796875 0.57265625 0.01796875 0.08359375
0 0.4921875 0.584375 0.03203125 0.07265625
0 0.5171875 0.55625 0.04375 0.32109375
0 0.5453125 0.565625 0.02265625 0.08984375
0 0.5671875 0.56484375 0.01640625 0.0875
0 0.57734375 0.56875 0.01171875 0.075
0 0.58359375 0.56796875 0.01640625 0.08125
0 0.60625 0.575 0.0203125 0.09140625
0 0.65546875 0.55 0.09765625 0.4125
0 0.65703125 0.565625 0.03515625 0.26875
0 0.7109375 0.61015625 0.03203125 0.1625
0 0.75703125 0.56328125 0.05625 0.25625
0 0.81953125 0.553125 0.05625 0.27734375
0 0.85 0.56640625 0.03046875 0.22890625
0 0.87734375 0.57109375 0.06015625 0.225
0 0.9328125 0.56015625 0.053125 0.24140625
0 0.99453125 0.571875 0.0109375 0.13125
0 0.11328125 0.63984375 0.2265625 0.37890625
0 0.39765625 0.571875 0.21015625 0.10625
0 0.5734375 0.56953125 0.09765625 0.07265625
0 0.7421875 0.565625 0.1421875 0.09375
0 0.9296875 0.56796875 0.0984375 0.09765625