0 0.5625 0.778125 0.025 0.11015625
0 0.5859375 0.778125 0.028125 0.10625
0 0.7 0.81953125 0.06953125 0.25234375
0 0.84375 0.78515625 0.046875 0.21640625
0 0.5390625 0.746875 0.01328125 0.06015625
0 0.57421875 0.75703125 0.0140625 0.08984375
0 0.590625 0.740625 0.01171875 0.04375
0 0.6359375 0.76328125 0.02109375 0.06015625
0 0.60703125 0.76015625 0.02734375 0.05390625
0 0.65703125 0.7625 0.01640625 0.0625
0 0.46953125 0.759375 0.01640625 0.05625
0 0.7484375 0.92421875 0.05546875 0.02265625
0 0.86484375 0.821875 0.03984375 0.03984375
0 0.50546875 0.74765625 0.03671875 0.0375
0 0.4796875 0.74453125 0.00625 0.03515625
0 0.02265625 0.78359375 0.0109375 0.03359375