0 0.0421875 0.63046875 0.03984375 0.1046875
0 0.07109375 0.61328125 0.025 0.05078125
0 0.075 0.68359375 0.01484375 0.08671875
0 0.08984375 0.62578125 0.02578125 0.09453125
0 0.125 0.603125 0.0328125 0.078125
0 0.16015625 0.64375 0.06171875 0.20234375
0 0.19921875 0.65 0.02578125 0.16015625
0 0.21875 0.65078125 0.04765625 0.18125
0 0.25625 0.64375 0.04453125 0.20234375
0 0.2796875 0.659375 0.03515625 0.1453125
0 0.31953125 0.6609375 0.0328125 0.1453125
0 0.30546875 0.6609375 0.021875 0.13203125
0 0.359375 0.65390625 0.025 0.08828125
0 0.38515625 0.65546875 0.0203125 0.08515625
0 0.4140625 0.64609375 0.06328125 0.19140625
0 0.45078125 0.68203125 0.0328125 0.11953125
0 0.47421875 0.678125 0.0359375 0.13046875
0 0.496875 0.6578125 0.02578125 0.103125
0 0.53203125 0.659375 0.0296875 0.1
0 0.56015625 0.66328125 0.0359375 0.15
0 0.578125 0.665625 0.028125 0.10625
0 0.58828125 0.65859375 0.02421875 0.1109375
0 0.60234375 0.6828125 0.0203125 0.075
0 0.62734375 0.6578125 0.03984375 0.15546875
0 0.6640625 0.6625 0.04765625 0.18125
0 0.69296875 0.6671875 0.025 0.103125
0 0.7078125 0.64453125 0.01875 0.04765625
0 0.73203125 0.6734375 0.04921875 0.1375
0 0.74765625 0.63203125 0.0296875 0.078125
0 0.76640625 0.6734375 0.028125 0.11796875
0 0.80078125 0.6765625 0.02421875 0.1046875
0 0.80390625 0.64921875 0.01875 0.040625
0 0.8390625 0.65859375 0.06328125 0.22890625
0 0.88984375 0.64765625 0.01640625 0.05078125
0 0.9140625 0.67890625 0.05234375 0.16796875
0 0.9453125 0.68671875 0.0359375 0.103125
0 0.96484375 0.6734375 0.03671875 0.1859375
0 0.98671875 0.67109375 0.025 0.22734375
0 0.16640625 0.64296875 0.0453125 0.19140625
0 0.28671875 0.6484375 0.03046875 0.146875
0 0.81328125 0.66640625 0.0203125 0.0390625
0 0.009375 0.66328125 0.01875 0.1375
0 0.603125 0.62734375 0.0171875 0.0359375
0 0.47734375 0.628125 0.07421875 0.06015625
0 0.33671875 0.6484375 0.02734375 0.071875
0 0.1109375 0.62109375 0.01484375 0.06875
0 0.77578125 0.6484375 0.01484375 0.05234375
0 0.93203125 0.678125 0.01640625 0.1140625
0 0.06171875 0.60625 0.01015625 0.01953125
0 0.63984375 0.7140625 0.01640625 0.01953125