0 0.1296875 0.58125 0.259375 0.834375
0 0.08671875 0.5453125 0.15390625 0.83125
0 0.27578125 0.59296875 0.19140625 0.72265625
0 0.21640625 0.5171875 0.15859375 0.78828125
0 0.5 0.59609375 0.26171875 0.80546875
0 0.52890625 0.2953125 0.1078125 0.1859375
0 0.56953125 0.2484375 0.053125 0.16171875
0 0.6265625 0.4640625 0.19296875 0.53828125
0 0.67109375 0.2671875 0.05859375 0.1125
0 0.78828125 0.5796875 0.35 0.840625
0 0.890625 0.32109375 0.13515625 0.25546875
0 0.9625 0.2734375 0.075 0.14375
0 0.91953125 0.26328125 0.0875 0.12421875
0 0.23984375 0.71875 0.05703125 0.13828125
0 0.16796875 0.2640625 0.046875 0.08984375
0 0.6546875 0.20859375 0.04140625 0.03984375
0 0.9484375 0.6375 0.1015625 0.72265625
0 0.0546875 0.7625 0.109375 0.471875
0 0.3453125 0.52734375 0.1 0.6171875
0 0.1375 0.88203125 0.053125 0.17109375
0 0.61171875 0.85703125 0.05703125 0.103125