0 0.11328125 0.5140625 0.22578125 0.82734375
0 0.2328125 0.4453125 0.1984375 0.67734375
0 0.153125 0.3875 0.13203125 0.56796875
0 0.28203125 0.3953125 0.090625 0.590625
0 0.390625 0.46171875 0.203125 0.6375
0 0.33828125 0.13984375 0.07890625 0.0796875
0 0.453125 0.2015625 0.103125 0.22265625
0 0.51328125 0.4453125 0.1546875 0.7359375
0 0.6578125 0.45859375 0.22578125 0.81015625
0 0.6015625 0.171875 0.0578125 0.08828125
0 0.8203125 0.42578125 0.18515625 0.74453125
0 0.85546875 0.5234375 0.26328125 0.90859375
0 0.49921875 0.08359375 0.05625 0.04296875