0 0.9578125 0.53046875 0.08125 0.20546875
0 0.9390625 0.45859375 0.034375 0.12109375
0 0.9640625 0.4375 0.025 0.06015625
0 0.9828125 0.4140625 0.01875 0.04921875
0 0.96953125 0.39609375 0.0109375 0.02265625
0 0.99140625 0.44296875 0.0140625 0.0671875
0 0.865625 0.6015625 0.08125 0.3
0 0.91640625 0.39921875 0.0140625 0.06015625
0 0.9078125 0.39921875 0.015625 0.06015625
0 0.8953125 0.39921875 0.0125 0.05625
0 0.87890625 0.4171875 0.0234375 0.046875
0 0.853125 0.4265625 0.025 0.078125
0 0.8421875 0.42734375 0.040625 0.07578125
0 0.83359375 0.3984375 0.0203125 0.0578125
0 0.82109375 0.396875 0.0140625 0.05625
0 0.809375 0.41953125 0.03125 0.078125
0 0.79609375 0.40078125 0.0265625 0.04453125
0 0.78828125 0.39140625 0.0203125 0.0578125
0 0.76484375 0.4125 0.0328125 0.078125
0 0.76328125 0.40859375 0.0203125 0.078125
0 0.72421875 0.39609375 0.0140625 0.05390625
0 0.7359375 0.3734375 0.009375 0.0359375
0 0.74140625 0.37109375 0.0140625 0.04453125
0 0.72734375 0.3703125 0.0078125 0.0203125
0 0.7203125 0.37734375 0.009375 0.0421875
0 0.69921875 0.38828125 0.0171875 0.06484375
0 0.70859375 0.3890625 0.0171875 0.05390625
0 0.71171875 0.38046875 0.0140625 0.05390625
0 0.6859375 0.37734375 0.015625 0.046875
0 0.671875 0.38671875 0.015625 0.04921875
0 0.64453125 0.378125 0.0109375 0.0359375
0 0.62109375 0.38515625 0.0171875 0.04921875
0 0.6 0.38125 0.0125 0.046875
0 0.5796875 0.3828125 0.015625 0.05390625
0 0.59453125 0.38046875 0.0140625 0.04921875
0 0.571875 0.378125 0.015625 0.04453125
0 0.56953125 0.3734375 0.0109375 0.040625
0 0.56015625 0.38515625 0.0140625 0.04921875
0 0.55859375 0.36875 0.0109375 0.0359375
0 0.54609375 0.38046875 0.0140625 0.04921875
0 0.5390625 0.37734375 0.0125 0.0515625
0 0.52578125 0.38515625 0.0109375 0.040625
0 0.53046875 0.37734375 0.0078125 0.03828125
0 0.5125 0.38828125 0.015625 0.05625
0 0.5125 0.3859375 0.0125 0.0515625
0 0.49921875 0.38359375 0.0171875 0.06015625
0 0.4890625 0.38125 0.015625 0.05625
0 0.48203125 0.3859375 0.0171875 0.06015625
0 0.4734375 0.38046875 0.0125 0.040625
0 0.46484375 0.3828125 0.0171875 0.0578125
0 0.45078125 0.38125 0.0140625 0.0515625
0 0.43515625 0.38125 0.0109375 0.046875
0 0.4265625 0.38125 0.015625 0.0515625
0 0.41484375 0.37578125 0.0109375 0.04921875
0 0.409375 0.38125 0.015625 0.0515625
0 0.40078125 0.38046875 0.0171875 0.05390625
0 0.3953125 0.38125 0.0125 0.0515625
0 0.3875 0.38359375 0.015625 0.05625
0 0.3796875 0.38125 0.0125 0.05625
0 0.37109375 0.375 0.0109375 0.046875
0 0.3609375 0.3828125 0.01875 0.0671875
0 0.32890625 0.3828125 0.0140625 0.05390625
0 0.31484375 0.38671875 0.0171875 0.05390625
0 0.3046875 0.38125 0.015625 0.06015625
0 0.29375 0.38828125 0.0125 0.05625
0 0.30078125 0.37265625 0.0140625 0.02421875
0 0.29140625 0.38515625 0.0140625 0.0625
0 0.27109375 0.38671875 0.0171875 0.0625
0 0.2640625 0.3859375 0.021875 0.06484375
0 0.25390625 0.3859375 0.0203125 0.06484375
0 0.22890625 0.3890625 0.0203125 0.0625
0 0.2171875 0.40859375 0.028125 0.06953125
0 0.1984375 0.3890625 0.021875 0.0671875
0 0.203125 0.3828125 0.015625 0.0625
0 0.17578125 0.4046875 0.0265625 0.07578125
0 0.1515625 0.396875 0.021875 0.06484375
0 0.15859375 0.39140625 0.0171875 0.04921875
0 0.11484375 0.4140625 0.0421875 0.103125
0 0.11953125 0.41484375 0.0328125 0.09140625
0 0.12890625 0.4125 0.0203125 0.0875
0 0.1015625 0.39453125 0.01875 0.078125
0 0.0921875 0.40078125 0.025 0.07578125
0 0.04375 0.421875 0.03125 0.10078125
0 0.1578125 0.50703125 0.05625 0.2078125
0 0.3703125 0.565625 0.0875 0.21953125
0 0.45703125 0.48671875 0.0484375 0.12734375
0 0.4765625 0.6140625 0.0875 0.30625
0 0.52578125 0.465625 0.0453125 0.14296875
0 0.5484375 0.61171875 0.06875 0.29765625
0 0.6890625 0.5671875 0.08125 0.26171875
0 0.16875 0.36328125 0.015625 0.02890625
0 0.08828125 0.38359375 0.0203125 0.06484375
0 0.96015625 0.37109375 0.0765625 0.04921875
0 0.86875 0.3828125 0.04375 0.0359375
0 0.7796875 0.3671875 0.034375 0.02265625
0 0.8203125 0.36015625 0.046875 0.02265625
0 0.634375 0.37734375 0.009375 0.03828125
0 0.65703125 0.37578125 0.0140625 0.03125
0 0.5859375 0.37578125 0.00625 0.0359375
0 0.47734375 0.359375 0.0078125 0.0203125
0 0.4421875 0.37890625 0.009375 0.0421875
0 0.01796875 0.3859375 0.0234375 0.06953125
0 0.03984375 0.3703125 0.0140625 0.03828125
0 0.21484375 0.36328125 0.0203125 0.02890625
0 0.90703125 0.34140625 0.0390625 0.03359375
0 0.3328125 0.3625 0.009375 0.0265625
0 0.2453125 0.34921875 0.04375 0.01796875
0 0.146875 0.34375 0.15 0.02421875