0 0.846875 0.83984375 0.1890625 0.3171875
0 0.1109375 0.89375 0.1375 0.21171875
0 0.19609375 0.81953125 0.08984375 0.13125
0 0.24453125 0.87578125 0.1171875 0.2484375
0 0.06796875 0.8421875 0.04609375 0.1015625
0 0.3109375 0.8640625 0.0484375 0.271875
0 0.3875 0.8046875 0.0296875 0.16875
0 0.4328125 0.85234375 0.05234375 0.234375
0 0.48046875 0.83203125 0.05859375 0.2609375
0 0.5265625 0.8640625 0.0609375 0.24921875
0 0.54921875 0.81484375 0.0359375 0.20078125
0 0.57578125 0.85 0.0609375 0.27734375
0 0.62734375 0.85703125 0.0625 0.28125
0 0.67890625 0.8640625 0.06484375 0.26796875
0 0.509375 0.75546875 0.01640625 0.05078125
0 0.6 0.74375 0.02265625 0.046875
0 0.52734375 0.73359375 0.0328125 0.03359375
0 0.590625 0.73203125 0.0140625 0.03359375
0 0.60859375 0.73203125 0.0171875 0.04140625
0 0.64453125 0.73671875 0.0265625 0.06171875