0 0.94609375 0.8046875 0.1078125 0.390625
0 0.8140625 0.87890625 0.1796875 0.24140625
0 0.5796875 0.8921875 0.17890625 0.21328125
0 0.9796875 0.4515625 0.040625 0.21015625
0 0.890625 0.6328125 0.16796875 0.57890625
0 0.95625 0.38671875 0.07109375 0.16875
0 0.95625 0.39453125 0.06953125 0.19140625
0 0.77109375 0.50859375 0.1125 0.47109375
0 0.715625 0.6890625 0.1484375 0.6203125
0 0.65859375 0.31328125 0.153125 0.1890625
0 0.646875 0.409375 0.08046875 0.21796875
0 0.57578125 0.671875 0.159375 0.57421875
0 0.5078125 0.3046875 0.23125 0.32109375
0 0.3671875 0.65625 0.18828125 0.5296875
0 0.4140625 0.9265625 0.15390625 0.146875
0 0.3453125 0.36171875 0.15078125 0.21953125
0 0.25078125 0.36953125 0.1421875 0.31796875
0 0.20859375 0.6796875 0.20625 0.6390625
0 0.1921875 0.9078125 0.16796875 0.184375
0 0.14453125 0.35390625 0.1140625 0.2390625
0 0.2546875 0.43046875 0.115625 0.21796875
0 0.0203125 0.37890625 0.040625 0.2953125
0 0.0734375 0.6796875 0.146875 0.6390625
0 0.8359375 0.559375 0.10390625 0.4359375
0 0.4703125 0.6421875 0.17578125 0.7125