0 0.078125 0.54453125 0.15390625 0.67109375
0 0.0890625 0.40625 0.17734375 0.696875
0 0.15234375 0.34921875 0.19921875 0.67109375
0 0.24765625 0.38515625 0.06640625 0.28125
0 0.26328125 0.34140625 0.11015625 0.43984375
0 0.34140625 0.3734375 0.1 0.52421875
0 0.37421875 0.31640625 0.065625 0.45703125
0 0.49453125 0.20859375 0.03671875 0.128125
0 0.484375 0.56328125 0.27265625 0.73203125
0 0.9171875 0.3328125 0.165625 0.653125
0 0.0203125 0.91953125 0.040625 0.1390625
0 0.04375 0.62890625 0.0484375 0.13671875
0 0.19609375 0.4453125 0.0296875 0.22421875
0 0.9703125 0.68828125 0.059375 0.33046875
0 0.9546875 0.38359375 0.0546875 0.18515625