0 0.78046875 0.70234375 0.325 0.5921875
0 0.95859375 0.434375 0.05390625 0.26953125
0 0.8765625 0.52265625 0.1546875 0.34765625
0 0.67265625 0.7015625 0.1859375 0.59609375
0 0.6 0.72578125 0.0859375 0.5296875
0 0.4625 0.734375 0.1546875 0.52890625
0 0.3296875 0.7046875 0.18828125 0.58984375
0 0.10625 0.7734375 0.21171875 0.45078125
0 0.19921875 0.69453125 0.2484375 0.6109375
0 0.49609375 0.54609375 0.1265625 0.34765625
0 0.86015625 0.4 0.13984375 0.2328125
0 0.896875 0.4 0.06953125 0.2359375
0 0.934375 0.30078125 0.0625 0.14296875
0 0.9578125 0.3984375 0.0515625 0.1953125
0 0.79375 0.32890625 0.0734375 0.178125
0 0.715625 0.41015625 0.090625 0.22890625
0 0.653125 0.43359375 0.0984375 0.16171875
0 0.63125 0.3953125 0.0921875 0.178125
0 0.5546875 0.47578125 0.08203125 0.33984375
0 0.4046875 0.39765625 0.103125 0.19921875
0 0.32421875 0.45859375 0.15 0.2109375
0 0.45 0.38203125 0.059375 0.15
0 0.49296875 0.33203125 0.071875 0.15078125
0 0.0390625 0.46484375 0.078125 0.17734375
0 0.078125 0.5046875 0.103125 0.2046875
0 0.21953125 0.50390625 0.09375 0.1640625
0 0.23515625 0.36484375 0.065625 0.15859375
0 0.096875 0.3390625 0.0546875 0.115625
0 0.23359375 0.29140625 0.05859375 0.09375
0 0.31640625 0.32421875 0.040625 0.10703125
0 0.29921875 0.34375 0.03984375 0.16171875
0 0.8703125 0.26484375 0.0359375 0.0640625
0 0.9140625 0.38203125 0.053125 0.18359375
0 0.8796875 0.23203125 0.03828125 0.07265625
0 0.98515625 0.25625 0.0296875 0.06640625
0 0.896875 0.275 0.03046875 0.0453125
0 0.93203125 0.24140625 0.03828125 0.071875
0 0.9515625 0.265625 0.0265625 0.09921875
0 0.74375 0.2390625 0.03046875 0.053125
0 0.7875 0.2375 0.02734375 0.05859375
0 0.70234375 0.23984375 0.03515625 0.05234375
0 0.7171875 0.23203125 0.03046875 0.05703125
0 0.73125 0.24140625 0.02265625 0.053125
0 0.66484375 0.24609375 0.0328125 0.05703125
0 0.66484375 0.21171875 0.02421875 0.040625
0 0.5984375 0.31484375 0.0421875 0.14296875
0 0.66484375 0.3421875 0.04375 0.16171875
0 0.62265625 0.25625 0.0359375 0.06640625
0 0.5453125 0.27578125 0.04765625 0.08046875
0 0.4625 0.28671875 0.034375 0.078125
0 0.51015625 0.30625 0.0359375 0.1
0 0.53828125 0.39140625 0.046875 0.23828125
0 0.5546875 0.23046875 0.04296875 0.0625
0 0.4484375 0.265625 0.0296875 0.08046875
0 0.4234375 0.3671875 0.0359375 0.203125
0 0.36171875 0.353125 0.04765625 0.09921875
0 0.3984375 0.3125 0.053125 0.11171875
0 0.36953125 0.27421875 0.03203125 0.06640625
0 0.18515625 0.29453125 0.05 0.07265625
0 0.19140625 0.35 0.046875 0.14609375
0 0.14296875 0.3734375 0.1140625 0.14453125
0 0.109375 0.29140625 0.03515625 0.07578125
0 0.26328125 0.3453125 0.04375 0.18515625
0 0.1203125 0.384375 0.05078125 0.05859375
0 0.9234375 0.8265625 0.14765625 0.34609375
0 0.5125 0.92265625 0.240625 0.1546875
0 0.83984375 0.25625 0.02734375 0.05234375
0 0.99453125 0.2875 0.0109375 0.02890625
0 0.940625 0.2796875 0.01640625 0.021875
0 0.93671875 0.209375 0.0234375 0.04140625
0 0.83203125 0.21796875 0.053125 0.03515625
0 0.7359375 0.2015625 0.084375 0.02890625
0 0.759375 0.2359375 0.01484375 0.0234375
0 0.6890625 0.2171875 0.01875 0.0328125
0 0.6375 0.225 0.0296875 0.05703125
0 0.5953125 0.2171875 0.05 0.04453125
0 0.5640625 0.29453125 0.0234375 0.02890625
0 0.4953125 0.22109375 0.075 0.06484375
0 0.38046875 0.2234375 0.128125 0.0640625
0 0.45234375 0.20234375 0.0140625 0.0375
0 0.03984375 0.353125 0.07421875 0.06875
0 0.26953125 0.2328125 0.09375 0.06875
0 0.86796875 0.21171875 0.01640625 0.05078125