0 0.03515625 0.67109375 0.0703125 0.5171875
0 0.02109375 0.43046875 0.04140625 0.1140625
0 0.03046875 0.44609375 0.0484375 0.1296875
0 0.10234375 0.45625 0.05546875 0.1703125
0 0.15078125 0.49453125 0.07421875 0.24140625
0 0.21875 0.5015625 0.08046875 0.3234375
0 0.253125 0.47890625 0.03828125 0.2671875
0 0.26015625 0.446875 0.04296875 0.2015625
0 0.29453125 0.47265625 0.05546875 0.25234375
0 0.33203125 0.43828125 0.053125 0.1734375
0 0.35703125 0.4046875 0.02421875 0.0875
0 0.3984375 0.5390625 0.103125 0.42890625
0 0.43359375 0.3765625 0.03359375 0.05625
0 0.44921875 0.5 0.05 0.25
0 0.47421875 0.40859375 0.03671875 0.1421875
0 0.53046875 0.61328125 0.175 0.5640625
0 0.5640625 0.403125 0.03984375 0.1140625
0 0.565625 0.4078125 0.04453125 0.1265625
0 0.6015625 0.4671875 0.04296875 0.23359375
0 0.63828125 0.50234375 0.09921875 0.38984375
0 0.6640625 0.4734375 0.05703125 0.2421875
0 0.75390625 0.4953125 0.07265625 0.2859375
0 0.778125 0.4796875 0.09609375 0.35859375
0 0.92109375 0.6234375 0.1578125 0.75234375
0 0.859375 0.56953125 0.0921875 0.55859375
0 0.86015625 0.4640625 0.03359375 0.2453125
0 0.95625 0.38203125 0.034375 0.06640625
0 0.9859375 0.4 0.02734375 0.13984375
0 0.171875 0.81484375 0.203125 0.32734375
0 0.44765625 0.3671875 0.0234375 0.0296875
0 0.41328125 0.34609375 0.1640625 0.0421875
0 0.5078125 0.41875 0.0265625 0.03515625
0 0.6125 0.3671875 0.01171875 0.025
0 0.6375 0.3578125 0.01171875 0.025