0 0.31015625 0.34765625 0.00859375 0.0234375
0 0.3171875 0.3546875 0.0078125 0.04609375
0 0.321875 0.3546875 0.01171875 0.0546875
0 0.328125 0.34921875 0.0109375 0.046875
0 0.29140625 0.34921875 0.0515625 0.12734375
0 0.20546875 0.45390625 0.05625 0.2765625
0 0.11015625 0.51796875 0.1734375 0.58671875
0 0.2609375 0.5890625 0.1328125 0.60078125
0 0.365625 0.49375 0.096875 0.490625
0 0.5078125 0.5671875 0.1671875 0.7203125
0 0.6921875 0.4234375 0.04609375 0.20234375
0 0.728125 0.4171875 0.0546875 0.18984375
0 0.740625 0.4203125 0.0609375 0.2203125
0 0.790625 0.56796875 0.14375 0.540625
0 0.9203125 0.38359375 0.0265625 0.06484375
0 0.93515625 0.37265625 0.0109375 0.0359375
0 0.975 0.3859375 0.0203125 0.0515625
0 0.4265625 0.409375 0.02265625 0.1046875
0 0.40625 0.3953125 0.01796875 0.10546875
0 0.3359375 0.34296875 0.0109375 0.03671875
0 0.60390625 0.415625 0.165625 0.5546875
0 0.86171875 0.52734375 0.0671875 0.446875
0 0.33515625 0.33671875 0.0140625 0.01484375
0 0.17265625 0.33828125 0.05 0.046875