0 0.34765625 0.42109375 0.05078125 0.140625
0 0.3765625 0.4203125 0.0296875 0.15
0 0.39453125 0.425 0.03203125 0.16484375
0 0.40625 0.3859375 0.0171875 0.0515625
0 0.45625 0.53515625 0.14140625 0.42109375
0 0.46640625 0.425 0.01875 0.1375
0 0.5 0.43515625 0.03046875 0.13203125
0 0.51796875 0.43125 0.0265625 0.12734375
0 0.5375 0.440625 0.01953125 0.13203125
0 0.54609375 0.44765625 0.04375 0.17421875
0 0.56875 0.38359375 0.009375 0.01875
0 0.56875 0.4484375 0.03203125 0.178125
0 0.58828125 0.38046875 0.0140625 0.02734375
0 0.59375 0.44453125 0.0265625 0.184375
0 0.6203125 0.45390625 0.0203125 0.16640625
0 0.60546875 0.47265625 0.0640625 0.203125
0 0.634375 0.4484375 0.021875 0.17421875
0 0.6359375 0.3609375 0.0359375 0.0765625
0 0.6546875 0.45078125 0.0359375 0.18359375
0 0.6765625 0.4453125 0.02109375 0.17734375
0 0.6859375 0.45703125 0.0296875 0.175
0 0.7015625 0.453125 0.01796875 0.17109375
0 0.70703125 0.453125 0.03046875 0.18515625
0 0.7390625 0.3921875 0.0265625 0.08359375
0 0.73203125 0.4640625 0.040625 0.2171875
0 0.759375 0.446875 0.02109375 0.171875
0 0.7640625 0.45546875 0.0359375 0.190625
0 0.765625 0.46328125 0.04375 0.20078125
0 0.80234375 0.44296875 0.03671875 0.17421875
0 0.82265625 0.3703125 0.0109375 0.03125
0 0.82265625 0.43125 0.05 0.2109375
0 0.86484375 0.44453125 0.05 0.21953125
0 0.909375 0.45546875 0.0640625 0.38984375
0 0.2125 0.4625 0.065625 0.10078125
0 0.4609375 0.396875 0.01640625 0.0265625
0 0.42265625 0.39609375 0.009375 0.0125
0 0.58984375 0.36484375 0.01015625 0.00625
0 0.6140625 0.371875 0.0078125 0.00625
0 0.66484375 0.4890625 0.00625 0.03515625
0 0.653125 0.50390625 0.0046875 0.01015625
0 0.6671875 0.3796875 0.00625 0.0140625
0 0.746875 0.3890625 0.01484375 0.06171875
0 0.7203125 0.39765625 0.0109375 0.03046875
0 0.82265625 0.50078125 0.0046875 0.03671875
0 0.809375 0.403125 0.0203125 0.0140625
0 0.9828125 0.3484375 0.034375 0.13515625
0 0.99453125 0.59453125 0.0109375 0.096875
0 0.77734375 0.38828125 0.00703125 0.0171875