0 0.23046875 0.70234375 0.075 0.1109375
0 0.30859375 0.6875 0.078125 0.1171875
0 0.346875 0.678125 0.05546875 0.10546875
0 0.46015625 0.7078125 0.04609375 0.0875
0 0.55859375 0.728125 0.0609375 0.08203125
0 0.6484375 0.71875 0.05546875 0.12109375
0 0.7109375 0.7125 0.0640625 0.09375
0 0.85625 0.6453125 0.0375 0.06875
0 0.9890625 0.58125 0.021875 0.11875
0 0.97734375 0.53828125 0.034375 0.0875
0 0.878125 0.58984375 0.0640625 0.1484375
0 0.90703125 0.621875 0.05859375 0.1390625
0 0.93046875 0.50078125 0.05 0.103125
0 0.975 0.4890625 0.05 0.0765625
0 0.90859375 0.4671875 0.0390625 0.1015625
0 0.95703125 0.44921875 0.0390625 0.07421875
0 0.846875 0.475 0.053125 0.18359375
0 0.90859375 0.41015625 0.046875 0.08203125
0 0.890625 0.43046875 0.05703125 0.1859375
0 0.9140625 0.3671875 0.0359375 0.08203125
0 0.95703125 0.403125 0.04140625 0.0796875
0 0.98515625 0.41796875 0.0234375 0.08203125
0 0.96328125 0.3640625 0.0515625 0.0796875
0 0.85 0.3734375 0.0390625 0.11328125
0 0.971875 0.2671875 0.0515625 0.24609375
0 0.7203125 0.25703125 0.0484375 0.178125
0 0.60390625 0.27421875 0.05 0.225
0 0.665625 0.3484375 0.0375 0.0796875
0 0.63515625 0.38359375 0.05703125 0.0796875
0 0.6609375 0.453125 0.03359375 0.15625
0 0.61875 0.45234375 0.04296875 0.1421875
0 0.61953125 0.5015625 0.071875 0.12890625
0 0.64453125 0.52421875 0.05 0.1
0 0.7125 0.6203125 0.0359375 0.103125
0 0.67421875 0.5640625 0.0234375 0.07421875
0 0.634375 0.6703125 0.0609375 0.109375
0 0.61953125 0.6203125 0.05546875 0.0953125
0 0.53359375 0.7015625 0.05 0.09765625
0 0.5734375 0.68671875 0.04453125 0.0875
0 0.5625 0.625 0.06640625 0.12109375
0 0.47578125 0.59296875 0.05390625 0.103125
0 0.52578125 0.56640625 0.0515625 0.09375
0 0.5921875 0.5765625 0.04296875 0.109375
0 0.60625 0.540625 0.0375 0.06640625
0 0.559375 0.521875 0.0484375 0.1171875
0 0.45859375 0.565625 0.053125 0.103125
0 0.40546875 0.5765625 0.05546875 0.06640625
0 0.3609375 0.50859375 0.03046875 0.0796875
0 0.0234375 0.50703125 0.046875 0.0953125
0 0.0734375 0.45 0.05859375 0.06875
0 0.125 0.49296875 0.04453125 0.0609375
0 0.125 0.4625 0.0390625 0.07421875
0 0.165625 0.4828125 0.0625 0.109375
0 0.19921875 0.46953125 0.0484375 0.13125
0 0.26171875 0.47734375 0.034375 0.1421875
0 0.3015625 0.471875 0.046875 0.13125
0 0.3375 0.48515625 0.046875 0.1
0 0.32265625 0.4078125 0.04609375 0.1015625
0 0.36796875 0.415625 0.05 0.12109375
0 0.39609375 0.4328125 0.0609375 0.1
0 0.390625 0.471875 0.04296875 0.0796875
0 0.0109375 0.3984375 0.021875 0.02734375
0 0.01953125 0.37578125 0.0390625 0.1109375
0 0.04609375 0.41328125 0.046875 0.1390625
0 0.08203125 0.396875 0.046875 0.1171875
0 0.11953125 0.39921875 0.0359375 0.1265625
0 0.1453125 0.4125 0.0484375 0.109375
0 0.1875 0.41015625 0.046875 0.11328125
0 0.22890625 0.38125 0.05546875 0.078125
0 0.26953125 0.4015625 0.053125 0.165625
0 0.3078125 0.3609375 0.0484375 0.08203125
0 0.3546875 0.3734375 0.034375 0.11328125
0 0.38984375 0.3671875 0.0375 0.06640625
0 0.41484375 0.3765625 0.04296875 0.125
0 0.45234375 0.35625 0.04296875 0.071875
0 0.45 0.42109375 0.05 0.13125
0 0.4578125 0.4796875 0.0484375 0.1265625
0 0.4953125 0.3546875 0.04296875 0.084375
0 0.50390625 0.3828125 0.025 0.05078125
0 0.50859375 0.46171875 0.05 0.103125
0 0.521875 0.4234375 0.04609375 0.10546875
0 0.56953125 0.43046875 0.0609375 0.0953125
0 0.5765625 0.403125 0.0609375 0.1421875
0 0.359375 0.25859375 0.05390625 0.1890625
0 0.2140625 0.265625 0.021875 0.1328125
0 0.015625 0.2578125 0.03125 0.178125
0 0.70703125 0.68359375 0.03046875 0.046875
0 0.496875 0.49296875 0.04609375 0.0796875
0 0.57421875 0.47578125 0.04296875 0.1109375
0 0.5 0.85703125 1 0.2859375
0 0.1953125 0.61328125 0.390625 0.20703125
0 0.8734375 0.6765625 0.253125 0.0796875
0 0.92578125 0.54375 0.08203125 0.071875
0 0.92265625 0.3921875 0.0234375 0.0625
0 0.88359375 0.3578125 0.0390625 0.0390625
0 0.778125 0.3296875 0.0859375 0.046875
0 0.7453125 0.58984375 0.2484375 0.14453125
0 0.5625 0.5734375 0.021875 0.053125
0 0.47734375 0.596875 0.1734375 0.24375
0 0.03359375 0.46875 0.06640625 0.0859375
0 0.23125 0.46875 0.034375 0.0859375
0 0.11171875 0.346875 0.2234375 0.0875
0 0.34765625 0.353125 0.12109375 0.07421875
0 0.46171875 0.415625 0.01796875 0.0234375
0 0.53828125 0.35546875 0.03203125 0.05859375
0 0.7078125 0.25078125 0.0265625 0.178125