0 0.0734375 0.91484375 0.090625 0.1703125
0 0.3453125 0.7171875 0.07109375 0.30546875
0 0.38828125 0.67265625 0.059375 0.27109375
0 0.40703125 0.7390625 0.0828125 0.31953125
0 0.44609375 0.69921875 0.0421875 0.290625
0 0.525 0.646875 0.059375 0.27109375
0 0.58828125 0.64296875 0.04921875 0.28515625
0 0.60546875 0.56328125 0.05078125 0.2171875
0 0.63828125 0.53671875 0.040625 0.24296875
0 0.68671875 0.55234375 0.05078125 0.24609375
0 0.70625 0.8359375 0.07578125 0.32734375
0 0.7046875 0.79375 0.0796875 0.32734375
0 0.81875 0.82890625 0.0984375 0.3421875
0 0.7953125 0.59921875 0.06796875 0.265625
0 0.77578125 0.44921875 0.0453125 0.19765625
0 0.71640625 0.40234375 0.03515625 0.1609375
0 0.8453125 0.334375 0.02890625 0.12109375
0 0.80625 0.43203125 0.03515625 0.16953125
0 0.68125 0.28515625 0.01875 0.03359375
0 0.5578125 0.62109375 0.04921875 0.26015625
0 0.2453125 0.46328125 0.040625 0.1640625
0 0.81328125 0.3203125 0.2421875 0.415625
0 0.21171875 0.49140625 0.3015625 0.4296875
0 0.06953125 0.928125 0.1390625 0.13828125
0 0.59140625 0.984375 0.0453125 0.02578125
0 0.5203125 0.1921875 0.07265625 0.05625