0 0.9421875 0.4578125 0.05078125 0.03671875
0 0.934375 0.5140625 0.05859375 0.13046875
0 0.95859375 0.553125 0.08203125 0.24921875
0 0.8 0.52734375 0.0609375 0.10390625
0 0.70703125 0.55546875 0.190625 0.234375
0 0.41953125 0.546875 0.0921875 0.209375
0 0.2953125 0.54609375 0.14296875 0.2421875
0 0.52890625 0.621875 0.196875 0.35390625
0 0.9140625 0.48046875 0.01015625 0.0265625
0 0.92734375 0.45703125 0.00703125 0.01015625
0 0.37109375 0.4890625 0.06953125 0.03515625
0 0.1953125 0.5109375 0.01953125 0.05078125
0 0.2265625 0.53203125 0.02890625 0.0734375
0 0.5890625 0.484375 0.03828125 0.0578125