0 0.25703125 0.75859375 0.2578125 0.47890625
0 0.57890625 0.73515625 0.1640625 0.525
0 0.5015625 0.73515625 0.115625 0.52890625
0 0.70546875 0.74296875 0.1296875 0.51015625
0 0.021875 0.53984375 0.04375 0.2875
0 0.9140625 0.70859375 0.13125 0.5
0 0.971875 0.625 0.053125 0.325
0 0.86171875 0.53125 0.0640625 0.2125
0 0.1359375 0.51328125 0.046875 0.23984375
0 0.80234375 0.57890625 0.0734375 0.24140625
0 0.44375 0.62890625 0.06875 0.34609375
0 0.34375 0.63125 0.1375 0.3375
0 0.17265625 0.51796875 0.1203125 0.23515625
0 0.29375 0.47890625 0.075 0.11640625
0 0.63828125 0.52421875 0.0515625 0.16015625
0 0.3703125 0.496875 0.05 0.15625
0 0.44296875 0.565625 0.0546875 0.30234375
0 0.40546875 0.55546875 0.0453125 0.26484375
0 0.75390625 0.52890625 0.0671875 0.15
0 0.815625 0.47109375 0.04375 0.07109375
0 0.76953125 0.5375 0.0421875 0.20390625
0 0.2609375 0.47109375 0.05 0.1125
0 0.23203125 0.44296875 0.0390625 0.09375
0 0.528125 0.46171875 0.040625 0.05625
0 0.5984375 0.478125 0.053125 0.09375
0 0.66484375 0.52734375 0.0453125 0.2
0 0.53515625 0.425 0.0359375 0.05
0 0.4953125 0.46796875 0.028125 0.09765625
0 0.68125 0.528125 0.0375 0.20625
0 0.03515625 0.9453125 0.0703125 0.109375
0 0.36328125 0.421875 0.2484375 0.04765625
0 0.54453125 0.44453125 0.0953125 0.06015625
0 0.61640625 0.43671875 0.0265625 0.02734375