0 0.03984375 0.6296875 0.0796875 0.57109375
0 0.0546875 0.53125 0.06015625 0.28359375
0 0.05234375 0.46015625 0.0453125 0.13515625
0 0.07265625 0.4265625 0.0328125 0.08984375
0 0.1 0.54921875 0.06015625 0.3234375
0 0.1390625 0.603125 0.1 0.42890625
0 0.1875 0.57890625 0.0703125 0.371875
0 0.2046875 0.42734375 0.0140625 0.07734375
0 0.2109375 0.403125 0.0171875 0.03203125
0 0.2296875 0.453125 0.03125 0.13515625
0 0.2546875 0.40234375 0.02734375 0.0453125
0 0.2546875 0.5703125 0.06484375 0.3328125
0 0.34765625 0.621875 0.18515625 0.57109375
0 0.5296875 0.634375 0.22265625 0.50546875
0 0.2859375 0.41171875 0.02265625 0.04921875
0 0.29609375 0.4046875 0.01484375 0.04296875
0 0.02734375 0.378125 0.0203125 0.05234375
0 0.0796875 0.4171875 0.0125 0.0296875
0 0.31953125 0.39453125 0.0265625 0.05625
0 0.58203125 0.42265625 0.4640625 0.09765625
0 0.6703125 0.1125 0.0765625 0.06796875
0 0.41015625 0.24921875 0.02734375 0.08046875