0 0.5296875 0.74921875 0.02890625 0.14921875
0 0.465625 0.77421875 0.0328125 0.1171875
0 0.4203125 0.78203125 0.0203125 0.08984375
0 0.3921875 0.77734375 0.02890625 0.1125
0 0.34765625 0.76640625 0.03203125 0.12109375
0 0.36015625 0.76015625 0.02265625 0.12265625
0 0.3765625 0.76171875 0.02265625 0.12109375
0 0.42578125 0.765625 0.03515625 0.11953125
0 0.4828125 0.7578125 0.034375 0.13515625
0 0.49296875 0.75703125 0.028125 0.125
0 0.30859375 0.778125 0.01484375 0.08046875
0 0.3 0.7796875 0.0140625 0.071875
0 0.27109375 0.7578125 0.015625 0.08203125
0 0.22578125 0.76015625 0.02265625 0.09140625
0 0.43359375 0.7640625 0.01875 0.11953125
0 0.446875 0.7609375 0.028125 0.1140625
0 0.46640625 0.72265625 0.02265625 0.05078125
0 0.43671875 0.70078125 0.01015625 0.0125
0 0.3953125 0.725 0.021875 0.04921875
0 0.3703125 0.71796875 0.01171875 0.03828125
0 0.4578125 0.71484375 0.01015625 0.040625
0 0.334375 0.7703125 0.015625 0.084375