0 0.4765625 0.4921875 0.1125 0.1828125
0 0.53671875 0.49453125 0.07421875 0.16328125
0 0.40703125 0.4921875 0.059375 0.159375
0 0.6453125 0.3421875 0.27265625 0.51328125
0 0.10625 0.7484375 0.19765625 0.503125
0 0.1703125 0.621875 0.171875 0.3734375
0 0.55625 0.40234375 0.040625 0.05234375
0 0.71640625 0.79375 0.3265625 0.4125
0 0.240625 0.803125 0.48125 0.39375
0 0.03515625 0.49765625 0.0703125 0.1296875
0 0.3109375 0.5609375 0.22578125 0.09375
0 0.23515625 0.41796875 0.184375 0.18515625
0 0.09375 0.4609375 0.05546875 0.0546875