0 0.13359375 0.8734375 0.0640625 0.0828125
0 0.2546875 0.7296875 0.02421875 0.034375
0 0.44609375 0.79140625 0.046875 0.0796875
0 0.52890625 0.76015625 0.03515625 0.05703125
0 0.58046875 0.7359375 0.02890625 0.04296875
0 0.68125 0.7859375 0.02734375 0.06796875
0 0.68515625 0.71015625 0.02578125 0.0359375
0 0.81328125 0.7109375 0.02890625 0.03203125
0 0.78203125 0.83203125 0.0390625 0.0234375
0 0.95 0.784375 0.05 0.05546875
0 0.9296875 0.71328125 0.0328125 0.0375
0 0.84765625 0.68671875 0.02421875 0.03203125
0 0.90625 0.69140625 0.03125 0.0328125
0 0.946875 0.6921875 0.02109375 0.0296875
0 0.25234375 0.8421875 0.02578125 0.02578125
0 0.284375 0.6515625 0.015625 0.02109375
0 0.30625 0.66875 0.015625 0.0140625
0 0.39375 0.68515625 0.01875 0.0203125
0 0.41640625 0.6734375 0.01640625 0.0203125
0 0.41796875 0.66171875 0.01171875 0.01328125
0 0.63046875 0.68671875 0.01640625 0.02265625
0 0.6078125 0.6546875 0.0140625 0.01328125
0 0.61953125 0.67265625 0.015625 0.01328125
0 0.671875 0.690625 0.0203125 0.03203125
0 0.7078125 0.68671875 0.0140625 0.02109375
0 0.6890625 0.6875 0.01640625 0.021875
0 0.753125 0.67421875 0.0203125 0.0234375
0 0.75546875 0.6609375 0.0125 0.015625
0 0.79765625 0.68203125 0.01796875 0.0296875
0 0.79296875 0.68125 0.00859375 0.02578125
0 0.67265625 0.68671875 0.01640625 0.01640625
0 0.60859375 0.67890625 0.08359375 0.01328125
0 0.36484375 0.66484375 0.00625 0.00390625
0 0.4265625 0.6484375 0.02734375 0.0171875