0 0.93359375 0.5484375 0.05625 0.1734375
0 0.90625 0.52578125 0.01015625 0.09140625
0 0.87265625 0.51484375 0.02734375 0.08359375
0 0.834375 0.525 0.02109375 0.11015625
0 0.81796875 0.5265625 0.02734375 0.11328125
0 0.79453125 0.525 0.0265625 0.11328125
0 0.3390625 0.68671875 0.07578125 0.253125
0 0.296875 0.53359375 0.0734375 0.14296875
0 0.06953125 0.4921875 0.01484375 0.025
0 0.04453125 0.49765625 0.01640625 0.025
0 0.859375 0.5 0.01640625 0.04296875
0 0.9625 0.503125 0.03515625 0.06015625
0 0.65390625 0.4796875 0.025 0.0265625