0 0.02578125 0.7171875 0.0515625 0.225
0 0.18359375 0.72265625 0.06484375 0.23515625
0 0.25859375 0.68359375 0.0546875 0.16875
0 0.284375 0.6578125 0.03046875 0.11171875
0 0.315625 0.66328125 0.03828125 0.12109375
0 0.43671875 0.64921875 0.02890625 0.0953125
0 0.50078125 0.6890625 0.06875 0.18515625
0 0.53125 0.66640625 0.03828125 0.1796875
0 0.5546875 0.675 0.05 0.190625
0 0.56484375 0.61015625 0.01484375 0.025
0 0.5984375 0.66171875 0.06875 0.1765625
0 0.63203125 0.67734375 0.084375 0.22890625
0 0.6984375 0.63203125 0.0546875 0.1484375
0 0.71953125 0.63515625 0.0359375 0.1546875
0 0.75546875 0.63671875 0.0390625 0.13828125
0 0.80078125 0.63125 0.03984375 0.1390625
0 0.84921875 0.7109375 0.09453125 0.3359375
0 0.77109375 0.6078125 0.01328125 0.0484375
0 0.01015625 0.63046875 0.0203125 0.0578125
0 0.015625 0.7765625 0.02734375 0.0578125
0 0.10078125 0.86953125 0.2015625 0.075
0 0.171875 0.79375 0.20234375 0.075
0 0.40703125 0.7046875 0.06015625 0.02734375
0 0.4640625 0.69609375 0.03359375 0.01796875
0 0.48671875 0.61328125 0.0109375 0.02265625
0 0.51171875 0.59453125 0.01796875 0.01875
0 0.5359375 0.58125 0.0078125 0.009375
0 0.53515625 0.81640625 0.27890625 0.1828125
0 0.6046875 0.60234375 0.0140625 0.02421875
0 0.57734375 0.6171875 0.01484375 0.0359375
0 0.990625 0.63046875 0.01875 0.0296875
0 0.85703125 0.88671875 0.10859375 0.04296875
0 0.7546875 0.72578125 0.13046875 0.05625
0 0.68671875 0.60234375 0.0109375 0.0328125
0 0.7359375 0.59921875 0.0140625 0.0484375
0 0.21484375 0.66015625 0.0265625 0.0984375