0 0.00625 0.5703125 0.0125 0.0453125
0 0.134375 0.57578125 0.015625 0.06484375
0 0.16796875 0.571875 0.02265625 0.06875
0 0.18359375 0.575 0.01875 0.05625
0 0.19375 0.578125 0.01015625 0.05
0 0.2203125 0.5734375 0.02109375 0.0546875
0 0.28828125 0.5734375 0.01796875 0.03984375
0 0.2859375 0.56328125 0.02109375 0.0609375
0 0.340625 0.609375 0.0484375 0.17109375
0 0.38046875 0.55 0.02421875 0.10546875
0 0.4515625 0.56328125 0.03203125 0.1125
0 0.475 0.5078125 0.02734375 0.0609375
0 0.44609375 0.6 0.0703125 0.1921875
0 0.47734375 0.60703125 0.06640625 0.20703125
0 0.540625 0.590625 0.06171875 0.2109375
0 0.58984375 0.6046875 0.0515625 0.2078125
0 0.63046875 0.48359375 0.02421875 0.02265625
0 0.4765625 0.29921875 0.015625 0.05234375
0 0.371875 0.55234375 0.15703125 0.084375
0 0.85078125 0.525 0.03515625 0.040625