0 0.09453125 0.63828125 0.0765625 0.3953125
0 0.15390625 0.65234375 0.05390625 0.340625
0 0.190625 0.675 0.0703125 0.3015625
0 0.20234375 0.65 0.06640625 0.32421875
0 0.24140625 0.65234375 0.04921875 0.328125
0 0.27109375 0.65234375 0.0515625 0.3453125
0 0.30234375 0.66171875 0.06484375 0.3390625
0 0.3265625 0.64921875 0.046875 0.328125
0 0.35703125 0.6640625 0.0546875 0.33203125
0 0.3546875 0.496875 0.04296875 0.0953125
0 0.3890625 0.63046875 0.04921875 0.3703125
0 0.41796875 0.65703125 0.10234375 0.353125
0 0.45859375 0.63828125 0.05546875 0.36015625
0 0.49453125 0.6421875 0.07890625 0.3828125
0 0.5578125 0.66328125 0.0796875 0.36328125
0 0.559375 0.51484375 0.0609375 0.11640625
0 0.60390625 0.65234375 0.05703125 0.371875
0 0.63828125 0.65546875 0.040625 0.35078125
0 0.63359375 0.4953125 0.05390625 0.0953125
0 0.6671875 0.65390625 0.0859375 0.3890625
0 0.7046875 0.63671875 0.05234375 0.35546875
0 0.740625 0.67421875 0.078125 0.3578125
0 0.7515625 0.65390625 0.08671875 0.38203125
0 0.7890625 0.634375 0.06640625 0.40546875
0 0.80625 0.48359375 0.02734375 0.07109375
0 0.83046875 0.66484375 0.09453125 0.390625
0 0.87265625 0.64609375 0.0875 0.39453125