0 0.07421875 0.421875 0.1484375 0.64375
0 0.2234375 0.5671875 0.24921875 0.865625
0 0.3390625 0.3203125 0.1453125 0.39609375
0 0.36875 0.734375 0.20234375 0.53125
0 0.3703125 0.16796875 0.0625 0.19375
0 0.4078125 0.29375 0.140625 0.4390625
0 0.5359375 0.55234375 0.215625 0.89140625
0 0.609375 0.54765625 0.1390625 0.77890625
0 0.6390625 0.38203125 0.11796875 0.63515625
0 0.69609375 0.64453125 0.28515625 0.65234375
0 0.7703125 0.41171875 0.2203125 0.63984375
0 0.865625 0.69609375 0.26796875 0.6078125
0 0.88828125 0.19609375 0.10625 0.35703125
0 0.96171875 0.1875 0.07578125 0.28125
0 0.0265625 0.20859375 0.053125 0.2796875
0 0.965625 0.4625 0.0671875 0.7703125
0 0.7671875 0.21484375 0.26015625 0.34921875
0 0.46875 0.27421875 0.29921875 0.4703125
0 0.209375 0.2359375 0.1515625 0.35234375
0 0.06640625 0.6921875 0.1328125 0.615625