0 0.175 0.69375 0.22265625 0.61171875
0 0.03828125 0.4578125 0.06796875 0.1296875
0 0.046875 0.4375 0.0546875 0.10390625
0 0.10234375 0.5 0.08515625 0.240625
0 0.1390625 0.45390625 0.04921875 0.1421875
0 0.8234375 0.571875 0.3234375 0.85546875
0 0.78203125 0.546875 0.29140625 0.90390625
0 0.62734375 0.60234375 0.22109375 0.79453125
0 0.603125 0.45859375 0.18125 0.625
0 0.51484375 0.62421875 0.11953125 0.7515625
0 0.46953125 0.61796875 0.09375 0.73046875
0 0.47109375 0.6140625 0.0921875 0.73828125
0 0.4109375 0.59765625 0.09296875 0.66015625
0 0.36015625 0.559375 0.11796875 0.65859375
0 0.3203125 0.53671875 0.103125 0.62109375
0 0.27578125 0.4234375 0.08125 0.4
0 0.034375 0.45859375 0.0609375 0.1296875
0 0.04296875 0.821875 0.084375 0.3546875