0 0.02421875 0.88203125 0.0484375 0.23125
0 0.034375 0.80703125 0.0484375 0.12734375
0 0.05546875 0.87109375 0.0296875 0.24140625
0 0.075 0.88125 0.0609375 0.23359375
0 0.078125 0.765625 0.01796875 0.02734375
0 0.13046875 0.86875 0.046875 0.22109375
0 0.1671875 0.85859375 0.04375 0.26640625
0 0.20390625 0.83984375 0.0296875 0.16640625
0 0.32578125 0.85546875 0.05078125 0.28515625
0 0.38515625 0.84921875 0.0796875 0.29765625
0 0.446875 0.87734375 0.05546875 0.24140625
0 0.478125 0.87421875 0.04609375 0.24765625
0 0.5453125 0.87421875 0.0671875 0.24765625
0 0.7421875 0.77578125 0.04375 0.08515625
0 0.8703125 0.87578125 0.053125 0.24765625
0 0.83125 0.865625 0.10234375 0.26484375
0 0.775 0.8703125 0.0625 0.259375
0 0.00546875 0.79375 0.0109375 0.075
0 0.41796875 0.93828125 0.0328125 0.12265625
0 0.421875 0.79453125 0.04140625 0.08515625
0 0.58046875 0.78828125 0.0296875 0.11015625
0 0.1171875 0.775 0.028125 0.07890625
0 0.43046875 0.159375 0.05546875 0.16484375
0 0.18515625 0.23828125 0.0140625 0.09765625
0 0.83515625 0.73515625 0.06015625 0.1625
0 0.9828125 0.80546875 0.0296875 0.03984375