0 0.97578125 0.75390625 0.03203125 0.115625
0 0.9421875 0.75390625 0.04375 0.1796875
0 0.91484375 0.74140625 0.0296875 0.140625
0 0.7546875 0.74296875 0.09921875 0.45
0 0.70859375 0.61796875 0.0828125 0.4859375
0 0.6796875 0.77578125 0.021875 0.128125
0 0.6578125 0.78359375 0.01875 0.115625
0 0.63828125 0.7671875 0.0203125 0.1
0 0.7390625 0.7921875 0.015625 0.0921875
0 0.71171875 0.76953125 0.015625 0.09765625
0 0.5453125 0.79921875 0.02265625 0.06015625
0 0.52734375 0.7765625 0.01171875 0.090625
0 0.58515625 0.7828125 0.08125 0.43046875
0 0.60234375 0.69375 0.08828125 0.540625
0 0.50625 0.6859375 0.16796875 0.49609375
0 0.43828125 0.6859375 0.09609375 0.55
0 0.36328125 0.6546875 0.13671875 0.5765625
0 0.434375 0.85859375 0.04921875 0.09453125
0 0.28828125 0.8609375 0.05234375 0.17421875
0 0.1703125 0.91171875 0.08828125 0.11953125
0 0.01171875 0.7890625 0.01796875 0.0875
0 0.06640625 0.78671875 0.02265625 0.11015625
0 0.10078125 0.80234375 0.02109375 0.06015625
0 0.12734375 0.79765625 0.02109375 0.11171875
0 0.14921875 0.784375 0.03125 0.1140625
0 0.1609375 0.778125 0.015625 0.06953125
0 0.19375 0.80859375 0.01796875 0.0515625
0 0.21875 0.81171875 0.0171875 0.04609375
0 0.2953125 0.78671875 0.01875 0.07109375
0 0.271875 0.8140625 0.01796875 0.04453125
0 0.3515625 0.7921875 0.0109375 0.075
0 0.35546875 0.78046875 0.01484375 0.10859375
0 0.22421875 0.79453125 0.01328125 0.03359375
0 0.17421875 0.8203125 0.02109375 0.0390625
0 0.1109375 0.78359375 0.01015625 0.04453125
0 0.16875 0.8140625 0.01484375 0.04765625
0 0.25625 0.765625 0.05234375 0.2578125
0 0.27421875 0.78671875 0.015625 0.08515625
0 0.4484375 0.77578125 0.009375 0.0390625
0 0.9546875 0.76796875 0.025 0.0875
0 0.19609375 0.76875 0.04375 0.03203125
0 0.06640625 0.73125 0.01328125 0.02109375
0 0.146875 0.8078125 0.0171875 0.05703125