0 0.0984375 0.58125 0.134375 0.49140625
0 0.20234375 0.5625 0.11015625 0.48203125
0 0.2546875 0.38203125 0.046875 0.09296875
0 0.2921875 0.57734375 0.1015625 0.453125
0 0.321875 0.56875 0.15859375 0.43203125
0 0.4 0.484375 0.07109375 0.32578125
0 0.42890625 0.58125 0.103125 0.384375
0 0.47109375 0.54921875 0.0640625 0.4015625
0 0.5125 0.53125 0.05546875 0.3578125
0 0.5375 0.38828125 0.04140625 0.06875
0 0.5625 0.546875 0.09453125 0.38125
0 0.6140625 0.534375 0.0515625 0.36015625
0 0.653125 0.5578125 0.1171875 0.42265625
0 0.7203125 0.53984375 0.07421875 0.409375
0 0.73984375 0.60078125 0.096875 0.41328125
0 0.82109375 0.56875 0.103125 0.44765625
0 0.82890625 0.61171875 0.10703125 0.44921875