0 0.77578125 0.60703125 0.4453125 0.78125
0 0.65 0.60078125 0.29375 0.79375
0 0.3640625 0.61015625 0.328125 0.775
0 0.1375 0.58984375 0.275 0.81640625
0 0.5078125 0.5859375 0.184375 0.828125
0 0.12265625 0.240625 0.2078125 0.30234375
0 0.81484375 0.34375 0.2234375 0.2875
0 0.921875 0.20859375 0.03125 0.07890625
0 0.82890625 0.18828125 0.0453125 0.06015625
0 0.7296875 0.215625 0.04375 0.11484375
0 0.62734375 0.2875 0.1171875 0.2875
0 0.58828125 0.26171875 0.0421875 0.10625
0 0.31015625 0.21484375 0.0421875 0.09140625
0 0.43984375 0.23359375 0.0703125 0.15859375
0 0.01640625 0.21171875 0.0328125 0.07734375
0 0.1921875 0.215625 0.328125 0.11484375
0 0.528125 0.22265625 0.0625 0.1
0 0.5109375 0.15234375 0.103125 0.0625