0 0.89609375 0.63125 0.03046875 0.1140625
0 0.83828125 0.7015625 0.04921875 0.14453125
0 0.79296875 0.57890625 0.0453125 0.1078125
0 0.69140625 0.53125 0.0234375 0.109375
0 0.6359375 0.58203125 0.03046875 0.12734375
0 0.66484375 0.840625 0.0421875 0.17890625
0 0.63203125 0.8671875 0.03046875 0.11015625
0 0.58515625 0.79296875 0.03046875 0.1015625
0 0.4953125 0.5421875 0.02421875 0.08125
0 0.59765625 0.4609375 0.01796875 0.0765625
0 0.5796875 0.4578125 0.02109375 0.0875
0 0.51171875 0.40625 0.01640625 0.0671875
0 0.515625 0.403125 0.01328125 0.0671875
0 0.45546875 0.41171875 0.01484375 0.06875
0 0.3875 0.43671875 0.01640625 0.06328125
0 0.440625 0.36171875 0.01015625 0.04921875
0 0.41796875 0.35390625 0.0109375 0.046875
0 0.409375 0.35546875 0.01015625 0.0421875
0 0.3921875 0.3453125 0.00859375 0.040625
0 0.38671875 0.34453125 0.00859375 0.040625
0 0.33515625 0.42109375 0.0125 0.05703125
0 0.0453125 0.40625 0.01015625 0.0203125
0 0.08203125 0.48125 0.0140625 0.06484375
0 0.065625 0.4828125 0.01796875 0.06328125
0 0.0921875 0.62734375 0.02734375 0.11796875
0 0.1171875 0.6234375 0.0234375 0.115625
0 0.5828125 0.38359375 0.0109375 0.0203125
0 0.59296875 0.38359375 0.00859375 0.01796875
0 0.33828125 0.32890625 0.01015625 0.0203125
0 0.325 0.32734375 0.01015625 0.01875
0 0.3015625 0.33359375 0.00859375 0.02890625
0 0.2734375 0.3328125 0.009375 0.0328125
0 0.2796875 0.375 0.0125 0.03828125
0 0.2015625 0.33515625 0.009375 0.021875
0 0.20546875 0.33515625 0.00703125 0.02578125
0 0.2953125 0.33046875 0.0078125 0.03046875
0 0.23359375 0.3875 0.0640625 0.04609375