0 0.3265625 0.50546875 0.190625 0.67734375
0 0.46875 0.565625 0.175 0.57421875
0 0.590625 0.6046875 0.1359375 0.471875
0 0.715625 0.49296875 0.18671875 0.75859375
0 0.84609375 0.49453125 0.165625 0.23125
0 0.8578125 0.5078125 0.12265625 0.2140625
0 0.83515625 0.409375 0.065625 0.17421875
0 0.5640625 0.44140625 0.06015625 0.20859375
0 0.94375 0.41953125 0.03125 0.078125
0 0.9578125 0.47890625 0.06171875 0.12109375
0 0.43125 0.36484375 0.02578125 0.0796875
0 0.5328125 0.3953125 0.02578125 0.09453125
0 0.95703125 0.421875 0.07578125 0.1125
0 0.47734375 0.37421875 0.096875 0.09140625
0 0.58984375 0.365625 0.028125 0.0421875
0 0.10625 0.3 0.046875 0.06328125