0 0.1015625 0.12265625 0.04296875 0.05078125
0 0.16953125 0.11171875 0.0328125 0.03671875
0 0.19453125 0.09609375 0.0234375 0.01640625
0 0.11875 0.14921875 0.04609375 0.09296875
0 0.19140625 0.11171875 0.0265625 0.01953125
0 0.1890625 0.128125 0.025 0.01875
0 0.20703125 0.12890625 0.0328125 0.04140625
0 0.234375 0.16015625 0.06171875 0.0875
0 0.146875 0.12734375 0.034375 0.0203125
0 0.14296875 0.1703125 0.05546875 0.07578125
0 0.1609375 0.18984375 0.08515625 0.1015625
0 0.20703125 0.23515625 0.140625 0.140625
0 0.303125 0.18046875 0.09140625 0.059375
0 0.303125 0.21640625 0.08828125 0.0984375
0 0.21640625 0.3203125 0.11640625 0.23515625
0 0.37109375 0.2359375 0.09609375 0.11796875
0 0.3140625 0.3375 0.1296875 0.23046875
0 0.42421875 0.26484375 0.11015625 0.0984375
0 0.50546875 0.2828125 0.20625 0.1296875
0 0.37890625 0.37890625 0.11015625 0.14375
0 0.56484375 0.38828125 0.1546875 0.24140625
0 0.44453125 0.553125 0.25546875 0.44765625
0 0.6765625 0.54140625 0.22421875 0.4390625
0 0.71796875 0.51875 0.3 0.4140625
0 0.9203125 0.5609375 0.159375 0.196875
0 0.78046875 0.7765625 0.296875 0.44609375
0 0.88515625 0.81328125 0.22734375 0.371875