0 0.0125 0.65234375 0.025 0.11875
0 0.0375 0.6453125 0.046875 0.12734375
0 0.0640625 0.6109375 0.021875 0.0671875
0 0.12421875 0.69453125 0.0703125 0.22109375
0 0.13671875 0.61328125 0.0296875 0.0578125
0 0.2140625 0.66796875 0.078125 0.1859375
0 0.24375 0.60078125 0.04375 0.0734375
0 0.29453125 0.61484375 0.0546875 0.11640625
0 0.32421875 0.5875 0.0171875 0.06484375
0 0.378125 0.5796875 0.021875 0.0625
0 0.4125 0.665625 0.065625 0.2390625
0 0.44453125 0.59609375 0.0515625 0.1140625
0 0.41484375 0.571875 0.0484375 0.0734375
0 0.4984375 0.64765625 0.090625 0.30234375
0 0.52578125 0.5484375 0.0203125 0.0359375
0 0.546875 0.61640625 0.05625 0.16328125
0 0.5953125 0.64765625 0.0625 0.2390625
0 0.6375 0.634375 0.05 0.19921875
0 0.62109375 0.54921875 0.0234375 0.046875
0 0.6484375 0.56171875 0.034375 0.08046875
0 0.84375 0.6390625 0.11875 0.346875
0 0.08515625 0.60390625 0.0234375 0.071875
0 0.98203125 0.52578125 0.0359375 0.0671875
0 0.62734375 0.55390625 0.1453125 0.09140625
0 0.02734375 0.59921875 0.0515625 0.04921875
0 0.1640625 0.59765625 0.103125 0.0578125
0 0.31015625 0.5796875 0.0171875 0.0578125
0 0.4078125 0.5640625 0.0875 0.0578125
0 0.515625 0.546875 0.0125 0.02421875