0 0.134375 0.7671875 0.1 0.4625
0 0.2875 0.78359375 0.090625 0.4328125
0 0.790625 0.7921875 0.14609375 0.4125
0 0.92890625 0.75703125 0.13984375 0.4828125
0 0.7609375 0.7515625 0.065625 0.49453125
0 0.6875 0.78125 0.08828125 0.43515625
0 0.48984375 0.625 0.08203125 0.20390625
0 0.575 0.771875 0.06640625 0.44921875
0 0.6390625 0.63671875 0.06953125 0.178125
0 0.08515625 0.76015625 0.0796875 0.4765625
0 0.20078125 0.6140625 0.09765625 0.2171875
0 0.37109375 0.7546875 0.1046875 0.484375
0 0.86875 0.64453125 0.046875 0.16953125
0 0.60234375 0.609375 0.05234375 0.12578125
0 0.4515625 0.75625 0.05234375 0.48515625
0 0.528125 0.56796875 0.0546875 0.121875
0 0.403125 0.5703125 0.0203125 0.03828125
0 0.30234375 0.55859375 0.01953125 0.03046875
0 0.234375 0.56328125 0.03828125 0.0921875
0 0.1671875 0.57578125 0.04453125 0.15078125
0 0.73828125 0.6984375 0.03828125 0.31328125
0 0.24609375 0.76875 0.04765625 0.4625
0 0.309375 0.61171875 0.03515625 0.103125
0 0.340625 0.575 0.0234375 0.059375
0 0.815625 0.62421875 0.08203125 0.1421875
0 0.63828125 0.590625 0.065625 0.08515625
0 0.70546875 0.96171875 0.1421875 0.06875
0 0.2453125 0.5453125 0.05078125 0.05703125