0 0.11875 0.78125 0.0953125 0.39609375
0 0.03984375 0.76484375 0.07890625 0.3578125
0 0.15546875 0.625 0.03203125 0.08046875
0 0.209375 0.6484375 0.046875 0.16640625
0 0.240625 0.65546875 0.03828125 0.1453125
0 0.2671875 0.6609375 0.053125 0.16484375
0 0.253125 0.596875 0.0109375 0.03671875
0 0.91171875 0.76640625 0.175 0.4640625
0 0.80546875 0.778125 0.0984375 0.378125
0 0.73671875 0.7484375 0.0828125 0.33984375
0 0.6890625 0.7359375 0.0609375 0.3265625
0 0.665625 0.70234375 0.05390625 0.27734375
0 0.72578125 0.59375 0.0359375 0.065625
0 0.2625 0.59140625 0.00859375 0.034375
0 0.2859375 0.590625 0.009375 0.0265625