0 0.8515625 0.4296875 0.096875 0.85859375
0 0.80390625 0.49921875 0.17109375 0.99765625
0 0.715625 0.5 0.1015625 1
0 0.66875 0.303125 0.084375 0.59296875
0 0.66015625 0.7015625 0.18515625 0.59296875
0 0.5796875 0.58125 0.0859375 0.43046875
0 0.6109375 0.37890625 0.08359375 0.7578125
0 0.5859375 0.26328125 0.140625 0.5265625
0 0.4984375 0.4890625 0.13203125 0.88046875
0 0.49296875 0.08046875 0.07578125 0.1609375
0 0.42734375 0.0984375 0.07421875 0.196875
0 0.36015625 0.1828125 0.0703125 0.365625
0 0.36015625 0.2046875 0.08515625 0.409375
0 0.3375 0.6609375 0.1015625 0.66171875
0 0.4359375 0.29140625 0.11328125 0.36796875
0 0.29140625 0.26328125 0.0921875 0.48359375
0 0.20546875 0.0578125 0.0421875 0.115625
0 0.23046875 0.18828125 0.0625 0.3765625
0 0.259375 0.63046875 0.1203125 0.73046875
0 0.28359375 0.496875 0.10390625 0.9421875
0 0.18671875 0.5109375 0.07890625 0.96171875
0 0.11953125 0.49921875 0.11015625 0.99765625
0 0.33359375 0.01640625 0.02578125 0.03203125
0 0.53046875 0.00625 0.00859375 0.0125