0 0.028125 0.3859375 0.05625 0.265625
0 0.2265625 0.3859375 0.03125 0.14609375
0 0.30859375 0.3765625 0.06171875 0.10703125
0 0.37578125 0.5328125 0.21796875 0.69375
0 0.5921875 0.49765625 0.1625 0.55859375
0 0.675 0.47578125 0.09453125 0.54375
0 0.7953125 0.5484375 0.27265625 0.72421875
0 0.878125 0.56875 0.1328125 0.678125
0 0.95625 0.45625 0.08671875 0.52265625
0 0.95 0.234375 0.096875 0.09609375
0 0.04140625 0.3890625 0.03125 0.246875
0 0.11953125 0.3296875 0.05078125 0.07109375
0 0.29140625 0.42578125 0.02890625 0.0734375
0 0.71875 0.27109375 0.034375 0.1078125