0 0.83828125 0.54375 0.071875 0.36953125
0 0.7578125 0.55703125 0.0875 0.36171875
0 0.66953125 0.55859375 0.0671875 0.31171875
0 0.54765625 0.5578125 0.0640625 0.3015625
0 0.47734375 0.55546875 0.07578125 0.284375
0 0.4296875 0.55703125 0.05234375 0.30859375
0 0.3890625 0.5578125 0.05234375 0.296875
0 0.334375 0.56953125 0.065625 0.29921875
0 0.2703125 0.5625 0.05625 0.309375
0 0.20703125 0.55390625 0.07109375 0.33359375
0 0.12734375 0.53515625 0.08359375 0.33984375
0 0.5875 0.54765625 0.0578125 0.3046875
0 0.63125 0.54609375 0.05078125 0.30625
0 0.2109375 0.52578125 0.0734375 0.3328125
0 0.26796875 0.41796875 0.0609375 0.10546875
0 0.31484375 0.54296875 0.05 0.3171875
0 0.35625 0.53984375 0.03671875 0.31328125
0 0.40625 0.52734375 0.053125 0.3078125
0 0.43515625 0.5421875 0.053125 0.28046875
0 0.50078125 0.396875 0.06640625 0.0734375
0 0.51875 0.43828125 0.046875 0.13046875
0 0.5609375 0.52421875 0.05546875 0.32421875
0 0.6109375 0.525 0.040625 0.3125
0 0.7046875 0.54921875 0.0546875 0.30546875
0 0.6921875 0.52265625 0.0609375 0.3203125
0 0.3109375 0.54296875 0.0359375 0.32109375
0 0.759375 0.55078125 0.071875 0.33984375
0 0.73671875 0.52890625 0.0375 0.3125