0 0.88515625 0.74375 0.09375 0.359375
0 0.79140625 0.7453125 0.08984375 0.33203125
0 0.96875 0.64609375 0.02421875 0.0921875
0 0.95234375 0.65390625 0.0203125 0.08046875
0 0.94140625 0.63984375 0.01640625 0.0671875
0 0.91875 0.6796875 0.03125 0.1296875
0 0.73515625 0.66171875 0.02890625 0.10703125
0 0.828125 0.66484375 0.02109375 0.07578125
0 0.8390625 0.68203125 0.02265625 0.10234375
0 0.85234375 0.6296875 0.01953125 0.02890625
0 0.80859375 0.62578125 0.009375 0.0359375
0 0.7546875 0.63359375 0.0140625 0.03203125
0 0.70078125 0.63515625 0.01015625 0.04765625
0 0.69375 0.63671875 0.01015625 0.04609375
0 0.6703125 0.62890625 0.0109375 0.040625
0 0.6421875 0.6296875 0.0109375 0.04296875
0 0.63515625 0.64453125 0.02734375 0.0609375
0 0.63359375 0.64296875 0.021875 0.07421875
0 0.59609375 0.6625 0.02109375 0.07265625
0 0.6140625 0.65078125 0.0203125 0.075
0 0.57421875 0.63515625 0.015625 0.05703125
0 0.56171875 0.646875 0.02890625 0.10390625
0 0.5515625 0.640625 0.009375 0.07109375
0 0.5421875 0.6421875 0.0203125 0.06875
0 0.50390625 0.69765625 0.05625 0.2078125
0 0.52109375 0.62578125 0.0140625 0.03125
0 0.428125 0.6859375 0.05625 0.1921875
0 0.46171875 0.63828125 0.02265625 0.071875
0 0.49140625 0.61875 0.0125 0.02109375
0 0.47421875 0.634375 0.0109375 0.04375
0 0.403125 0.6359375 0.015625 0.04609375
0 0.41015625 0.61953125 0.00859375 0.015625
0 0.37890625 0.66015625 0.03125 0.12578125
0 0.353125 0.6984375 0.053125 0.21015625
0 0.328125 0.671875 0.0296875 0.12734375
0 0.3 0.67578125 0.03359375 0.12265625
0 0.27734375 0.65703125 0.025 0.0890625
0 0.296875 0.6296875 0.01875 0.04765625
0 0.24453125 0.67421875 0.0375 0.13671875
0 0.23046875 0.6609375 0.0234375 0.11640625
0 0.21640625 0.65390625 0.01171875 0.0765625
0 0.2078125 0.65 0.0234375 0.0671875
0 0.19140625 0.67734375 0.0375 0.1296875
0 0.15078125 0.6890625 0.053125 0.17265625
0 0.12421875 0.68046875 0.0296875 0.12734375
0 0.08515625 0.78203125 0.1171875 0.37421875
0 0.02890625 0.7765625 0.0578125 0.3640625
0 0.540625 0.63359375 0.0078125 0.03359375
0 0.53515625 0.63828125 0.01171875 0.0421875
0 0.9890625 0.66171875 0.021875 0.0578125
0 0.82890625 0.65703125 0.34140625 0.1125
0 0.3234375 0.62734375 0.44921875 0.084375