0 0.85859375 0.53828125 0.2796875 0.91875
0 0.5625 0.55234375 0.36171875 0.8953125
0 0.365625 0.7515625 0.30859375 0.4921875
0 0.15546875 0.7625 0.3 0.475
0 0.83203125 0.340625 0.3359375 0.68125
0 0.6875 0.15859375 0.12265625 0.3171875
0 0.403125 0.50390625 0.24296875 0.721875
0 0.51171875 0.2234375 0.134375 0.31015625
0 0.4140625 0.08984375 0.10546875 0.1796875
0 0.30703125 0.25234375 0.14296875 0.27421875
0 0.1375 0.20859375 0.12109375 0.2890625
0 0.19296875 0.45703125 0.28828125 0.69609375
0 0.06171875 0.5546875 0.12265625 0.8390625