0 0.965625 0.65703125 0.04453125 0.171875
0 0.93828125 0.715625 0.075 0.2890625
0 0.9234375 0.5828125 0.01953125 0.059375
0 0.84296875 0.57109375 0.021875 0.04375
0 0.8390625 0.66015625 0.0625 0.215625
0 0.79921875 0.578125 0.040625 0.06171875
0 0.80546875 0.6859375 0.071875 0.23671875
0 0.7625 0.60703125 0.0359375 0.04375
0 0.771875 0.76328125 0.26640625 0.28984375
0 0.71875 0.66875 0.0453125 0.23125
0 0.7171875 0.66875 0.0578125 0.23984375
0 0.675 0.6765625 0.02890625 0.2046875
0 0.62421875 0.73046875 0.125 0.3578125
0 0.57578125 0.59765625 0.025 0.04375
0 0.5375 0.6625 0.03125 0.19375
0 0.5546875 0.6234375 0.05 0.08125
0 0.56171875 0.73125 0.06015625 0.284375
0 0.5046875 0.69296875 0.04609375 0.2125
0 0.47265625 0.60625 0.03828125 0.0515625
0 0.47109375 0.72109375 0.06640625 0.265625
0 0.42578125 0.584375 0.0265625 0.046875
0 0.42109375 0.61875 0.02109375 0.0578125
0 0.44453125 0.60390625 0.02109375 0.04921875
0 0.43203125 0.6890625 0.04140625 0.2078125
0 0.39453125 0.59765625 0.03125 0.0625
0 0.34765625 0.5875 0.0296875 0.05625
0 0.34453125 0.678125 0.04296875 0.21328125
0 0.3828125 0.73984375 0.09609375 0.3359375
0 0.33984375 0.59609375 0.0140625 0.04375
0 0.328125 0.6484375 0.0234375 0.1296875
0 0.315625 0.5921875 0.0171875 0.04296875
0 0.3109375 0.6140625 0.028125 0.075
0 0.27265625 0.5859375 0.01953125 0.0390625
0 0.290625 0.70078125 0.05703125 0.24296875
0 0.2625 0.60546875 0.0296875 0.0625
0 0.24609375 0.61328125 0.015625 0.02578125
0 0.23828125 0.74296875 0.07421875 0.325
0 0.2265625 0.5796875 0.02578125 0.0375
0 0.20625 0.65390625 0.040625 0.196875
0 0.1953125 0.61796875 0.021875 0.11328125
0 0.16875 0.5828125 0.01640625 0.03125
0 0.1609375 0.58515625 0.01171875 0.02578125
0 0.14609375 0.6375 0.040625 0.1578125
0 0.17890625 0.684375 0.05390625 0.1828125
0 0.01015625 0.56875 0.0140625 0.015625
0 0.0140625 0.6390625 0.02734375 0.1296875
0 0.09921875 0.74140625 0.1984375 0.33359375
0 0.5203125 0.49140625 0.03359375 0.10390625
0 0.528125 0.440625 0.02734375 0.04921875
0 0.4453125 0.4234375 0.02265625 0.071875
0 0.45234375 0.39609375 0.02421875 0.07421875
0 0.4328125 0.38828125 0.02734375 0.06875
0 0.45703125 0.34453125 0.025 0.05625
0 0.43359375 0.3203125 0.0125 0.05546875
0 0.4390625 0.31796875 0.01015625 0.0609375
0 0.4421875 0.3171875 0.025 0.06484375
0 0.45625 0.3 0.01015625 0.02578125
0 0.46171875 0.309375 0.01796875 0.05
0 0.49140625 0.33203125 0.01171875 0.046875
0 0.4953125 0.334375 0.009375 0.04296875
0 0.50703125 0.33125 0.0171875 0.0703125
0 0.521875 0.328125 0.0140625 0.05859375
0 0.55 0.3390625 0.00703125 0.025
0 0.55859375 0.3390625 0.00703125 0.02578125
0 0.56953125 0.32734375 0.01328125 0.05
0 0.55390625 0.31875 0.01953125 0.06484375
0 0.290625 0.59609375 0.028125 0.0484375
0 0.990625 0.67265625 0.01875 0.1171875
0 0.78046875 0.56796875 0.0140625 0.025
0 0.63125 0.55625 0.00859375 0.00703125
0 0.353125 0.34765625 0.0109375 0.03984375
0 0.24140625 0.79453125 0.02109375 0.04296875
0 0.04921875 0.575 0.0578125 0.02421875
0 0.4828125 0.31875 0.0078125 0.01953125
0 0.5140625 0.33203125 0.00703125 0.04296875
0 0.18359375 0.5890625 0.0265625 0.04921875
0 0.30859375 0.590625 0.0234375 0.03984375