0 0.93984375 0.64921875 0.1203125 0.29921875
0 0.94453125 0.5265625 0.1109375 0.12578125
0 0.85859375 0.56953125 0.125 0.32265625
0 0.80546875 0.6578125 0.1671875 0.3546875
0 0.7390625 0.6109375 0.16796875 0.246875
0 0.73359375 0.4625 0.09296875 0.171875
0 0.6703125 0.496875 0.10859375 0.12109375
0 0.6484375 0.5421875 0.11875 0.2140625
0 0.63125 0.7078125 0.153125 0.28984375
0 0.56953125 0.53515625 0.08125 0.1015625
0 0.56328125 0.63125 0.08046875 0.21953125
0 0.5453125 0.528125 0.15546875 0.1796875
0 0.5375 0.41796875 0.0765625 0.2125
0 0.50546875 0.7484375 0.12578125 0.25
0 0.51875 0.678125 0.09921875 0.24296875
0 0.46171875 0.67578125 0.1140625 0.25
0 0.41015625 0.75625 0.1140625 0.259375
0 0.4578125 0.53046875 0.16171875 0.1921875
0 0.36640625 0.66328125 0.0796875 0.26328125
0 0.340625 0.73125 0.08515625 0.3078125
0 0.28046875 0.7734375 0.1234375 0.27421875
0 0.41484375 0.453125 0.1 0.3515625
0 0.33984375 0.4328125 0.09296875 0.328125
0 0.25 0.46484375 0.1046875 0.4515625
0 0.190625 0.46796875 0.1203125 0.32890625
0 0.1875 0.7546875 0.0828125 0.2640625
0 0.22890625 0.625 0.09375 0.18671875
0 0.17109375 0.72578125 0.1125 0.27265625
0 0.08984375 0.6875 0.08984375 0.30546875
0 0.075 0.56796875 0.109375 0.5015625
0 0.01796875 0.528125 0.0359375 0.14140625
0 0.01796875 0.6328125 0.0359375 0.090625
0 0.02109375 0.70859375 0.0421875 0.1828125
0 0.00625 0.2703125 0.01171875 0.1