0 0.05234375 0.75 0.0734375 0.446875
0 0.1765625 0.69765625 0.075 0.43515625
0 0.284375 0.65703125 0.06328125 0.409375
0 0.31484375 0.7109375 0.1125 0.41953125
0 0.434375 0.72109375 0.11171875 0.41015625
0 0.384375 0.62421875 0.06640625 0.37734375
0 0.48125 0.571875 0.0625 0.3828125
0 0.559375 0.71328125 0.09453125 0.41953125
0 0.56875 0.49765625 0.0734375 0.1765625
0 0.57421875 0.3875 0.0625 0.12109375
0 0.6375 0.6125 0.0859375 0.42578125
0 0.6046875 0.553125 0.05078125 0.37421875
0 0.67265625 0.5765625 0.0484375 0.36328125
0 0.65703125 0.375 0.0515625 0.1328125
0 0.71796875 0.61875 0.0921875 0.4265625
0 0.76796875 0.58046875 0.07734375 0.3390625
0 0.7453125 0.3328125 0.0640625 0.1234375
0 0.7390625 0.528125 0.07109375 0.3703125
0 0.85625 0.5625 0.08828125 0.39453125
0 0.8125 0.5171875 0.05859375 0.365625
0 0.81484375 0.3359375 0.0546875 0.1171875
0 0.91015625 0.55234375 0.0640625 0.37890625
0 0.86953125 0.3546875 0.075 0.1515625
0 0.95703125 0.4609375 0.08046875 0.328125
0 0.95859375 0.26875 0.0546875 0.16015625
0 0.88671875 0.28984375 0.05703125 0.16640625
0 0.99296875 0.246875 0.01328125 0.1859375