0 0.05703125 0.81484375 0.08046875 0.1125
0 0.06953125 0.83984375 0.08359375 0.059375
0 0.15078125 0.81640625 0.05234375 0.078125
0 0.2625 0.81640625 0.06953125 0.1046875
0 0.34921875 0.815625 0.04296875 0.10625
0 0.41484375 0.7890625 0.025 0.0375
0 0.496875 0.78359375 0.00859375 0.01484375
0 0.5078125 0.7828125 0.01171875 0.01953125
0 0.52578125 0.78359375 0.009375 0.01875
0 0.4453125 0.8796875 0.1734375 0.23984375
0 0.025 0.79453125 0.05 0.0515625
0 0.2359375 0.7625 0.04609375 0.021875
0 0.75078125 0.7984375 0.25625 0.0484375