0 0.04453125 0.3234375 0.0890625 0.221875
0 0.10703125 0.3640625 0.0984375 0.16015625
0 0.13515625 0.32578125 0.0625 0.10234375
0 0.1953125 0.2875 0.0703125 0.1578125
0 0.27421875 0.5703125 0.3703125 0.7375
0 0.4171875 0.44609375 0.0734375 0.26875
0 0.4328125 0.3125 0.046875 0.0765625
0 0.47578125 0.40390625 0.0390625 0.22421875
0 0.5265625 0.42421875 0.046875 0.175
0 0.53359375 0.3546875 0.03671875 0.08359375
0 0.51875 0.3015625 0.0359375 0.06484375
0 0.5 0.36171875 0.03203125 0.13046875
0 0.4828125 0.30546875 0.02578125 0.04765625
0 0.55234375 0.34765625 0.034375 0.1890625
0 0.56796875 0.3828125 0.0421875 0.11484375
0 0.58515625 0.371875 0.0375 0.13984375
0 0.5984375 0.29921875 0.03671875 0.0578125
0 0.63984375 0.37734375 0.0453125 0.21640625
0 0.66015625 0.375 0.034375 0.196875
0 0.69453125 0.38515625 0.04765625 0.19375
0 0.690625 0.29140625 0.0453125 0.0625
0 0.73515625 0.36015625 0.05703125 0.21796875
0 0.759375 0.3578125 0.04609375 0.2078125
0 0.81015625 0.34453125 0.0265625 0.10546875
0 0.84140625 0.45390625 0.31484375 0.8296875
0 0.1609375 0.32265625 0.25078125 0.11484375
0 0.6453125 0.28671875 0.359375 0.08984375