0 0.09453125 0.190625 0.1890625 0.284375
0 0.2046875 0.39921875 0.2171875 0.659375
0 0.35625 0.565625 0.14765625 0.65
0 0.56484375 0.5234375 0.36484375 0.77421875
0 0.7703125 0.67109375 0.45703125 0.65625
0 0.8 0.70234375 0.39296875 0.59140625
0 0.82109375 0.378125 0.11640625 0.49609375
0 0.34296875 0.18828125 0.13828125 0.128125
0 0.54453125 0.165625 0.11015625 0.08984375
0 0.725 0.3234375 0.13828125 0.31953125
0 0.1375 0.70625 0.275 0.5875
0 0.78671875 0.83515625 0.4265625 0.3265625
0 0.98515625 0.634375 0.025 0.08359375