0 0.1984375 0.71796875 0.025 0.06015625
0 0.20078125 0.70390625 0.0328125 0.05625
0 0.21484375 0.66953125 0.01796875 0.06875
0 0.2203125 0.665625 0.01328125 0.07265625
0 0.246875 0.69921875 0.02265625 0.075
0 0.25390625 0.6671875 0.01328125 0.06640625
0 0.26640625 0.66875 0.01640625 0.0640625
0 0.28671875 0.66953125 0.01484375 0.06171875
0 0.2796875 0.6671875 0.01171875 0.0640625
0 0.28828125 0.64140625 0.01328125 0.02265625
0 0.33359375 0.67578125 0.0140625 0.06875
0 0.35546875 0.67265625 0.015625 0.04921875
0 0.36640625 0.690625 0.01484375 0.06484375
0 0.4109375 0.69921875 0.0125 0.02734375
0 0.44609375 0.70546875 0.0125 0.04765625
0 0.4578125 0.703125 0.01171875 0.0453125
0 0.47109375 0.70703125 0.01328125 0.0453125
0 0.4875 0.659375 0.01171875 0.04296875
0 0.5484375 0.68984375 0.01171875 0.04921875
0 0.59296875 0.75390625 0.0171875 0.06171875
0 0.51953125 0.81875 0.02109375 0.08671875
0 0.55546875 0.82734375 0.02109375 0.07734375
0 0.4609375 0.9390625 0.0234375 0.0890625
0 0.478125 0.92890625 0.02421875 0.09921875
0 0.66953125 0.9234375 0.0234375 0.09296875
0 0.69453125 0.921875 0.03359375 0.09921875
0 0.7921875 0.85 0.01640625 0.0828125
0 0.82265625 0.8765625 0.0140625 0.0515625
0 0.890625 0.95 0.0265625 0.05
0 0.56953125 0.69453125 0.0125 0.03984375
0 0.49765625 0.62578125 0.009375 0.03359375
0 0.49453125 0.61796875 0.00703125 0.0296875
0 0.47109375 0.61875 0.009375 0.0375
0 0.46328125 0.62109375 0.009375 0.03359375
0 0.453125 0.6203125 0.009375 0.0328125
0 0.43828125 0.615625 0.00859375 0.0328125
0 0.43359375 0.61796875 0.00859375 0.03515625
0 0.35546875 0.59765625 0.00859375 0.0296875
0 0.353125 0.596875 0.01015625 0.0296875
0 0.296875 0.584375 0.0078125 0.0265625
0 0.34296875 0.5765625 0.00859375 0.0296875
0 0.3515625 0.57421875 0.00859375 0.02734375
0 0.4109375 0.57734375 0.0078125 0.0265625
0 0.28046875 0.64609375 0.01171875 0.04609375
0 0.36171875 0.5703125 0.0109375 0.0296875
0 0.39609375 0.57734375 0.02265625 0.0328125
0 0.4375 0.6140625 0.0234375 0.0328125
0 0.74921875 0.62734375 0.0109375 0.03125
0 0.5796875 0.58046875 0.0875 0.0640625
0 0.696875 0.69375 0.015625 0.02109375