0 0.1046875 0.8 0.0234375 0.08359375
0 0.1015625 0.76875 0.00859375 0.02109375
0 0.11640625 0.7984375 0.009375 0.07734375
0 0.1296875 0.79765625 0.015625 0.0921875
0 0.190625 0.76328125 0.01484375 0.02109375
0 0.20546875 0.7625 0.01328125 0.02109375
0 0.33984375 0.81484375 0.0171875 0.11796875
0 0.3359375 0.82421875 0.025 0.11015625
0 0.3546875 0.7625 0.0078125 0.01640625
0 0.37265625 0.775 0.0140625 0.0375
0 0.3703125 0.88984375 0.04765625 0.21875
0 0.41171875 0.8625 0.04296875 0.171875
0 0.453125 0.8125 0.01953125 0.1078125
0 0.63359375 0.80234375 0.01484375 0.10625
0 0.7671875 0.8125 0.02734375 0.1296875
0 0.790625 0.81640625 0.02734375 0.1234375
0 0.9046875 0.83828125 0.03828125 0.1625
0 0.23359375 0.7578125 0.0296875 0.01640625
0 0.38046875 0.79140625 0.00625 0.04765625
0 0.54609375 0.796875 0.0171875 0.10546875
0 0.5796875 0.8125 0.0453125 0.07578125
0 0.690625 0.784375 0.0953125 0.06796875
0 0.61484375 0.7671875 0.0328125 0.03046875