0 0.3328125 0.80703125 0.2 0.38125
0 0.50703125 0.83828125 0.165625 0.31875
0 0.65546875 0.778125 0.19453125 0.4390625
0 0.22109375 0.71640625 0.18984375 0.5671875
0 0.28984375 0.54375 0.1140625 0.29140625
0 0.39453125 0.53515625 0.12265625 0.39375
0 0.55390625 0.57890625 0.12109375 0.49453125
0 0.6484375 0.53828125 0.1515625 0.44765625
0 0.25390625 0.4015625 0.153125 0.29375
0 0.4625 0.66171875 0.17734375 0.43671875
0 0.31171875 0.38359375 0.12265625 0.4109375
0 0.4109375 0.32265625 0.1359375 0.26328125
0 0.521875 0.36796875 0.12109375 0.38125
0 0.6453125 0.309375 0.146875 0.3015625
0 0.28046875 0.20234375 0.1296875 0.16953125
0 0.353125 0.19296875 0.09453125 0.22265625
0 0.40234375 0.1484375 0.07265625 0.109375
0 0.46328125 0.225 0.07890625 0.17109375
0 0.50390625 0.17890625 0.07578125 0.1734375
0 0.565625 0.234375 0.065625 0.17734375
0 0.5921875 0.140625 0.084375 0.21640625
0 0.64765625 0.19375 0.11015625 0.2375
0 0.71171875 0.19453125 0.1203125 0.3890625