0 0.496875 0.62265625 0.346875 0.75390625
0 0.72890625 0.4953125 0.25390625 0.7296875
0 0.48359375 0.62734375 0.26328125 0.3453125
0 0.13828125 0.65625 0.2765625 0.684375
0 0.4203125 0.8328125 0.24375 0.33203125
0 0.45859375 0.24296875 0.2453125 0.4859375
0 0.596875 0.19296875 0.16953125 0.3859375
0 0.68828125 0.871875 0.2609375 0.25625
0 0.878125 0.5515625 0.23828125 0.58203125
0 0.83125 0.790625 0.21640625 0.35234375
0 0.07421875 0.32421875 0.1484375 0.3578125
0 0.29609375 0.41328125 0.23203125 0.54140625
0 0.140625 0.434375 0.2546875 0.34921875
0 0.8546875 0.8890625 0.1359375 0.221875
0 0.9015625 0.27734375 0.1953125 0.44765625
0 0.3171875 0.7984375 0.18671875 0.403125
0 0.18359375 0.253125 0.3671875 0.50625
0 0.84765625 0.17265625 0.3046875 0.3453125
0 0.946875 0.8609375 0.10546875 0.27578125