0 0.44921875 0.51484375 0.36171875 0.9703125
0 0.19296875 0.5234375 0.328125 0.95078125
0 0.11953125 0.5984375 0.13515625 0.8
0 0.06328125 0.39140625 0.1265625 0.3984375
0 0.02890625 0.4921875 0.05703125 0.321875
0 0.69609375 0.42578125 0.13671875 0.54609375
0 0.69609375 0.40859375 0.13203125 0.5125
0 0.71640625 0.4 0.07109375 0.36953125
0 0.8640625 0.515625 0.26953125 0.965625
0 0.9578125 0.4109375 0.084375 0.46484375
0 0.55859375 0.24765625 0.05234375 0.1046875
0 0.35546875 0.25390625 0.071875 0.0828125
0 0.9453125 0.28984375 0.10703125 0.2109375
0 0.696875 0.2375 0.025 0.05859375
0 0.78515625 0.26875 0.09609375 0.1921875
0 0.72109375 0.828125 0.228125 0.340625
0 0.9734375 0.7765625 0.05078125 0.146875