0 0.92421875 0.68203125 0.1328125 0.51171875
0 0.834375 0.68671875 0.1015625 0.42578125
0 0.771875 0.68828125 0.11328125 0.47265625
0 0.684375 0.6828125 0.0921875 0.45546875
0 0.62890625 0.70859375 0.11171875 0.47578125
0 0.57890625 0.5265625 0.0609375 0.15703125
0 0.53203125 0.53359375 0.08203125 0.146875
0 0.43984375 0.515625 0.109375 0.1828125
0 0.33984375 0.5296875 0.09921875 0.15546875
0 0.28125 0.50703125 0.08046875 0.16875
0 0.234375 0.68203125 0.11171875 0.4703125
0 0.165625 0.77578125 0.18515625 0.4
0 0.09375 0.721875 0.09921875 0.49140625
0 0.159375 0.54375 0.0921875 0.25703125
0 0.065625 0.4671875 0.02734375 0.04453125
0 0.09296875 0.46953125 0.01953125 0.02578125
0 0.39609375 0.46875 0.05703125 0.0859375
0 0.375 0.5140625 0.04140625 0.06171875
0 0.1953125 0.453125 0.03671875 0.0796875
0 0.47890625 0.525 0.0546875 0.1640625
0 0.728125 0.496875 0.040625 0.096875
0 0.70625 0.4953125 0.03515625 0.07734375
0 0.6984375 0.44140625 0.03515625 0.0515625
0 0.6421875 0.459375 0.04453125 0.053125
0 0.603125 0.4859375 0.03359375 0.065625
0 0.5484375 0.4796875 0.0390625 0.1
0 0.50234375 0.48046875 0.03359375 0.07421875
0 0.35546875 0.4828125 0.03125 0.096875
0 0.33125 0.440625 0.0296875 0.0328125
0 0.303125 0.4765625 0.0296875 0.053125
0 0.459375 0.45078125 0.0171875 0.01875
0 0.5875 0.44765625 0.02890625 0.01875