0 0.021875 0.39765625 0.03671875 0.11328125
0 0.05234375 0.41015625 0.0296875 0.06796875
0 0.090625 0.44453125 0.05625 0.2015625
0 0.14609375 0.4296875 0.06015625 0.2078125
0 0.14609375 0.43984375 0.04765625 0.19765625
0 0.17421875 0.41328125 0.03828125 0.13828125
0 0.18515625 0.42265625 0.0359375 0.13046875
0 0.2140625 0.45078125 0.034375 0.1546875
0 0.240625 0.40859375 0.0421875 0.1453125
0 0.278125 0.40234375 0.04375 0.1453125
0 0.303125 0.396875 0.025 0.09453125
0 0.33203125 0.4203125 0.03203125 0.15078125
0 0.35859375 0.37578125 0.009375 0.03203125
0 0.36796875 0.4203125 0.0359375 0.14375
0 0.38984375 0.3984375 0.02578125 0.109375
0 0.3984375 0.37421875 0.0109375 0.028125
0 0.41171875 0.396875 0.02109375 0.084375
0 0.42734375 0.41171875 0.0203125 0.13203125
0 0.43671875 0.4203125 0.0296875 0.125
0 0.46875 0.41328125 0.03203125 0.13828125
0 0.4859375 0.46171875 0.0859375 0.34921875
0 0.5703125 0.85703125 0.11484375 0.28515625
0 0.62578125 0.46640625 0.240625 0.39765625
0 0.63125 0.60859375 0.2390625 0.7796875
0 0.75625 0.40390625 0.03671875 0.15234375
0 0.825 0.40234375 0.03828125 0.134375
0 0.9046875 0.3796875 0.0203125 0.0703125
0 0.92578125 0.38125 0.015625 0.05859375
0 0.93515625 0.3796875 0.01328125 0.0546875
0 0.96328125 0.484375 0.07109375 0.3921875
0 0.0140625 0.49296875 0.028125 0.27890625
0 0.04921875 0.37578125 0.04296875 0.034375
0 0.10859375 0.4046875 0.03125 0.09765625
0 0.20625 0.3671875 0.040625 0.02265625
0 0.41875 0.365625 0.0078125 0.01171875
0 0.45234375 0.3875 0.0140625 0.0921875
0 0.4828125 0.35703125 0.01328125 0.0203125
0 0.740625 0.36015625 0.01875 0.034375
0 0.7734375 0.4015625 0.01875 0.11484375
0 0.88671875 0.36171875 0.01328125 0.03984375
0 0.921875 0.35546875 0.0078125 0.0203125
0 0.31953125 0.3734375 0.009375 0.02109375
0 0.26640625 0.39453125 0.0171875 0.06953125