0 0.10234375 0.634375 0.11796875 0.27578125
0 0.2796875 0.621875 0.128125 0.2875
0 0.434375 0.6265625 0.1375 0.2625
0 0.56484375 0.64375 0.159375 0.28125
0 0.4875 0.56796875 0.09140625 0.20078125
0 0.6 0.5625 0.11328125 0.19765625
0 0.3125 0.48828125 0.06015625 0.10078125
0 0.359375 0.47421875 0.0546875 0.08359375
0 0.37890625 0.459375 0.0296875 0.0703125
0 0.39296875 0.43046875 0.01796875 0.04296875
0 0.40859375 0.44453125 0.03359375 0.0640625
0 0.42421875 0.44609375 0.025 0.0609375
0 0.49609375 0.453125 0.028125 0.07578125
0 0.50234375 0.45546875 0.025 0.07578125
0 0.51328125 0.4546875 0.03671875 0.0734375
0 0.52578125 0.44296875 0.025 0.05546875
0 0.5421875 0.43046875 0.01796875 0.02578125
0 0.56484375 0.4796875 0.0765625 0.115625
0 0.5859375 0.45859375 0.03515625 0.065625
0 0.41875 0.434375 0.03359375 0.05078125
0 0.39296875 0.40703125 0.01171875 0.01640625