0 0.53984375 0.34921875 0.05703125 0.1953125
0 0.725 0.31171875 0.0546875 0.03828125
0 0.64453125 0.31640625 0.06484375 0.0390625
0 0.56640625 0.35390625 0.06953125 0.2078125
0 0.70625 0.328125 0.0921875 0.05078125
0 0.784375 0.3203125 0.103125 0.0546875
0 0.76875 0.38125 0.11953125 0.09453125
0 0.8359375 0.39375 0.15234375 0.0703125
0 0.86015625 0.67421875 0.27734375 0.53515625
0 0.40234375 0.3234375 0.096875 0.11875
0 0.371875 0.34765625 0.1328125 0.1453125
0 0.2578125 0.3921875 0.2265625 0.271875
0 0.1015625 0.51875 0.20234375 0.3125
0 0.72734375 0.3125 0.0546875 0.03828125
0 0.66015625 0.3046875 0.03671875 0.03515625
0 0.46796875 0.19765625 0.4578125 0.06171875