0 0.021875 0.62421875 0.04375 0.13984375
0 0.053125 0.615625 0.0515625 0.0734375
0 0.19765625 0.5828125 0.0640625 0.0734375
0 0.1703125 0.7703125 0.28828125 0.4578125
0 0.2234375 0.58203125 0.0484375 0.05078125
0 0.26796875 0.565625 0.06171875 0.0390625
0 0.31875 0.56484375 0.06328125 0.0515625
0 0.3734375 0.59609375 0.05546875 0.10625
0 0.30703125 0.6625 0.1125 0.23828125
0 0.47109375 0.56953125 0.0421875 0.05546875
0 0.44296875 0.62890625 0.0921875 0.16015625
0 0.5 0.6265625 0.06328125 0.15546875
0 0.55859375 0.65 0.115625 0.253125
0 0.69140625 0.7015625 0.15234375 0.1546875
0 0.771875 0.6015625 0.040625 0.0953125
0 0.81640625 0.596875 0.03671875 0.0984375
0 0.85 0.60625 0.0484375 0.1
0 0.87734375 0.60078125 0.04375 0.0984375
0 0.9046875 0.5875 0.08515625 0.0859375
0 0.93515625 0.71171875 0.1296875 0.3140625
0 0.496875 0.7671875 0.99375 0.4625