0 0.89609375 0.746875 0.17734375 0.496875
0 0.8171875 0.52421875 0.0984375 0.50546875
0 0.71875 0.8578125 0.1875 0.284375
0 0.759375 0.753125 0.17421875 0.42890625
0 0.65859375 0.60625 0.11015625 0.25390625
0 0.553125 0.871875 0.140625 0.25625
0 0.5921875 0.74296875 0.1375 0.3171875
0 0.525 0.63125 0.1140625 0.3171875
0 0.428125 0.6015625 0.1 0.27578125
0 0.44296875 0.79765625 0.1203125 0.40078125
0 0.37578125 0.8421875 0.12578125 0.3109375
0 0.33671875 0.6265625 0.08828125 0.18125
0 0.22578125 0.840625 0.19765625 0.31484375
0 0.13046875 0.7765625 0.16015625 0.4421875
0 0.26953125 0.721875 0.13359375 0.1921875
0 0.6984375 0.3078125 0.11171875 0.1203125
0 0.584375 0.30234375 0.0921875 0.12265625
0 0.49140625 0.321875 0.0703125 0.10078125
0 0.4359375 0.33046875 0.07890625 0.1140625
0 0.35625 0.3359375 0.10703125 0.16875
0 0.29375 0.48046875 0.115625 0.37890625
0 0.1921875 0.5265625 0.13359375 0.5359375
0 0.09375 0.47265625 0.1234375 0.4375