0 0.0625 0.7015625 0.125 0.5953125
0 0.15703125 0.7078125 0.10078125 0.56015625
0 0.23671875 0.703125 0.08671875 0.51484375
0 0.2671875 0.6890625 0.05703125 0.46015625
0 0.31640625 0.678125 0.06875 0.4546875
0 0.378125 0.6609375 0.0859375 0.48125
0 0.4453125 0.65546875 0.08046875 0.48203125
0 0.48984375 0.68515625 0.078125 0.440625
0 0.54296875 0.665625 0.08125 0.44765625
0 0.60546875 0.6578125 0.08671875 0.4484375
0 0.64921875 0.671875 0.05234375 0.4078125
0 0.7046875 0.67109375 0.07578125 0.44453125
0 0.7546875 0.6828125 0.0734375 0.415625
0 0.840625 0.6734375 0.1421875 0.4640625
0 0.87421875 0.703125 0.09296875 0.446875
0 0.94765625 0.70546875 0.10234375 0.53125