0 0.5765625 0.73359375 0.3390625 0.53125
0 0.15859375 0.6921875 0.3171875 0.6140625
0 0.26640625 0.6125 0.346875 0.775
0 0.51171875 0.5203125 0.17265625 0.51015625
0 0.321875 0.5796875 0.21796875 0.83828125
0 0.034375 0.35546875 0.06875 0.2046875
0 0.4015625 0.359375 0.059375 0.2734375
0 0.6125 0.42109375 0.0625 0.3859375
0 0.5515625 0.415625 0.06875 0.35390625
0 0.5875 0.3640625 0.04296875 0.321875
0 0.88203125 0.49921875 0.2203125 0.9984375
0 0.490625 0.2609375 0.08203125 0.0859375
0 0.56328125 0.265625 0.01796875 0.065625
0 0.596875 0.22890625 0.01328125 0.0171875
0 0.6203125 0.2296875 0.0109375 0.01640625
0 0.0875 0.334375 0.0421875 0.1234375