0 0.93359375 0.7484375 0.1328125 0.4
0 0.95078125 0.6796875 0.0984375 0.43125
0 0.84375 0.665625 0.1921875 0.39140625
0 0.81328125 0.63203125 0.13984375 0.328125
0 0.73515625 0.58359375 0.18203125 0.35859375
0 0.60546875 0.7359375 0.225 0.49296875
0 0.4390625 0.7375 0.23671875 0.52421875
0 0.5078125 0.53828125 0.103125 0.14140625
0 0.31328125 0.646875 0.0921875 0.3265625
0 0.190625 0.659375 0.22734375 0.35859375
0 0.2203125 0.5875 0.11015625 0.2296875
0 0.0640625 0.70390625 0.10859375 0.3453125
0 0.059375 0.759375 0.11875 0.4765625
0 0.87890625 0.48203125 0.1421875 0.0921875
0 0.98203125 0.46875 0.0359375 0.0375
0 0.64453125 0.49921875 0.2234375 0.1125
0 0.03671875 0.5046875 0.0734375 0.06875
0 0.33984375 0.47734375 0.3953125 0.0703125
0 0.090625 0.15625 0.18125 0.284375
0 0.6140625 0.246875 0.0703125 0.12421875
0 0.87265625 0.259375 0.171875 0.1453125
0 0.12265625 0.43046875 0.2390625 0.11640625
0 0.8796875 0.43046875 0.18671875 0.0703125