0 0.059375 0.59609375 0.0609375 0.13828125
0 0.1375 0.57265625 0.0375 0.12109375
0 0.16640625 0.57890625 0.0421875 0.1078125
0 0.49296875 0.53671875 0.03125 0.09453125
0 0.596875 0.5515625 0.04140625 0.1328125
0 0.6546875 0.5421875 0.0171875 0.0671875
0 0.16484375 0.8453125 0.2 0.30625
0 0.33671875 0.7296875 0.09609375 0.27421875
0 0.6296875 0.66015625 0.06875 0.265625
0 0.684375 0.71328125 0.07890625 0.284375
0 0.73359375 0.60859375 0.05234375 0.16640625
0 0.78671875 0.59765625 0.04609375 0.16171875
0 0.82734375 0.6015625 0.0453125 0.16640625
0 0.85078125 0.584375 0.04140625 0.178125
0 0.9609375 0.5359375 0.0359375 0.0625
0 0.92734375 0.62109375 0.03984375 0.1984375
0 0.9484375 0.63984375 0.06640625 0.2125
0 0.13125 0.6609375 0.1203125 0.021875
0 0.21953125 0.6328125 0.11875 0.0234375
0 0.4265625 0.5796875 0.1015625 0.021875
0 0.7640625 0.80234375 0.1921875 0.0390625
0 0.8359375 0.684375 0.19609375 0.0390625
0 0.7703125 0.546875 0.02734375 0.07734375