0 0.140625 0.72265625 0.26484375 0.55078125
0 0.309375 0.89609375 0.2671875 0.20546875
0 0.49296875 0.79140625 0.2453125 0.41328125
0 0.71328125 0.85546875 0.1296875 0.2890625
0 0.915625 0.828125 0.1671875 0.34140625
0 0.871875 0.77734375 0.16015625 0.36171875
0 0.82421875 0.72578125 0.14140625 0.54765625
0 0.925 0.571875 0.11875 0.20703125
0 0.9234375 0.43984375 0.0875 0.26875
0 0.97421875 0.37890625 0.05078125 0.20546875
0 0.903125 0.33125 0.075 0.1671875
0 0.946875 0.3265625 0.03359375 0.09765625
0 0.959375 0.303125 0.05 0.12421875
0 0.9828125 0.23515625 0.034375 0.1203125
0 0.959375 0.19609375 0.0625 0.11484375
0 0.91171875 0.209375 0.06640625 0.23359375
0 0.8234375 0.471875 0.11953125 0.23203125
0 0.8171875 0.42578125 0.12890625 0.30703125
0 0.83671875 0.26171875 0.075 0.17421875
0 0.62734375 0.7875 0.1421875 0.425
0 0.68828125 0.69140625 0.13828125 0.36015625
0 0.7375 0.6171875 0.121875 0.271875
0 0.50078125 0.7 0.1296875 0.28984375
0 0.26328125 0.8515625 0.17890625 0.22890625
0 0.25078125 0.73671875 0.12890625 0.221875
0 0.27890625 0.69296875 0.10078125 0.20078125
0 0.1375 0.7109375 0.11875 0.4796875
0 0.1171875 0.5046875 0.1234375 0.19609375
0 0.20546875 0.4828125 0.0890625 0.23046875
0 0.146875 0.41953125 0.09453125 0.17734375
0 0.0875 0.41796875 0.075 0.22421875
0 0.0375 0.4796875 0.075 0.18046875
0 0.04296875 0.33671875 0.08515625 0.17109375
0 0.0609375 0.2765625 0.121875 0.2390625
0 0.1484375 0.19453125 0.03671875 0.0546875
0 0.27734375 0.31875 0.05 0.1296875
0 0.3859375 0.5203125 0.1609375 0.240625
0 0.46484375 0.575 0.20703125 0.3
0 0.60390625 0.53515625 0.14765625 0.36796875
0 0.68671875 0.38984375 0.121875 0.19765625
0 0.5859375 0.33515625 0.10625 0.20390625
0 0.459375 0.33125 0.1 0.20859375
0 0.509375 0.45390625 0.06875 0.15546875
0 0.42578125 0.41640625 0.06328125 0.1390625
0 0.3578125 0.3921875 0.0828125 0.08125
0 0.3359375 0.3984375 0.078125 0.190625
0 0.375 0.321875 0.0640625 0.11484375
0 0.4015625 0.32578125 0.02578125 0.0609375
0 0.7359375 0.409375 0.15 0.384375
0 0.728125 0.334375 0.0859375 0.19921875
0 0.8859375 0.26171875 0.04921875 0.271875
0 0.3953125 0.12890625 0.05390625 0.12265625
0 0.3390625 0.14609375 0.059375 0.1125
0 0.50703125 0.23046875 0.059375 0.15625
0 0.559375 0.22421875 0.06015625 0.10625
0 0.0796875 0.19921875 0.08515625 0.14765625
0 0.3421875 0.2609375 0.09375 0.1609375
0 0.3484375 0.1765625 0.06015625 0.1109375
0 0.38828125 0.1796875 0.040625 0.08125
0 0.38515625 0.28671875 0.03671875 0.11484375
0 0.409375 0.25078125 0.03359375 0.10078125
0 0.46015625 0.2140625 0.03984375 0.09453125
0 0.58828125 0.33671875 0.1 0.1953125
0 0.53515625 0.3046875 0.04765625 0.11640625
0 0.25546875 0.425 0.10390625 0.246875
0 0.984375 0.54140625 0.03125 0.2890625
0 0.15 0.08125 0.3 0.1625
0 0.2609375 0.209375 0.08515625 0.09453125
0 0.33515625 0.0640625 0.06953125 0.128125
0 0.68671875 0.04375 0.6265625 0.0875
0 0.9375 0.109375 0.1203125 0.04453125
0 0.64296875 0.15546875 0.4375 0.1328125
0 0.784375 0.2546875 0.034375 0.0515625
0 0.01796875 0.20625 0.03515625 0.08984375
0 0.1703125 0.2546875 0.0875 0.16953125