0 0.37734375 0.45859375 0.07890625 0.103125
0 0.45234375 0.496875 0.07109375 0.1515625
0 0.46328125 0.51953125 0.02734375 0.08046875
0 0.54609375 0.5265625 0.03203125 0.1109375
0 0.56015625 0.4921875 0.01796875 0.040625
0 0.74296875 0.5234375 0.040625 0.15859375
0 0.78359375 0.52421875 0.04765625 0.17890625
0 0.1921875 0.659375 0.32421875 0.678125
0 0.41796875 0.728125 0.14375 0.54296875
0 0.50234375 0.609375 0.140625 0.29140625
0 0.63828125 0.49921875 0.17109375 0.3015625
0 0.5984375 0.6921875 0.27421875 0.284375
0 0.7265625 0.753125 0.13828125 0.49296875
0 0.88203125 0.6578125 0.234375 0.68203125
0 0.70546875 0.4875 0.09140625 0.20546875
0 0.59140625 0.47265625 0.01953125 0.03203125
0 0.50859375 0.46640625 0.01640625 0.01640625
0 0.76328125 0.48671875 0.01953125 0.05390625
0 0.81328125 0.48125 0.01875 0.05390625
0 0.971875 0.45078125 0.05390625 0.17109375
0 0.41796875 0.3640625 0.08515625 0.08359375
0 0.87890625 0.190625 0.171875 0.04296875