0 0.2375 0.61171875 0.10234375 0.284375
0 0.309375 0.584375 0.09609375 0.2984375
0 0.21875 0.434375 0.30625 0.534375
0 0.1421875 0.484375 0.12578125 0.459375
0 0.23671875 0.4015625 0.10625 0.31640625
0 0.29921875 0.38671875 0.0875 0.3125
0 0.33984375 0.3875 0.06015625 0.271875
0 0.38046875 0.5859375 0.08828125 0.296875
0 0.44765625 0.6 0.09921875 0.296875
0 0.48671875 0.6203125 0.13828125 0.2765625
0 0.53203125 0.6578125 0.23203125 0.265625
0 0.68671875 0.615625 0.125 0.2765625
0 0.803125 0.621875 0.14375 0.296875
0 0.42890625 0.39375 0.14140625 0.2875
0 0.5359375 0.384375 0.209375 0.3140625
0 0.46484375 0.38046875 0.08203125 0.29140625
0 0.60546875 0.42109375 0.09140625 0.36640625
0 0.6921875 0.409375 0.11796875 0.30546875
0 0.765625 0.415625 0.10390625 0.309375
0 0.88125 0.47265625 0.14375 0.559375
0 0.68203125 0.253125 0.18125 0.14609375
0 0.91640625 0.22421875 0.04609375 0.07890625
0 0.03984375 0.30390625 0.078125 0.09453125