0 0.05078125 0.38984375 0.0859375 0.17109375
0 0.18046875 0.37734375 0.09453125 0.16640625
0 0.0390625 0.4859375 0.07734375 0.23359375
0 0.0828125 0.6421875 0.103125 0.31875
0 0.13125 0.52890625 0.084375 0.28984375
0 0.209375 0.7125 0.16953125 0.52734375
0 0.353125 0.775 0.375 0.44921875
0 0.6984375 0.77265625 0.334375 0.4546875
0 0.88359375 0.7390625 0.2328125 0.521875
0 0.896875 0.4421875 0.1203125 0.253125
0 0.78515625 0.46953125 0.1171875 0.3109375
0 0.71640625 0.434375 0.14140625 0.30703125
0 0.65078125 0.42578125 0.11015625 0.2671875
0 0.60546875 0.403125 0.10390625 0.23359375
0 0.54140625 0.4 0.0984375 0.23671875
0 0.69609375 0.28359375 0.05078125 0.18046875
0 0.48359375 0.38203125 0.08046875 0.228125
0 0.378125 0.40078125 0.1015625 0.3375
0 0.965625 0.5390625 0.06640625 0.21640625