0 0.85390625 0.65234375 0.09453125 0.46171875
0 0.80859375 0.584375 0.06328125 0.16171875
0 0.73671875 0.73359375 0.18515625 0.31796875
0 0.71796875 0.63515625 0.1265625 0.2546875
0 0.55703125 0.71796875 0.18515625 0.34453125
0 0.6390625 0.63046875 0.125 0.34453125
0 0.60234375 0.5640625 0.059375 0.2265625
0 0.5125 0.57265625 0.07890625 0.2140625
0 0.5359375 0.471875 0.0328125 0.04296875
0 0.33515625 0.7140625 0.15390625 0.36015625
0 0.35 0.55390625 0.071875 0.18984375
0 0.4171875 0.6421875 0.084375 0.50546875
0 0.4765625 0.53671875 0.05234375 0.3375
0 0.44375 0.37890625 0.0171875 0.02890625
0 0.4421875 0.47890625 0.05078125 0.20234375
0 0.39453125 0.43203125 0.053125 0.1484375
0 0.37265625 0.509375 0.03984375 0.29140625
0 0.38671875 0.3734375 0.021875 0.03984375
0 0.340625 0.4515625 0.04609375 0.12421875
0 0.33984375 0.38515625 0.0234375 0.0390625
0 0.3171875 0.41875 0.0359375 0.121875
0 0.28359375 0.52734375 0.0765625 0.265625
0 0.31875 0.36015625 0.0171875 0.0265625
0 0.2984375 0.38515625 0.03125 0.0765625
0 0.29765625 0.3375 0.01875 0.034375
0 0.2859375 0.4484375 0.025 0.209375
0 0.27265625 0.4234375 0.021875 0.1890625
0 0.259375 0.3703125 0.02578125 0.08046875
0 0.240625 0.4546875 0.03671875 0.23515625
0 0.23125 0.34765625 0.0171875 0.0546875
0 0.20625 0.44296875 0.046875 0.21328125
0 0.178125 0.40625 0.02734375 0.15234375
0 0.165625 0.38515625 0.0171875 0.109375
0 0.15625 0.37265625 0.01640625 0.08984375
0 0.13203125 0.36015625 0.02734375 0.08125
0 0.11953125 0.36640625 0.0171875 0.05
0 0.11015625 0.43515625 0.0265625 0.1765625
0 0.1328125 0.484375 0.0640625 0.20546875
0 0.0859375 0.73203125 0.171875 0.3140625
0 0.06015625 0.6203125 0.10546875 0.209375
0 0.05625 0.61640625 0.0984375 0.20703125
0 0.68671875 0.39296875 0.34296875 0.19375
0 0.44140625 0.34921875 0.08515625 0.0546875
0 0.21484375 0.328125 0.20625 0.09609375
0 0.3609375 0.36328125 0.0453125 0.0671875