0 0.00625 0.40078125 0.01171875 0.075
0 0.08046875 0.51171875 0.1203125 0.38203125
0 0.803125 0.41875 0.0140625 0.03359375
0 0.8109375 0.415625 0.00859375 0.03125
0 0.8234375 0.415625 0.00859375 0.021875
0 0.790625 0.6421875 0.1953125 0.53359375
0 0.86640625 0.6296875 0.2125 0.48515625
0 0.69921875 0.40703125 0.01953125 0.0265625
0 0.96953125 0.415625 0.04609375 0.0515625
0 0.91640625 0.415625 0.0125 0.028125
0 0.38984375 0.55078125 0.25 0.528125
0 0.10625 0.4203125 0.01171875 0.04375
0 0.21953125 0.4359375 0.0359375 0.1546875