0 0.8453125 0.765625 0.1203125 0.46640625
0 0.7640625 0.7234375 0.12265625 0.5109375
0 0.625 0.71484375 0.25390625 0.5671875
0 0.4328125 0.72265625 0.2046875 0.55
0 0.5625 0.54609375 0.0875 0.1171875
0 0.53828125 0.47890625 0.08984375 0.25
0 0.384375 0.72421875 0.140625 0.5484375
0 0.38046875 0.6953125 0.13203125 0.50625
0 0.3640625 0.4703125 0.05703125 0.13515625
0 0.4203125 0.39453125 0.03203125 0.0390625
0 0.35625 0.4296875 0.05625 0.1046875
0 0.32109375 0.42890625 0.03359375 0.09765625
0 0.33359375 0.4140625 0.0203125 0.0609375
0 0.2859375 0.428125 0.02890625 0.09140625
0 0.05703125 0.36484375 0.021875 0.03515625
0 0.4171875 0.43125 0.04609375 0.05234375
0 0.4421875 0.4234375 0.028125 0.0515625
0 0.37578125 0.4078125 0.021875 0.0625
0 0.515625 0.41171875 0.0203125 0.01875
0 0.0265625 0.3671875 0.01328125 0.01875
0 0.29765625 0.41640625 0.02734375 0.04765625
0 0.359375 0.69921875 0.0203125 0.0234375
0 0.67890625 0.53359375 0.0421875 0.0875
0 0.48203125 0.4515625 0.03125 0.0484375