0 0.10546875 0.615625 0.2109375 0.765625
0 0.23125 0.63125 0.1375 0.73515625
0 0.27734375 0.2765625 0.05859375 0.1078125
0 0.3328125 0.60390625 0.16171875 0.7890625
0 0.4375 0.659375 0.1375 0.67578125
0 0.47109375 0.3265625 0.078125 0.2046875
0 0.53046875 0.63125 0.18984375 0.73515625
0 0.6234375 0.6078125 0.14921875 0.78125
0 0.7421875 0.55078125 0.10546875 0.54609375
0 0.8421875 0.56796875 0.26796875 0.8140625
0 0.9265625 0.48359375 0.134375 0.48984375
0 0.95078125 0.50859375 0.09765625 0.58671875
0 0.71796875 0.53515625 0.078125 0.62421875
0 0.58515625 0.30703125 0.1625 0.1125
0 0.14375 0.2453125 0.2875 0.190625