0 0.77734375 0.58515625 0.1390625 0.56875
0 0.60390625 0.696875 0.1890625 0.60625
0 0.409375 0.67265625 0.21015625 0.65234375
0 0.42578125 0.64453125 0.1640625 0.6875
0 0.50859375 0.50859375 0.065625 0.26640625
0 0.6296875 0.49296875 0.08984375 0.28046875
0 0.33515625 0.56171875 0.08203125 0.3859375
0 0.2234375 0.584375 0.09765625 0.37578125
0 0.259375 0.5328125 0.07890625 0.34921875
0 0.2875 0.52578125 0.03515625 0.25
0 0.13046875 0.49296875 0.0421875 0.17265625
0 0.084375 0.48359375 0.040625 0.15234375
0 0.0609375 0.46171875 0.02734375 0.12890625
0 0.18125 0.45234375 0.0265625 0.0921875
0 0.14765625 0.4828125 0.03515625 0.14453125
0 0.15546875 0.48046875 0.0234375 0.12734375
0 0.171875 0.471875 0.0234375 0.12109375
0 0.0828125 0.41484375 0.03203125 0.05234375
0 0.2671875 0.67734375 0.128125 0.1859375
0 0.6578125 0.81640625 0.4421875 0.3640625
0 0.94765625 0.70859375 0.10234375 0.57421875
0 0.03125 0.4546875 0.03515625 0.096875
0 0.1046875 0.47421875 0.028125 0.14453125