0 0.09140625 0.8875 0.1546875 0.2234375
0 0.2671875 0.903125 0.1234375 0.19140625
0 0.234375 0.87109375 0.0328125 0.08828125
0 0.31328125 0.88984375 0.0640625 0.18828125
0 0.34453125 0.896875 0.02890625 0.14609375
0 0.334375 0.8265625 0.015625 0.03203125
0 0.35703125 0.834375 0.0203125 0.040625
0 0.37109375 0.9 0.034375 0.14609375
0 0.396875 0.9140625 0.05546875 0.1703125
0 0.440625 0.909375 0.0546875 0.17890625
0 0.465625 0.9140625 0.03359375 0.17109375
0 0.478125 0.90234375 0.02578125 0.1578125
0 0.3859375 0.83203125 0.0171875 0.04296875
0 0.38828125 0.821875 0.0203125 0.028125
0 0.4484375 0.8390625 0.01328125 0.04140625
0 0.459375 0.8265625 0.00546875 0.01015625
0 0.490625 0.87109375 0.021875 0.09921875
0 0.49921875 0.85859375 0.0140625 0.08359375
0 0.52109375 0.87421875 0.03125 0.10625
0 0.534375 0.84765625 0.0140625 0.046875
0 0.5421875 0.91484375 0.04609375 0.16875
0 0.546875 0.8453125 0.01875 0.04765625
0 0.56640625 0.85390625 0.01640625 0.05390625
0 0.56171875 0.94921875 0.05390625 0.1015625
0 0.60234375 0.9046875 0.04921875 0.13125
0 0.634375 0.93359375 0.1046875 0.1328125
0 0.6984375 0.94296875 0.0703125 0.1140625
0 0.66328125 0.8890625 0.05234375 0.125
0 0.6 0.86328125 0.0328125 0.075
0 0.696875 0.86796875 0.02578125 0.0453125
0 0.734375 0.88203125 0.05390625 0.0859375
0 0.7359375 0.93046875 0.0546875 0.13671875
0 0.7640625 0.89609375 0.02734375 0.07890625
0 0.8015625 0.9296875 0.084375 0.1390625
0 0.77734375 0.91640625 0.03828125 0.046875
0 0.834375 0.8921875 0.0328125 0.0796875
0 0.91640625 0.94453125 0.0765625 0.109375
0 0.925 0.91171875 0.0609375 0.08828125
0 0.65 0.56796875 0.0171875 0.04921875
0 0.8765625 0.48359375 0.0671875 0.17578125
0 0.16015625 0.2796875 0.04296875 0.39765625
0 0.009375 0.959375 0.01875 0.07890625
0 0.9890625 0.9296875 0.02109375 0.1390625
0 0.81015625 0.82734375 0.0125 0.04921875
0 0.73671875 0.834375 0.0296875 0.0265625
0 0.6734375 0.84765625 0.0296875 0.075
0 0.6375 0.825 0.01796875 0.0828125
0 0.621875 0.8453125 0.01484375 0.05
0 0.753125 0.81484375 0.0109375 0.01328125
0 0.5734375 0.85390625 0.0109375 0.0671875
0 0.55703125 0.8328125 0.01484375 0.03125
0 0.5390625 0.84296875 0.009375 0.04921875
0 0.5265625 0.825 0.00703125 0.0125
0 0.51015625 0.825 0.02265625 0.028125
0 0.50546875 0.86328125 0.0109375 0.05078125
0 0.44609375 0.81171875 0.1046875 0.0359375
0 0.48125 0.840625 0.01171875 0.0234375
0 0.46640625 0.840625 0.00625 0.021875
0 0.4484375 0.84453125 0.0109375 0.03125
0 0.42109375 0.85 0.01953125 0.0421875
0 0.3703125 0.8265625 0.01875 0.0421875
0 0.38984375 0.8 0.0078125 0.02578125
0 0.2859375 0.840625 0.0359375 0.109375
0 0.178125 0.8046875 0.0234375 0.0578125
0 0.4921875 0.76796875 0.01484375 0.01015625
0 0.45625 0.78828125 0.0171875 0.01015625
0 0.5578125 0.8015625 0.04140625 0.03203125
0 0.5859375 0.81640625 0.009375 0.01875
0 0.6484375 0.68359375 0.015625 0.03359375
0 0.59921875 0.65546875 0.009375 0.01484375
0 0.53046875 0.69375 0.01875 0.0171875