0 0.8078125 0.39765625 0.00859375 0.015625
0 0.81875 0.40234375 0.01484375 0.01640625
0 0.88125 0.38671875 0.015625 0.02734375
0 0.896875 0.38671875 0.01171875 0.025
0 0.9125 0.3875 0.0125 0.0234375
0 0.92734375 0.3890625 0.015625 0.0296875
0 0.9484375 0.39765625 0.01640625 0.01640625
0 0.19140625 0.35859375 0.13046875 0.1640625
0 0.3328125 0.3515625 0.11796875 0.14765625
0 0.37890625 0.32578125 0.06640625 0.1453125
0 0.4640625 0.34921875 0.09765625 0.14140625
0 0.559375 0.35625 0.096875 0.1265625
0 0.090625 0.5328125 0.17109375 0.1984375
0 0.18828125 0.48671875 0.11484375 0.2
0 0.29296875 0.44921875 0.11015625 0.1625
0 0.3796875 0.46484375 0.14140625 0.19375
0 0.4359375 0.45078125 0.1078125 0.15546875
0 0.51015625 0.4859375 0.140625 0.2484375
0 0.5546875 0.40234375 0.05390625 0.07109375
0 0.61484375 0.43203125 0.09140625 0.1125
0 0.6046875 0.53203125 0.13515625 0.1984375
0 0.684375 0.4125 0.103125 0.12421875
0 0.6875 0.503125 0.10390625 0.14609375
0 0.7625 0.48671875 0.11328125 0.1609375
0 0.7984375 0.4453125 0.07109375 0.1375
0 0.88671875 0.571875 0.1453125 0.34140625
0 0.11015625 0.6359375 0.20703125 0.35
0 0.2765625 0.6625 0.12265625 0.3234375
0 0.396875 0.6796875 0.1421875 0.30703125
0 0.49140625 0.70859375 0.2171875 0.3109375
0 0.75546875 0.65859375 0.19609375 0.3296875
0 0.4125 0.36796875 0.0375 0.03125