0 0.37890625 0.6546875 0.1015625 0.34921875
0 0.46171875 0.63046875 0.0984375 0.3203125
0 0.6078125 0.63203125 0.11640625 0.45390625
0 0.715625 0.6453125 0.12265625 0.51640625
0 0.78046875 0.60546875 0.096875 0.36796875
0 0.92578125 0.625 0.14609375 0.35859375
0 0.97890625 0.5765625 0.040625 0.26328125
0 0.9640625 0.55078125 0.03515625 0.2125
0 0.846875 0.565625 0.04765625 0.16328125
0 0.80625 0.56875 0.03515625 0.20078125
0 0.84765625 0.49765625 0.03359375 0.06484375
0 0.65703125 0.5921875 0.0453125 0.1921875
0 0.5046875 0.51484375 0.0203125 0.0578125
0 0.51875 0.51171875 0.02265625 0.04296875
0 0.01328125 0.5640625 0.0265625 0.07421875
0 0.04296875 0.5546875 0.03203125 0.0609375
0 0.03359375 0.54375 0.0265625 0.0578125
0 0.05703125 0.534375 0.01953125 0.0390625
0 0.0671875 0.54375 0.025 0.0453125
0 0.09453125 0.5328125 0.0234375 0.03046875
0 0.08515625 0.528125 0.0171875 0.0421875
0 0.95390625 0.565625 0.03671875 0.209375
0 0.54453125 0.62578125 0.06953125 0.325
0 0.17265625 0.16328125 0.0546875 0.20703125
0 0.290625 0.25 0.08359375 0.33671875
0 0.35234375 0.20390625 0.03828125 0.178125
0 0.421875 0.22421875 0.03515625 0.16015625
0 0.484375 0.23046875 0.03515625 0.1578125
0 0.53828125 0.24296875 0.025 0.14140625
0 0.58671875 0.26484375 0.02890625 0.14609375
0 0.71640625 0.86953125 0.20390625 0.0984375
0 0.421875 0.840625 0.075 0.05234375
0 0.890625 0.48203125 0.01796875 0.03359375
0 0.8125 0.47734375 0.021875 0.053125
0 0.78515625 0.47890625 0.0125 0.02109375
0 0.65078125 0.48828125 0.03125 0.01484375
0 0.06953125 0.52421875 0.0171875 0.02109375
0 0.11015625 0.52421875 0.015625 0.02578125
0 0.03203125 0.48671875 0.05859375 0.06484375
0 0.9859375 0.48125 0.0125 0.02890625