0 0.865625 0.50625 0.0765625 0.33125
0 0.8265625 0.52734375 0.06796875 0.30859375
0 0.76953125 0.52578125 0.065625 0.28984375
0 0.7515625 0.5171875 0.0390625 0.27421875
0 0.7171875 0.5203125 0.0578125 0.29296875
0 0.68359375 0.5140625 0.03359375 0.28046875
0 0.6609375 0.5265625 0.06015625 0.28828125
0 0.64453125 0.41484375 0.0234375 0.06171875
0 0.63046875 0.52890625 0.0453125 0.2515625
0 0.6171875 0.5125 0.03671875 0.2703125
0 0.5890625 0.525 0.05703125 0.27265625
0 0.53671875 0.5265625 0.0578125 0.259375
0 0.4921875 0.5171875 0.05703125 0.27421875
0 0.4484375 0.5234375 0.05 0.25
0 0.44296875 0.50703125 0.04765625 0.259375
0 0.40703125 0.51484375 0.04453125 0.25625
0 0.40078125 0.5171875 0.0421875 0.2421875
0 0.365625 0.5265625 0.0515625 0.246875
0 0.33046875 0.51640625 0.05703125 0.259375
0 0.35078125 0.4171875 0.0203125 0.03515625
0 0.27890625 0.528125 0.04765625 0.240625
0 0.2578125 0.51015625 0.03203125 0.253125
0 0.23515625 0.53125 0.06171875 0.27265625
0 0.2109375 0.52734375 0.03203125 0.2515625
0 0.16328125 0.53046875 0.07265625 0.2640625
0 0.1203125 0.5296875 0.06015625 0.265625
0 0.18359375 0.5265625 0.04765625 0.253125
0 0.14609375 0.43671875 0.0234375 0.065625
0 0.0890625 0.534375 0.03828125 0.2375
0 0.06953125 0.53046875 0.04140625 0.2328125
0 0.7140625 0.18203125 0.01796875 0.03984375
0 0.6890625 0.21484375 0.02109375 0.0828125
0 0.66328125 0.184375 0.0125 0.03828125
0 0.3140625 0.4296875 0.02421875 0.05078125
0 0.31171875 0.58828125 0.01796875 0.075