0 0.33125 0.87421875 0.175 0.2515625
0 0.065625 0.64375 0.08203125 0.12734375
0 0.121875 0.7859375 0.1234375 0.4
0 0.06796875 0.63359375 0.0859375 0.159375
0 0.1984375 0.803125 0.0890625 0.39375
0 0.19375 0.6171875 0.0765625 0.171875
0 0.25390625 0.71015625 0.075 0.36171875
0 0.278125 0.74453125 0.0625 0.39375
0 0.31640625 0.7140625 0.10546875 0.3375
0 0.3703125 0.72734375 0.05703125 0.3515625
0 0.459375 0.67890625 0.0765625 0.2421875
0 0.509375 0.78515625 0.134375 0.4265625
0 0.51953125 0.80390625 0.10546875 0.3921875
0 0.58515625 0.7875 0.09609375 0.4203125
0 0.66875 0.7546875 0.059375 0.39375
0 0.71796875 0.765625 0.09453125 0.31484375
0 0.81796875 0.8171875 0.29453125 0.36171875
0 0.83515625 0.71328125 0.14296875 0.20625
0 0.928125 0.740625 0.09296875 0.228125
0 0.7796875 0.67109375 0.07890625 0.21015625
0 0.75625 0.62421875 0.034375 0.1578125
0 0.8015625 0.55546875 0.028125 0.040625
0 0.8328125 0.59765625 0.0484375 0.10078125
0 0.90390625 0.60390625 0.075 0.09296875
0 0.9625 0.6875 0.071875 0.2765625
0 0.8609375 0.58984375 0.0390625 0.09296875
0 0.86484375 0.5421875 0.04296875 0.090625
0 0.90078125 0.56796875 0.0375 0.11328125
0 0.95 0.53671875 0.046875 0.07109375
0 0.984375 0.5625 0.028125 0.10703125
0 0.4609375 0.53125 0.03359375 0.05234375
0 0.5125 0.52734375 0.01640625 0.06875
0 0.02578125 0.59375 0.0515625 0.1171875
0 0.04453125 0.521875 0.053125 0.0546875
0 0.13671875 0.50625 0.03203125 0.0546875
0 0.70390625 0.621875 0.04140625 0.07265625
0 0.94609375 0.5046875 0.10546875 0.06484375
0 0.98828125 0.59296875 0.02109375 0.11484375
0 0.46796875 0.52421875 0.0140625 0.04609375
0 0.02265625 0.50078125 0.0453125 0.0765625
0 0.05078125 0.58046875 0.0375 0.08671875
0 0.1109375 0.5859375 0.05 0.096875
0 0.16875 0.5453125 0.03203125 0.1171875