0 0.94296875 0.80078125 0.1109375 0.39375
0 0.93984375 0.68984375 0.034375 0.075
0 0.86796875 0.72265625 0.0890625 0.16640625
0 0.75390625 0.80078125 0.2859375 0.39765625
0 0.59453125 0.703125 0.04453125 0.06484375
0 0.5015625 0.640625 0.10859375 0.18984375
0 0.4046875 0.703125 0.0484375 0.06484375
0 0.33828125 0.703125 0.0484375 0.06875
0 0.275 0.69765625 0.0609375 0.075
0 0.1421875 0.83984375 0.18203125 0.31640625
0 0.4984375 0.13984375 0.996875 0.27890625
0 0.06015625 0.79296875 0.1203125 0.4078125
0 0.9625 0.86484375 0.071875 0.26640625