0 0.915625 0.859375 0.16484375 0.20078125
0 0.7171875 0.865625 0.159375 0.1890625
0 0.54375 0.853125 0.14609375 0.19140625
0 0.3515625 0.821875 0.18984375 0.215625
0 0.2234375 0.77421875 0.1265625 0.19921875
0 0.08046875 0.81640625 0.1609375 0.3046875
0 0.9515625 0.7828125 0.06953125 0.1125
0 0.871875 0.8046875 0.090625 0.13203125
0 0.8640625 0.7546875 0.0765625 0.1234375
0 0.7875 0.76640625 0.08359375 0.11796875
0 0.71328125 0.81796875 0.115625 0.1125
0 0.71953125 0.76796875 0.06015625 0.06640625
0 0.58984375 0.7953125 0.0921875 0.15078125
0 0.43359375 0.78203125 0.09140625 0.146875
0 0.48515625 0.7796875 0.06484375 0.07578125
0 0.29765625 0.75234375 0.07890625 0.11328125
0 0.2140625 0.73046875 0.0984375 0.128125
0 0.18046875 0.7140625 0.065625 0.1375
0 0.16796875 0.70859375 0.08984375 0.1265625
0 0.13984375 0.6453125 0.0578125 0.1109375
0 0.1359375 0.64296875 0.046875 0.103125
0 0.284375 0.6609375 0.03203125 0.034375
0 0.25859375 0.66015625 0.03515625 0.0640625
0 0.4453125 0.6796875 0.06953125 0.2140625
0 0.39921875 0.7515625 0.0578125 0.09921875
0 0.34921875 0.72578125 0.04765625 0.06875
0 0.70078125 0.67890625 0.06640625 0.146875
0 0.62421875 0.79296875 0.05546875 0.07109375
0 0.278125 0.71171875 0.0421875 0.07421875
0 0.0171875 0.61171875 0.034375 0.0640625
0 0.01796875 0.728125 0.0359375 0.065625
0 0.9875 0.809375 0.025 0.04375
0 0.62734375 0.46875 0.18671875 0.21328125
0 0.9828125 0.32734375 0.03046875 0.06328125