0 0.753125 0.359375 0.4875 0.69765625
0 0.34140625 0.44296875 0.5546875 0.88515625
0 0.96328125 0.328125 0.0703125 0.55625
0 0.89609375 0.33828125 0.1140625 0.48125
0 0.775 0.31796875 0.121875 0.47734375
0 0.67578125 0.30078125 0.1328125 0.50625
0 0.61953125 0.3 0.0921875 0.44140625
0 0.5453125 0.296875 0.09375 0.48984375
0 0.06328125 0.27890625 0.1265625 0.5578125
0 0.165625 0.296875 0.125 0.55625
0 0.2625 0.27890625 0.1 0.54609375
0 0.3515625 0.09375 0.09375 0.1875
0 0.01640625 0.328125 0.0328125 0.51875
0 0.73203125 0.28828125 0.0484375 0.44765625
0 0.31484375 0.07734375 0.0515625 0.07890625
0 0.40546875 0.06640625 0.0390625 0.0625
0 0.1828125 0.046875 0.04375 0.09375
0 0.1046875 0.27109375 0.078125 0.52890625
0 0.95234375 0.35703125 0.0484375 0.40234375
0 0.06171875 0.05859375 0.0640625 0.09140625
0 0.79921875 0.10703125 0.1046875 0.10234375
0 0.55703125 0.09921875 0.1046875 0.11875
0 0.21875 0.05703125 0.059375 0.1140625
0 0.33984375 0.05234375 0.0421875 0.07890625
0 0.66953125 0.096875 0.0234375 0.07265625
0 0.77265625 0.44296875 0.0265625 0.15625
0 0.215625 0.44140625 0.03125 0.17109375