0 0.225 0.5890625 0.03203125 0.12734375
0 0.221875 0.5484375 0.0328125 0.07421875
0 0.26015625 0.6140625 0.05078125 0.278125
0 0.290625 0.69140625 0.0921875 0.39296875
0 0.31796875 0.54609375 0.01328125 0.0359375
0 0.3359375 0.58515625 0.0421875 0.14765625
0 0.4171875 0.69453125 0.10546875 0.459375
0 0.41953125 0.671875 0.09453125 0.39609375
0 0.55703125 0.7203125 0.1796875 0.55859375
0 0.54765625 0.63046875 0.078125 0.375
0 0.6328125 0.76484375 0.134375 0.4703125
0 0.55859375 0.48671875 0.040625 0.146875