0 0.12578125 0.303125 0.25078125 0.4609375
0 0.33046875 0.3421875 0.290625 0.45859375
0 0.53359375 0.32734375 0.821875 0.359375
0 0.76953125 0.2421875 0.04921875 0.178125
0 0.659375 0.23046875 0.02265625 0.1375
0 0.63671875 0.23203125 0.03671875 0.14140625
0 0.6078125 0.21796875 0.0296875 0.12890625
0 0.28984375 0.09765625 0.040625 0.09921875
0 0.31796875 0.11328125 0.03046875 0.07265625
0 0.37109375 0.13125 0.03046875 0.06875
0 0.39375 0.13828125 0.028125 0.1109375
0 0.909375 0.2453125 0.0296875 0.13125
0 0.3296875 0.3421875 0.290625 0.43828125
0 0.715625 0.21328125 0.05546875 0.09921875
0 0.334375 0.1125 0.01796875 0.03828125
0 0.9375 0.2390625 0.02265625 0.08671875
0 0.55703125 0.165625 0.07578125 0.0609375
0 0.17578125 0.09375 0.05078125 0.05078125