0 0.01484375 0.38359375 0.0296875 0.13203125
0 0.07890625 0.6109375 0.103125 0.628125
0 0.12421875 0.634375 0.1515625 0.72734375
0 0.25 0.65546875 0.240625 0.68671875
0 0.35234375 0.6765625 0.16015625 0.646875
0 0.43515625 0.66640625 0.10078125 0.61796875
0 0.475 0.58203125 0.0546875 0.4234375
0 0.55703125 0.659375 0.1671875 0.678125
0 0.63984375 0.4953125 0.04609375 0.23828125
0 0.66171875 0.5125 0.06328125 0.2609375
0 0.68359375 0.5640625 0.084375 0.36171875
0 0.725 0.559375 0.0890625 0.3078125
0 0.7640625 0.584375 0.0984375 0.40078125
0 0.82265625 0.6265625 0.1125 0.415625
0 0.87109375 0.665625 0.134375 0.5171875
0 0.9203125 0.68515625 0.15703125 0.6265625
0 0.021875 0.7125 0.04375 0.57265625
0 0.05 0.38125 0.03984375 0.08671875
0 0.18515625 0.37265625 0.065625 0.08046875
0 0.38125 0.3578125 0.1796875 0.03359375
0 0.3859375 0.42890625 0.028125 0.10859375
0 0.50390625 0.4390625 0.0625 0.1875
0 0.5984375 0.41484375 0.06640625 0.10703125
0 0.6375 0.39296875 0.02265625 0.0453125
0 0.6671875 0.39609375 0.01484375 0.0453125
0 0.79296875 0.43125 0.01953125 0.0484375
0 0.9078125 0.4125 0.1234375 0.10234375
0 0.3078125 0.68828125 0.09765625 0.49765625
0 0.70390625 0.378125 0.028125 0.03828125
0 0.74375 0.40859375 0.04609375 0.0703125
0 0.0046875 0.328125 0.009375 0.03515625