0 0.14375 0.74296875 0.17265625 0.34921875
0 0.16796875 0.74375 0.19921875 0.3453125
0 0.27890625 0.728125 0.19453125 0.45703125
0 0.33203125 0.7015625 0.12578125 0.41484375
0 0.3796875 0.58125 0.08125 0.26328125
0 0.39375 0.4734375 0.05234375 0.0640625
0 0.45390625 0.63359375 0.10234375 0.42890625
0 0.44921875 0.4109375 0.03515625 0.03671875
0 0.5109375 0.4828125 0.06328125 0.1984375
0 0.53046875 0.4359375 0.01640625 0.01875
0 0.6140625 0.5 0.04921875 0.10078125
0 0.55859375 0.578125 0.121875 0.22421875
0 0.53125 0.6671875 0.125 0.2296875
0 0.65859375 0.65234375 0.1484375 0.34453125
0 0.740625 0.52265625 0.115625 0.11171875
0 0.6703125 0.7703125 0.31796875 0.45859375
0 0.82265625 0.75234375 0.3 0.3296875
0 0.1140625 0.4796875 0.20703125 0.18671875
0 0.60234375 0.4203125 0.08203125 0.0734375
0 0.471875 0.40625 0.02734375 0.046875
0 0.528125 0.43125 0.01953125 0.028125
0 0.89921875 0.4734375 0.19609375 0.175
0 0.71171875 0.43359375 0.065625 0.06875
0 0.9734375 0.740625 0.0515625 0.33359375
0 0.40625 0.45390625 0.05546875 0.05234375
0 0.3546875 0.41953125 0.01796875 0.07421875