0 0.01640625 0.62734375 0.0328125 0.2234375
0 0.12109375 0.609375 0.06640625 0.22109375
0 0.09296875 0.63125 0.03828125 0.2125
0 0.121875 0.628125 0.0421875 0.2328125
0 0.20625 0.609375 0.04296875 0.18828125
0 0.25390625 0.625 0.040625 0.21328125
0 0.30546875 0.609375 0.04296875 0.146875
0 0.375 0.6125 0.040625 0.178125
0 0.38984375 0.5984375 0.05703125 0.19453125
0 0.44921875 0.596875 0.03671875 0.134375
0 0.51328125 0.5921875 0.05 0.15234375
0 0.659375 0.55078125 0.0421875 0.03828125
0 0.80859375 0.56796875 0.0109375 0.02109375
0 0.14296875 0.56640625 0.11640625 0.23125
0 0.26015625 0.48046875 0.03671875 0.0625
0 0.07734375 0.63125 0.021875 0.07734375
0 0.35 0.5421875 0.0375 0.121875
0 0.41328125 0.54921875 0.075 0.1984375
0 0.40546875 0.65859375 0.0234375 0.04375
0 0.53671875 0.5546875 0.08515625 0.1421875
0 0.609375 0.53203125 0.0546875 0.071875
0 0.69453125 0.53359375 0.05 0.07265625
0 0.77890625 0.5625 0.03046875 0.0421875
0 0.83828125 0.56640625 0.01875 0.0234375
0 0.85703125 0.56953125 0.01640625 0.01484375
0 0.934375 0.5625 0.12265625 0.025