0 0.25625 0.43203125 0.14375 0.2828125
0 0.36953125 0.4328125 0.10859375 0.278125
0 0.47265625 0.43125 0.12578125 0.28203125
0 0.584375 0.43125 0.1265625 0.28125
0 0.69140625 0.43984375 0.11796875 0.26796875
0 0.81015625 0.4296875 0.1703125 0.28984375
0 0.7578125 0.27578125 0.103125 0.22421875
0 0.66484375 0.28984375 0.08984375 0.25
0 0.58671875 0.290625 0.08515625 0.18359375
0 0.5078125 0.2921875 0.07890625 0.21875
0 0.425 0.26953125 0.0953125 0.24609375
0 0.33984375 0.29453125 0.08125 0.25390625
0 0.259375 0.27734375 0.08671875 0.20859375