0 0.12734375 0.7140625 0.1875 0.29609375
0 0.2484375 0.6 0.075 0.1125
0 0.41796875 0.7171875 0.065625 0.078125
0 0.5609375 0.81640625 0.09921875 0.1578125
0 0.56796875 0.7078125 0.08203125 0.1125
0 0.6203125 0.7125 0.06015625 0.11328125
0 0.58828125 0.6765625 0.05234375 0.10078125
0 0.63671875 0.6328125 0.05 0.053125
0 0.4671875 0.62890625 0.03828125 0.08984375
0 0.5109375 0.61953125 0.05234375 0.090625
0 0.478125 0.57109375 0.03984375 0.06171875
0 0.459375 0.521875 0.03203125 0.05
0 0.3546875 0.50625 0.01875 0.05078125
0 0.3359375 0.503125 0.028125 0.04375
0 0.32890625 0.48359375 0.01875 0.01875
0 0.5578125 0.503125 0.0234375 0.0328125
0 0.67890625 0.5359375 0.03671875 0.06328125
0 0.8859375 0.5828125 0.040625 0.0578125
0 0.93046875 0.59375 0.0453125 0.0796875
0 0.9734375 0.61640625 0.05234375 0.04609375
0 0.84921875 0.6078125 0.04375 0.03828125
0 0.909375 0.65546875 0.03828125 0.05546875
0 0.88828125 0.6234375 0.03984375 0.0375
0 0.89609375 0.6140625 0.03828125 0.03125
0 0.91328125 0.809375 0.096875 0.1609375
0 0.42421875 0.4890625 0.06015625 0.03515625
0 0.96875 0.6484375 0.0625 0.053125
0 0.68046875 0.609375 0.03359375 0.015625
0 0.3203125 0.34453125 0.08203125 0.05078125
0 0.23359375 0.378125 0.0421875 0.025
0 0.453125 0.309375 0.071875 0.025
0 0.05703125 0.3765625 0.1140625 0.03203125
0 0.9671875 0.8640625 0.06328125 0.21171875
0 0.3 0.50703125 0.02890625 0.034375