0 0.03984375 0.6625 0.07890625 0.41640625
0 0.0546875 0.65625 0.09375 0.46484375
0 0.10625 0.67109375 0.1390625 0.48515625
0 0.1703125 0.63671875 0.096875 0.471875
0 0.2359375 0.60546875 0.08671875 0.334375
0 0.14921875 0.6203125 0.05625 0.31953125
0 0.2234375 0.60078125 0.05625 0.29765625
0 0.278125 0.53671875 0.0578125 0.18203125
0 0.35625 0.5890625 0.059375 0.3515625
0 0.4125 0.62890625 0.1296875 0.475
0 0.446875 0.6125 0.10625 0.309375
0 0.48125 0.58203125 0.0578125 0.32578125
0 0.553125 0.59453125 0.08984375 0.3796875
0 0.5671875 0.59609375 0.134375 0.43515625
0 0.6390625 0.58984375 0.0796875 0.2796875
0 0.575 0.60234375 0.0546875 0.24375
0 0.65859375 0.61015625 0.13359375 0.4078125
0 0.70546875 0.58671875 0.03828125 0.2640625
0 0.7484375 0.584375 0.0515625 0.27734375
0 0.7765625 0.59140625 0.0734375 0.3296875
0 0.81015625 0.58828125 0.03828125 0.17578125
0 0.86328125 0.6015625 0.06875 0.31953125
0 0.98359375 0.58515625 0.03203125 0.2171875
0 0.978125 0.5734375 0.021875 0.15546875
0 0.92265625 0.59609375 0.0625 0.22734375
0 0.940625 0.565625 0.028125 0.10703125
0 0.3234375 0.4859375 0.0515625 0.021875
0 0.35859375 0.30625 0.03203125 0.0703125
0 0.0921875 0.821875 0.18359375 0.2328125
0 0.59140625 0.69296875 0.8171875 0.1546875
0 0.428125 0.553125 0.05 0.12890625
0 0.503125 0.83515625 0.37578125 0.12734375