0 0.66328125 0.396875 0.0234375 0.05078125
0 0.64765625 0.36953125 0.03671875 0.1171875
0 0.8359375 0.4015625 0.06953125 0.14765625
0 0.76328125 0.425 0.09609375 0.15078125
0 0.66484375 0.7171875 0.140625 0.565625
0 0.93046875 0.42421875 0.1390625 0.33046875
0 0.87421875 0.57265625 0.09765625 0.23515625
0 0.7890625 0.73046875 0.31328125 0.53359375
0 0.56875 0.60234375 0.15546875 0.71953125
0 0.5046875 0.56484375 0.090625 0.521875
0 0.4390625 0.434375 0.0546875 0.23125
0 0.39140625 0.43515625 0.17109375 0.48671875
0 0.34609375 0.6640625 0.18359375 0.50546875
0 0.11796875 0.58203125 0.22421875 0.678125
0 0.0953125 0.63984375 0.190625 0.71796875
0 0.68515625 0.40234375 0.03046875 0.090625
0 0.653125 0.49453125 0.03359375 0.14609375
0 0.7296875 0.3921875 0.01484375 0.071875
0 0.95859375 0.8125 0.0765625 0.37109375
0 0.80078125 0.36953125 0.028125 0.0890625