0 0.7125 0.79921875 0.171875 0.3984375
0 0.5828125 0.79140625 0.12421875 0.4140625
0 0.5265625 0.72109375 0.1203125 0.5546875
0 0.19375 0.73828125 0.1453125 0.52109375
0 0.08203125 0.63671875 0.10234375 0.453125
0 0.33125 0.58671875 0.0875 0.3765625
0 0.3890625 0.5796875 0.06796875 0.3375
0 0.6546875 0.528125 0.075 0.33984375
0 0.503125 0.45 0.0796875 0.20703125
0 0.453125 0.4796875 0.0734375 0.31640625
0 0.3234375 0.50234375 0.0703125 0.32578125
0 0.38828125 0.43515625 0.075 0.32578125
0 0.5125 0.3484375 0.06953125 0.1234375
0 0.584375 0.44765625 0.053125 0.1796875
0 0.61015625 0.4765625 0.02421875 0.1171875
0 0.56171875 0.4875 0.03359375 0.103125
0 0.6765625 0.4640625 0.03671875 0.1265625
0 0.43125 0.36171875 0.0265625 0.078125
0 0.42578125 0.4828125 0.03125 0.14296875
0 0.4578125 0.54296875 0.00546875 0.02578125
0 0.0171875 0.4953125 0.03359375 0.1859375
0 0.11015625 0.9015625 0.21328125 0.0921875
0 0.353125 0.790625 0.14296875 0.103125
0 0.4578125 0.6625 0.07265625 0.046875
0 0.31640625 0.6890625 0.08515625 0.0609375
0 0.390625 0.6234375 0.0875 0.0609375
0 0.51328125 0.9859375 0.03828125 0.02578125