0 0.87421875 0.6203125 0.11953125 0.3953125
0 0.77265625 0.590625 0.06640625 0.39375
0 0.8265625 0.6015625 0.0546875 0.3546875
0 0.9359375 0.60390625 0.07109375 0.4109375
0 0.97265625 0.57421875 0.0546875 0.4171875
0 0.91015625 0.4265625 0.03828125 0.11953125
0 0.05390625 0.64765625 0.1078125 0.5609375
0 0.13046875 0.61875 0.08984375 0.465625
0 0.190625 0.6140625 0.0921875 0.4453125
0 0.25390625 0.61484375 0.08359375 0.396875
0 0.3109375 0.5953125 0.0578125 0.38046875
0 0.3625 0.5890625 0.06015625 0.39609375
0 0.42109375 0.603125 0.07734375 0.38046875
0 0.4890625 0.590625 0.06328125 0.3703125
0 0.53671875 0.5796875 0.06640625 0.37578125
0 0.58984375 0.57265625 0.153125 0.384375
0 0.64609375 0.578125 0.071875 0.36796875
0 0.7109375 0.58828125 0.08671875 0.38125
0 0.08359375 0.603125 0.06796875 0.4875
0 0.1609375 0.5921875 0.05546875 0.43359375
0 0.1140625 0.3953125 0.0296875 0.09140625
0 0.0375 0.41796875 0.075 0.1453125
0 0.1984375 0.4109375 0.03671875 0.08671875
0 0.2703125 0.428125 0.03984375 0.12421875
0 0.32890625 0.56484375 0.040625 0.378125
0 0.38828125 0.56328125 0.03515625 0.3890625
0 0.4453125 0.571875 0.03515625 0.340625
0 0.48515625 0.5640625 0.0734375 0.36640625
0 0.54140625 0.5578125 0.07734375 0.37265625
0 0.51484375 0.409375 0.03203125 0.09140625
0 0.61875 0.55625 0.04609375 0.37578125
0 0.66015625 0.4078125 0.03359375 0.08359375
0 0.68828125 0.4640625 0.05234375 0.15546875
0 0.90859375 0.56796875 0.04140625 0.3984375
0 0.8671875 0.43515625 0.05859375 0.103125
0 0.80078125 0.57109375 0.04375 0.3625
0 0.4578125 0.403125 0.0265625 0.1
0 0.1390625 0.36640625 0.028125 0.0640625
0 0.25 0.3875 0.02890625 0.08203125
0 0.2078125 0.39296875 0.0265625 0.0890625
0 0.22421875 0.446875 0.04765625 0.13046875
0 0.29375 0.4046875 0.02734375 0.06328125
0 0.353125 0.403125 0.02890625 0.09609375
0 0.41328125 0.40078125 0.04453125 0.0984375
0 0.56640625 0.3828125 0.06484375 0.1078125
0 0.6078125 0.3671875 0.025 0.06328125
0 0.659375 0.3828125 0.0375 0.08515625
0 0.70703125 0.39375 0.03515625 0.10546875
0 0.76015625 0.3828125 0.02890625 0.05546875
0 0.80703125 0.40703125 0.0328125 0.078125
0 0.93671875 0.396875 0.05859375 0.146875
0 0.846875 0.40546875 0.071875 0.1203125