0 0.11328125 0.54609375 0.05625 0.13671875
0 0.1703125 0.5328125 0.053125 0.1453125
0 0.215625 0.5296875 0.0484375 0.14296875
0 0.2609375 0.53359375 0.04296875 0.1328125
0 0.3078125 0.52734375 0.0578125 0.1328125
0 0.35625 0.5171875 0.0484375 0.1484375
0 0.403125 0.5125 0.046875 0.1546875
0 0.4390625 0.51484375 0.03515625 0.13671875
0 0.478125 0.5078125 0.046875 0.15078125
0 0.51875 0.50703125 0.05078125 0.15703125
0 0.55859375 0.509375 0.04296875 0.1390625
0 0.5953125 0.51484375 0.04765625 0.1390625
0 0.64140625 0.5125 0.04765625 0.1390625
0 0.69375 0.4984375 0.0578125 0.16328125
0 0.74296875 0.5015625 0.05859375 0.15703125
0 0.79140625 0.49609375 0.0515625 0.1609375
0 0.840625 0.48046875 0.065625 0.184375
0 0.8890625 0.490625 0.06328125 0.17109375
0 0.846875 0.38828125 0.05546875 0.125
0 0.7984375 0.43515625 0.05546875 0.22109375
0 0.75703125 0.40546875 0.05078125 0.1328125
0 0.7140625 0.40546875 0.0546875 0.1296875
0 0.7296875 0.33671875 0.0484375 0.07109375
0 0.67109375 0.4328125 0.0375 0.09765625
0 0.6375 0.4375 0.0484375 0.10625
0 0.58828125 0.43125 0.04765625 0.1453125
0 0.5375 0.41484375 0.04609375 0.11015625
0 0.4953125 0.4390625 0.03515625 0.08046875
0 0.4359375 0.4546875 0.04296875 0.0703125
0 0.3796875 0.4484375 0.03828125 0.09375
0 0.4875 0.43671875 0.05 0.08828125
0 0.34375 0.46875 0.040625 0.1171875
0 0.3078125 0.45859375 0.04375 0.090625
0 0.2734375 0.4890625 0.03515625 0.14140625
0 0.21796875 0.4703125 0.04609375 0.08828125
0 0.165625 0.4859375 0.0515625 0.12734375
0 0.15078125 0.425 0.06171875 0.18203125
0 0.2125 0.4171875 0.046875 0.1234375
0 0.253125 0.42578125 0.040625 0.153125
0 0.296875 0.4 0.053125 0.121875
0 0.34921875 0.40546875 0.04609375 0.1140625
0 0.3890625 0.38671875 0.05 0.1171875
0 0.4359375 0.3875 0.04609375 0.084375
0 0.4828125 0.37421875 0.053125 0.10625
0 0.565625 0.375 0.0328125 0.0703125
0 0.6828125 0.36015625 0.06171875 0.1234375
0 0.64921875 0.3671875 0.06171875 0.125
0 0.6046875 0.3875 0.0515625 0.14453125
0 0.52734375 0.375 0.05078125 0.1234375
0 0.45390625 0.38359375 0.0421875 0.178125
0 0.3953125 0.346875 0.05546875 0.075
0 0.3265625 0.3921875 0.0390625 0.1296875
0 0.340625 0.340625 0.0515625 0.09765625
0 0.29296875 0.3515625 0.05078125 0.0859375
0 0.2546875 0.3484375 0.040625 0.07421875
0 0.21796875 0.3703125 0.05078125 0.05703125
0 0.1875 0.3609375 0.0703125 0.1171875
0 0.5046875 0.628125 0.81640625 0.0921875