0 0.02890625 0.8828125 0.0578125 0.0953125
0 0.12421875 0.8828125 0.03984375 0.125
0 0.1453125 0.8671875 0.01796875 0.06484375
0 0.15703125 0.86640625 0.01640625 0.06328125
0 0.17578125 0.90703125 0.0390625 0.15
0 0.209375 0.85 0.0390625 0.0734375
0 0.2375 0.85234375 0.0296875 0.071875
0 0.20078125 0.91171875 0.08203125 0.1734375
0 0.265625 0.9078125 0.06640625 0.18203125
0 0.28359375 0.87109375 0.03125 0.13203125
0 0.3296875 0.8921875 0.06328125 0.21484375
0 0.37890625 0.90703125 0.0578125 0.1859375
0 0.68671875 0.88125 0.0953125 0.2375
0 0.16953125 0.86484375 0.0390625 0.06640625
0 0.34453125 0.7953125 0.0953125 0.0703125
0 0.48359375 0.8125 0.05 0.23828125
0 0.4046875 0.6640625 0.1875 0.14140625
0 0.11171875 0.84296875 0.0125 0.0234375