0 0.2875 0.784375 0.196875 0.43125
0 0.125 0.765625 0.221875 0.4640625
0 0.48671875 0.6875 0.0234375 0.0953125
0 0.4328125 0.72578125 0.0234375 0.06875
0 0.415625 0.72109375 0.0203125 0.06875
0 0.46484375 0.69765625 0.0234375 0.0578125
0 0.1140625 0.68671875 0.025 0.084375
0 0.10625 0.6609375 0.01484375 0.078125
0 0.0609375 0.7 0.02421875 0.06640625
0 0.01171875 0.7296875 0.021875 0.08671875
0 0.69140625 0.65078125 0.3546875 0.146875
0 0.39921875 0.65703125 0.09453125 0.0734375
0 0.25859375 0.6640625 0.04609375 0.0890625
0 0.15 0.63359375 0.0640625 0.07109375
0 0.01328125 0.6890625 0.0265625 0.04453125