0 0.45234375 0.58515625 0.00625 0.03203125
0 0.4578125 0.58671875 0.00546875 0.02890625
0 0.49453125 0.5796875 0.00703125 0.0078125
0 0.5 0.57890625 0.003125 0.00546875
0 0.434375 0.5875 0.00546875 0.02734375
0 0.43125 0.5796875 0.003125 0.00625
0 0.42734375 0.5796875 0.00546875 0.01015625
0 0.41328125 0.590625 0.00546875 0.02421875
0 0.41796875 0.58984375 0.00546875 0.0265625
0 0.40546875 0.578125 0.00390625 0.00703125
0 0.45234375 0.521875 0.00625 0.00859375
0 0.46171875 0.52890625 0.00390625 0.02109375
0 0.465625 0.521875 0.00390625 0.00546875
0 0.5015625 0.52109375 0.00390625 0.00625
0 0.5390625 0.5265625 0.00546875 0.02109375
0 0.54375 0.528125 0.00390625 0.01640625
0 0.55390625 0.52265625 0.0046875 0.00703125
0 0.5609375 0.5296875 0.00625 0.01953125
0 0.2640625 0.60234375 0.0109375 0.02890625
0 0.26484375 0.61796875 0.00625 0.02734375
0 0.27734375 0.6109375 0.009375 0.034375
0 0.28203125 0.61875 0.00859375 0.03125
0 0.28515625 0.625 0.009375 0.0234375
0 0.31171875 0.67421875 0.009375 0.02890625
0 0.30390625 0.6890625 0.0140625 0.0625
0 0.36171875 0.64140625 0.0109375 0.0140625
0 0.3609375 0.66015625 0.009375 0.0484375
0 0.36796875 0.65859375 0.0125 0.04140625
0 0.38046875 0.65859375 0.0140625 0.03046875
0 0.3875 0.66015625 0.01015625 0.02734375
0 0.3953125 0.66015625 0.00859375 0.028125
0 0.40390625 0.67265625 0.01640625 0.0421875
0 0.4203125 0.66796875 0.0125 0.025
0 0.4328125 0.6734375 0.009375 0.025
0 0.4453125 0.66640625 0.009375 0.05078125
0 0.45859375 0.671875 0.01171875 0.02734375
0 0.46875 0.66875 0.0125 0.05390625
0 0.45390625 0.6828125 0.01328125 0.0328125
0 0.4890625 0.67265625 0.0109375 0.01953125
0 0.49921875 0.67421875 0.0078125 0.02265625
0 0.484375 0.684375 0.01171875 0.0171875
0 0.49140625 0.6875 0.00859375 0.015625
0 0.496875 0.6828125 0.0109375 0.02265625
0 0.5046875 0.6859375 0.01171875 0.02109375
0 0.5125 0.6625 0.0125 0.04375
0 0.52734375 0.665625 0.00703125 0.01796875
0 0.534375 0.66328125 0.0109375 0.0484375
0 0.52265625 0.67578125 0.01328125 0.02890625
0 0.53515625 0.68515625 0.01015625 0.0171875
0 0.5453125 0.6859375 0.01171875 0.0171875
0 0.55546875 0.6765625 0.01171875 0.02421875
0 0.55859375 0.65390625 0.00859375 0.0375
0 0.56484375 0.6546875 0.0078125 0.0203125
0 0.56328125 0.67109375 0.0078125 0.01796875
0 0.5765625 0.678125 0.009375 0.02890625
0 0.5796875 0.6546875 0.009375 0.0359375
0 0.5890625 0.66328125 0.01171875 0.05546875
0 0.5890625 0.6703125 0.0109375 0.05234375
0 0.5984375 0.68046875 0.0203125 0.0515625
0 0.6125 0.66875 0.01015625 0.02421875
0 0.61796875 0.665625 0.009375 0.0140625
0 0.628125 0.66484375 0.0140625 0.05078125
0 0.63828125 0.66953125 0.0109375 0.03046875
0 0.64921875 0.6578125 0.01171875 0.04921875
0 0.65625 0.6578125 0.00703125 0.0484375
0 0.659375 0.66484375 0.01015625 0.04609375
0 0.68125 0.6390625 0.0125 0.01953125
0 0.67890625 0.66328125 0.01328125 0.05546875
0 0.68828125 0.63515625 0.01328125 0.04296875
0 0.70625 0.66484375 0.009375 0.0484375
0 0.6984375 0.66875 0.009375 0.04296875
0 0.68984375 0.67265625 0.0125 0.05078125
0 0.7046875 0.6 0.0078125 0.02734375
0 0.7265625 0.6125 0.0109375 0.03828125
0 0.73828125 0.60234375 0.00703125 0.0328125
0 0.74453125 0.61640625 0.00859375 0.03671875
0 0.7515625 0.61796875 0.00703125 0.0328125
0 0.64765625 0.575 0.00703125 0.01015625
0 0.63671875 0.5828125 0.00859375 0.02109375
0 0.56015625 0.58125 0.0078125 0.02109375
0 0.546875 0.57890625 0.0078125 0.009375
0 0.31015625 0.71015625 0.021875 0.06328125
0 0.3375 0.70625 0.01875 0.0640625
0 0.35078125 0.7015625 0.01484375 0.05234375
0 0.36328125 0.69453125 0.01875 0.0546875
0 0.375 0.68828125 0.009375 0.046875
0 0.3796875 0.70234375 0.01015625 0.028125
0 0.3953125 0.7109375 0.01796875 0.0453125
0 0.4 0.703125 0.01328125 0.02109375
0 0.42734375 0.69609375 0.01484375 0.065625
0 0.4421875 0.70390625 0.01328125 0.03828125
0 0.4546875 0.6984375 0.01015625 0.021875
0 0.4421875 0.71640625 0.01015625 0.025
0 0.453125 0.71640625 0.01328125 0.03515625
0 0.47578125 0.71953125 0.01328125 0.04453125
0 0.465625 0.709375 0.00703125 0.02265625
0 0.459375 0.7296875 0.0171875 0.04140625
0 0.46328125 0.75 0.0140625 0.04375
0 0.43046875 0.74921875 0.01640625 0.04375
0 0.27109375 0.70234375 0.00859375 0.0140625
0 0.23828125 0.74765625 0.01953125 0.04140625
0 0.24921875 0.74375 0.0203125 0.06875
0 0.25546875 0.7359375 0.01171875 0.04921875
0 0.26015625 0.75 0.01171875 0.021875
0 0.28671875 0.7296875 0.01796875 0.053125
0 0.28125 0.75703125 0.0109375 0.02265625
0 0.29375 0.74765625 0.015625 0.0546875
0 0.31171875 0.75078125 0.015625 0.03515625
0 0.34375 0.76328125 0.025 0.05
0 0.3484375 0.7625 0.01875 0.0609375
0 0.29140625 0.79140625 0.01328125 0.05390625
0 0.30234375 0.79296875 0.01328125 0.0515625
0 0.1984375 0.7671875 0.0234375 0.04140625
0 0.1828125 0.76875 0.01796875 0.0484375
0 0.1515625 0.7828125 0.01953125 0.02265625
0 0.08046875 0.83203125 0.02109375 0.071875
0 0.09140625 0.80390625 0.01015625 0.015625
0 0.09921875 0.84921875 0.025 0.12265625
0 0.11875 0.8703125 0.03046875 0.15390625
0 0.140625 0.84453125 0.028125 0.11640625
0 0.059375 0.8109375 0.02109375 0.04375
0 0.0171875 0.78359375 0.00859375 0.0234375
0 0.03203125 0.88203125 0.059375 0.2359375
0 0.02421875 0.87265625 0.04765625 0.2546875
0 0.0546875 0.91328125 0.02265625 0.09453125
0 0.1640625 0.9359375 0.0484375 0.12734375
0 0.1875 0.93203125 0.0421875 0.13125
0 0.20859375 0.9328125 0.03203125 0.125
0 0.15 0.865625 0.0453125 0.15390625
0 0.184375 0.85078125 0.03046875 0.13046875
0 0.22734375 0.8203125 0.03046875 0.07265625
0 0.25234375 0.884375 0.0859375 0.23125
0 0.3265625 0.8734375 0.084375 0.25234375
0 0.35390625 0.80859375 0.021875 0.0390625
0 0.36875 0.8046875 0.01796875 0.03984375
0 0.38515625 0.8078125 0.01796875 0.075
0 0.36796875 0.73828125 0.02109375 0.05546875
0 0.38671875 0.746875 0.0140625 0.0515625
0 0.40859375 0.74453125 0.02109375 0.07265625
0 0.44609375 0.76171875 0.01328125 0.07265625
0 0.43984375 0.76484375 0.0140625 0.0640625
0 0.37421875 0.86875 0.0265625 0.1296875
0 0.3921875 0.78984375 0.0125 0.04140625
0 0.3984375 0.7953125 0.009375 0.03046875
0 0.4078125 0.80234375 0.02109375 0.05625
0 0.40078125 0.82421875 0.0234375 0.0609375
0 0.41484375 0.8953125 0.0625 0.209375
0 0.45234375 0.82109375 0.01640625 0.03515625
0 0.49453125 0.89296875 0.02421875 0.153125
0 0.48046875 0.784375 0.01640625 0.05234375
0 0.49453125 0.77578125 0.0109375 0.03359375
0 0.5 0.79375 0.01875 0.0484375
0 0.515625 0.7921875 0.0140625 0.040625
0 0.515625 0.77421875 0.0171875 0.03203125
0 0.5484375 0.77421875 0.0140625 0.0390625
0 0.56796875 0.76484375 0.0171875 0.0453125
0 0.57734375 0.7609375 0.0109375 0.03828125
0 0.56796875 0.69296875 0.00625 0.01328125
0 0.5734375 0.72109375 0.01328125 0.0578125
0 0.56796875 0.72578125 0.01015625 0.04765625
0 0.58125 0.71328125 0.00859375 0.034375
0 0.58828125 0.728125 0.01484375 0.06328125
0 0.6015625 0.709375 0.0125 0.025
0 0.60078125 0.73671875 0.01328125 0.065625
0 0.61953125 0.68671875 0.01484375 0.034375
0 0.6125 0.68984375 0.01171875 0.02734375
0 0.60859375 0.696875 0.009375 0.0328125
0 0.6203125 0.7078125 0.0125 0.0265625
0 0.63671875 0.71015625 0.01484375 0.025
0 0.6453125 0.70546875 0.0078125 0.0234375
0 0.65390625 0.70625 0.01640625 0.03203125
0 0.67578125 0.71015625 0.01171875 0.02578125
0 0.6875 0.7109375 0.01015625 0.01875
0 0.71640625 0.6984375 0.0171875 0.06484375
0 0.73125 0.715625 0.0125 0.03359375
0 0.74140625 0.715625 0.01015625 0.03125
0 0.75859375 0.70625 0.00625 0.01015625
0 0.77109375 0.72109375 0.0109375 0.03671875
0 0.753125 0.73203125 0.0140625 0.0625
0 0.7609375 0.746875 0.01796875 0.07578125
0 0.778125 0.74140625 0.0140625 0.0609375
0 0.815625 0.74375 0.0171875 0.0515625
0 0.84453125 0.73828125 0.015625 0.0484375
0 0.85625 0.7421875 0.01796875 0.06171875
0 0.82109375 0.7828125 0.01171875 0.04765625
0 0.6109375 0.74375 0.01875 0.065625
0 0.61796875 0.7421875 0.01015625 0.06328125
0 0.6359375 0.75234375 0.01796875 0.06171875
0 0.646875 0.7265625 0.009375 0.0234375
0 0.65546875 0.73359375 0.0125 0.03828125
0 0.66953125 0.7390625 0.01328125 0.0375
0 0.67890625 0.73671875 0.0140625 0.0453125
0 0.6890625 0.734375 0.01015625 0.0296875
0 0.68828125 0.75546875 0.01015625 0.04609375
0 0.70234375 0.7640625 0.01484375 0.065625
0 0.72109375 0.77109375 0.01796875 0.0515625
0 0.74296875 0.75703125 0.0140625 0.028125
0 0.5296875 0.878125 0.06875 0.24375
0 0.5734375 0.8421875 0.021875 0.0828125
0 0.57109375 0.80234375 0.025 0.0484375
0 0.578125 0.78671875 0.01015625 0.02421875
0 0.5859375 0.7859375 0.01171875 0.02890625
0 0.59453125 0.7921875 0.01484375 0.04453125
0 0.61640625 0.79140625 0.0140625 0.034375
0 0.63125 0.8015625 0.0171875 0.07265625
0 0.61171875 0.825 0.01484375 0.04140625
0 0.61875 0.85859375 0.021875 0.10390625
0 0.5921875 0.90703125 0.0578125 0.184375
0 0.6640625 0.8765625 0.07734375 0.24609375
0 0.6765625 0.76953125 0.0125 0.03828125
0 0.68671875 0.79296875 0.01796875 0.04765625
0 0.70078125 0.8671875 0.0203125 0.13125
0 0.709375 0.8453125 0.01640625 0.06484375
0 0.71796875 0.86796875 0.02890625 0.12421875
0 0.72578125 0.85859375 0.0203125 0.12578125
0 0.740625 0.871875 0.03125 0.12421875
0 0.753125 0.84375 0.02265625 0.07578125
0 0.76171875 0.91484375 0.02421875 0.1078125
0 0.72734375 0.79453125 0.015625 0.06328125
0 0.740625 0.79375 0.01640625 0.04296875
0 0.75390625 0.796875 0.0125 0.05546875
0 0.76640625 0.80234375 0.015625 0.06484375
0 0.79765625 0.896875 0.05703125 0.20546875
0 0.80859375 0.79296875 0.02265625 0.034375
0 0.80625 0.81171875 0.02265625 0.0546875
0 0.8078125 0.825 0.01796875 0.0375
0 0.8140625 0.8484375 0.01796875 0.06640625
0 0.82578125 0.88828125 0.021875 0.0546875
0 0.8234375 0.840625 0.0203125 0.0625
0 0.82578125 0.80625 0.0125 0.04453125
0 0.846875 0.784375 0.01875 0.05625
0 0.8390625 0.8 0.02265625 0.05234375
0 0.85859375 0.790625 0.01875 0.04609375
0 0.88125 0.78515625 0.0125 0.03828125
0 0.91796875 0.7953125 0.02109375 0.04140625
0 0.8703125 0.79375 0.01171875 0.01875
0 0.85390625 0.84140625 0.02265625 0.05703125
0 0.875 0.83125 0.021875 0.065625
0 0.89609375 0.82109375 0.03515625 0.08359375
0 0.92734375 0.87265625 0.034375 0.1296875
0 0.93671875 0.7984375 0.01484375 0.025
0 0.95 0.79296875 0.0203125 0.0328125
0 0.946875 0.8171875 0.03046875 0.04765625
0 0.9515625 0.87421875 0.0328125 0.1109375
0 0.975 0.809375 0.02109375 0.078125
0 0.9671875 0.921875 0.04140625 0.134375
0 0.97734375 0.84765625 0.0234375 0.0765625
0 0.98515625 0.87890625 0.0296875 0.240625
0 0.3890625 0.5796875 0.003125 0.0046875
0 0.46953125 0.521875 0.00390625 0.00546875
0 0.4578125 0.5234375 0.00234375 0.00546875
0 0.575 0.52578125 0.0109375 0.0046875
0 0.2609375 0.61796875 0.00625 0.01875
0 0.3109375 0.65234375 0.009375 0.01328125
0 0.4015625 0.66328125 0.00546875 0.01796875
0 0.53984375 0.67890625 0.00390625 0.0140625
0 0.51953125 0.66484375 0.0015625 0.0078125
0 0.59375 0.6578125 0.00390625 0.021875
0 0.69765625 0.63515625 0.0109375 0.02421875
0 0.625 0.58046875 0.0078125 0.0078125
0 0.384375 0.7015625 0.0078125 0.02109375
0 0.40234375 0.69296875 0.02109375 0.01015625
0 0.27421875 0.74296875 0.009375 0.00703125
0 0.11640625 0.79765625 0.0203125 0.01796875
0 0.14296875 0.79453125 0.00546875 0.009375
0 0.15390625 0.8046875 0.00859375 0.015625
0 0.2234375 0.8 0.00703125 0.02109375
0 0.37421875 0.94765625 0.05234375 0.10390625
0 0.2890625 0.92109375 0.01796875 0.07578125
0 0.37578125 0.728125 0.0109375 0.02890625
0 0.46796875 0.7828125 0.0078125 0.00703125
0 0.5375 0.7703125 0.0109375 0.0296875
0 0.578125 0.6921875 0.00625 0.0125
0 0.66484375 0.7140625 0.00625 0.01875
0 0.7234375 0.6875 0.0078125 0.02890625
0 0.80625 0.74375 0.0125 0.03046875
0 0.85 0.7125 0.00859375 0.01328125
0 0.63046875 0.72109375 0.00625 0.009375
0 0.55625 0.93046875 0.028125 0.13828125
0 0.54453125 0.803125 0.02265625 0.02265625
0 0.603125 0.7921875 0.0109375 0.0328125
0 0.6453125 0.7859375 0.01640625 0.02734375
0 0.6921875 0.77890625 0.00625 0.01484375
0 0.67421875 0.78359375 0.0078125 0.01875
0 0.77265625 0.85234375 0.0140625 0.04296875
0 0.89921875 0.784375 0.01640625 0.0234375
0 0.87265625 0.77890625 0.00859375 0.0078125
0 0.88515625 0.7953125 0.01015625 0.0140625
0 0.86015625 0.81796875 0.015625 0.0359375
0 0.84375 0.8109375 0.0078125 0.0171875
0 0.91796875 0.8078125 0.0140625 0.01640625
0 0.9375 0.7828125 0.01796875 0.028125
0 0.9359375 0.8390625 0.01484375 0.07265625