0 0.7796875 0.640625 0.175 0.71796875
0 0.71328125 0.8484375 0.16171875 0.3015625
0 0.6765625 0.64765625 0.08671875 0.6125
0 0.58515625 0.8015625 0.146875 0.3953125
0 0.6078125 0.628125 0.07578125 0.44140625
0 0.5515625 0.47734375 0.0640625 0.2859375
0 0.5109375 0.7265625 0.09375 0.546875
0 0.57421875 0.49609375 0.1078125 0.32109375
0 0.49296875 0.54140625 0.10390625 0.30078125
0 0.446875 0.515625 0.02890625 0.15390625
0 0.44765625 0.828125 0.12109375 0.3421875
0 0.33984375 0.8375 0.12265625 0.325
0 0.4 0.709375 0.06640625 0.35546875
0 0.39765625 0.54375 0.10078125 0.33515625
0 0.365625 0.41796875 0.08984375 0.29375
0 0.315625 0.6703125 0.08671875 0.559375
0 0.23671875 0.85859375 0.11015625 0.28203125
0 0.26953125 0.57421875 0.0765625 0.4734375
0 0.21171875 0.5546875 0.078125 0.51015625
0 0.16796875 0.83125 0.0953125 0.33671875
0 0.14609375 0.66484375 0.103125 0.66875
0 0.08984375 0.64140625 0.1234375 0.71484375
0 0.07734375 0.24296875 0.00546875 0.01796875