0 0.06171875 0.57421875 0.11875 0.59296875
0 0.1453125 0.64765625 0.06875 0.7046875
0 0.196875 0.375 0.06484375 0.16875
0 0.24765625 0.38125 0.06171875 0.221875
0 0.31484375 0.41875 0.08203125 0.340625
0 0.3453125 0.303125 0.046875 0.18671875
0 0.3703125 0.3234375 0.06796875 0.14609375
0 0.41796875 0.2765625 0.06484375 0.18671875
0 0.471875 0.240625 0.05234375 0.11484375
0 0.42421875 0.37109375 0.05390625 0.2203125
0 0.46328125 0.33203125 0.05078125 0.128125
0 0.4984375 0.33984375 0.05078125 0.1015625
0 0.51328125 0.3015625 0.040625 0.121875
0 0.54609375 0.265625 0.03828125 0.07578125
0 0.58671875 0.271875 0.06953125 0.14453125
0 0.5484375 0.3546875 0.053125 0.12421875
0 0.59140625 0.35859375 0.059375 0.16484375
0 0.62734375 0.315625 0.03515625 0.109375
0 0.6546875 0.32578125 0.04921875 0.13671875
0 0.690625 0.346875 0.09140625 0.190625
0 0.7296875 0.3109375 0.04296875 0.11484375
0 0.7515625 0.37421875 0.065625 0.2109375
0 0.7875 0.303125 0.03359375 0.128125
0 0.83046875 0.3609375 0.11015625 0.26328125
0 0.90625 0.29609375 0.09609375 0.1890625
0 0.91171875 0.3609375 0.071875 0.1890625
0 0.96953125 0.45859375 0.05859375 0.38671875
0 0.196875 0.7015625 0.09765625 0.59296875
0 0.26171875 0.6796875 0.08984375 0.6109375
0 0.33046875 0.665625 0.084375 0.55390625
0 0.3859375 0.61796875 0.08828125 0.56484375
0 0.46015625 0.62109375 0.08984375 0.51640625
0 0.490625 0.4734375 0.05859375 0.2015625
0 0.51796875 0.42890625 0.04375 0.11640625
0 0.54765625 0.45703125 0.05546875 0.13359375
0 0.58359375 0.44140625 0.05 0.15390625
0 0.62109375 0.46015625 0.05546875 0.18359375
0 0.67109375 0.46015625 0.07109375 0.21328125
0 0.725 0.48203125 0.06484375 0.2203125
0 0.78359375 0.540625 0.07109375 0.34453125
0 0.84609375 0.490625 0.07265625 0.32578125
0 0.92421875 0.5015625 0.08828125 0.3
0 0.5265625 0.646875 0.09296875 0.3609375
0 0.58984375 0.63671875 0.06484375 0.278125
0 0.6421875 0.6140625 0.08828125 0.271875
0 0.7234375 0.59453125 0.084375 0.21875
0 0.63828125 0.2203125 0.0625 0.0890625
0 0.8046875 0.3203125 0.015625 0.0515625