0 0.46015625 0.7921875 0.24296875 0.415625
0 0.0625 0.24765625 0.125 0.44375
0 0.071875 0.19140625 0.14375 0.3828125
0 0.1296875 0.19296875 0.1375 0.3859375
0 0.26484375 0.246875 0.16796875 0.43203125
0 0.42890625 0.26015625 0.15625 0.3984375
0 0.5828125 0.27265625 0.22421875 0.38671875
0 0.50859375 0.19921875 0.140625 0.371875
0 0.6265625 0.1796875 0.1421875 0.359375
0 0.684375 0.13359375 0.096875 0.26171875
0 0.77890625 0.27109375 0.11875 0.396875
0 0.803125 0.15625 0.1109375 0.3125
0 0.8734375 0.19453125 0.121875 0.3890625
0 0.94375 0.25703125 0.11171875 0.41171875
0 0.22421875 0.11640625 0.14140625 0.2328125
0 0.2953125 0.06171875 0.096875 0.1234375
0 0.38203125 0.06328125 0.08125 0.1265625
0 0.44296875 0.05390625 0.06328125 0.1078125
0 0.37421875 0.065625 0.0890625 0.1296875
0 0.4921875 0.02109375 0.07109375 0.04140625
0 0.54296875 0.065625 0.0828125 0.13125
0 0.640625 0.059375 0.046875 0.11875
0 0.73046875 0.06015625 0.0859375 0.1203125
0 0.825 0.04453125 0.1125 0.0890625
0 0.95390625 0.09765625 0.0921875 0.1796875
0 0.953125 0.096875 0.090625 0.18203125
0 0.9765625 0.1078125 0.046875 0.2015625