0 0.31328125 0.16796875 0.10234375 0.278125
0 0.26875 0.19453125 0.0453125 0.22890625
0 0.96171875 0.30546875 0.0765625 0.3015625
0 0.9 0.18515625 0.08125 0.13125
0 0.83515625 0.27265625 0.128125 0.2234375
0 0.74921875 0.19765625 0.0890625 0.12421875
0 0.6546875 0.7140625 0.32734375 0.5703125
0 0.8515625 0.6203125 0.18125 0.57890625
0 0.69375 0.3453125 0.17109375 0.2609375
0 0.52734375 0.3 0.225 0.19296875
0 0.35234375 0.36953125 0.1484375 0.21171875
0 0.1546875 0.49375 0.159375 0.3125
0 0.31953125 0.6796875 0.41015625 0.63828125