0 0.03046875 0.78125 0.0609375 0.309375
0 0.06796875 0.7703125 0.0734375 0.33671875
0 0.15234375 0.7625 0.1125 0.3875
0 0.1890625 0.703125 0.05859375 0.22421875
0 0.22890625 0.571875 0.06015625 0.11953125
0 0.25625 0.68984375 0.1078125 0.31015625
0 0.2703125 0.75546875 0.05859375 0.2109375
0 0.3171875 0.740625 0.1359375 0.42421875
0 0.3015625 0.6671875 0.0375 0.18515625
0 0.328125 0.6875 0.071875 0.1796875
0 0.3515625 0.6296875 0.06640625 0.1125
0 0.38125 0.73125 0.03671875 0.20703125
0 0.396875 0.5984375 0.04609375 0.1703125
0 0.4078125 0.72421875 0.06015625 0.25078125
0 0.428125 0.58828125 0.046875 0.103125
0 0.45234375 0.69375 0.05078125 0.21796875
0 0.490625 0.5640625 0.0421875 0.109375
0 0.4859375 0.5515625 0.05 0.13046875
0 0.51171875 0.62265625 0.0703125 0.17421875
0 0.46328125 0.765625 0.12421875 0.24921875
0 0.5453125 0.5703125 0.0625 0.1546875
0 0.553125 0.57578125 0.07734375 0.153125
0 0.5703125 0.665625 0.06640625 0.19375
0 0.58984375 0.73359375 0.14296875 0.35703125
0 0.60625 0.58125 0.0421875 0.1296875
0 0.6421875 0.56484375 0.08359375 0.165625
0 0.634375 0.63828125 0.0234375 0.09140625
0 0.665625 0.71171875 0.08203125 0.26875
0 0.69375 0.553125 0.06953125 0.1390625
0 0.72109375 0.77265625 0.08515625 0.328125
0 0.7375 0.56953125 0.0515625 0.20234375
0 0.7796875 0.6453125 0.05 0.27109375
0 0.7953125 0.76015625 0.0921875 0.3171875
0 0.8296875 0.53671875 0.078125 0.27421875
0 0.83046875 0.54921875 0.07421875 0.20625
0 0.85 0.76484375 0.10234375 0.453125
0 0.8859375 0.515625 0.034375 0.16953125
0 0.925 0.50390625 0.08046875 0.2640625
0 0.92890625 0.7328125 0.1421875 0.496875
0 0.021875 0.534375 0.04375 0.25078125
0 0.0640625 0.553125 0.06484375 0.23359375
0 0.065625 0.5578125 0.07421875 0.07578125
0 0.13125 0.51484375 0.06953125 0.2859375
0 0.15 0.5265625 0.06328125 0.259375
0 0.17890625 0.4828125 0.04765625 0.24609375
0 0.2234375 0.47421875 0.05703125 0.29296875
0 0.259375 0.5234375 0.05703125 0.22578125
0 0.30625 0.57265625 0.0609375 0.30859375
0 0.3578125 0.4984375 0.04765625 0.21796875
0 0.38359375 0.4515625 0.04296875 0.1484375
0 0.4375 0.4953125 0.05625 0.2171875
0 0.48046875 0.440625 0.04765625 0.2421875
0 0.51875 0.47578125 0.04453125 0.22265625
0 0.546875 0.46953125 0.02734375 0.18046875
0 0.56640625 0.5015625 0.05703125 0.2203125
0 0.59453125 0.4625 0.02578125 0.13671875
0 0.62109375 0.4890625 0.02734375 0.15859375
0 0.64375 0.4703125 0.04375 0.1546875
0 0.678125 0.47421875 0.0796875 0.19609375
0 0.69765625 0.4359375 0.0875 0.12421875
0 0.778125 0.3984375 0.08515625 0.2734375
0 0.90390625 0.41875 0.0546875 0.12890625
0 0.06875 0.39609375 0.11875 0.19921875
0 0.159375 0.3765625 0.05859375 0.12890625
0 0.25390625 0.40625 0.025 0.07421875
0 0.296875 0.4265625 0.03203125 0.096875
0 0.3203125 0.46640625 0.05078125 0.17421875
0 0.42578125 0.46796875 0.06796875 0.2359375
0 0.10078125 0.346875 0.05390625 0.23203125
0 0.12578125 0.26796875 0.05 0.17265625
0 0.14765625 0.26953125 0.11328125 0.27890625
0 0.20234375 0.3328125 0.053125 0.1578125
0 0.24765625 0.33359375 0.05390625 0.17890625
0 0.2828125 0.346875 0.0421875 0.17421875
0 0.31875 0.3375 0.05703125 0.19375
0 0.3625 0.34921875 0.04765625 0.17578125
0 0.39453125 0.32265625 0.0359375 0.10078125
0 0.40859375 0.3 0.021875 0.13203125
0 0.4265625 0.3078125 0.0515625 0.13984375
0 0.46484375 0.30390625 0.05703125 0.115625
0 0.5109375 0.31484375 0.0484375 0.11484375
0 0.55 0.31171875 0.0515625 0.2
0 0.58671875 0.3046875 0.065625 0.15078125
0 0.62421875 0.3125 0.03828125 0.13359375
0 0.65546875 0.29453125 0.0359375 0.11015625
0 0.69375 0.30234375 0.04921875 0.12890625
0 0.7375 0.275 0.05625 0.21640625
0 0.78203125 0.3140625 0.04375 0.1734375
0 0.82578125 0.30546875 0.0546875 0.1390625
0 0.85859375 0.28203125 0.04609375 0.13828125
0 0.9078125 0.28203125 0.0625 0.23828125
0 0.2859375 0.2328125 0.05 0.1265625
0 0.59765625 0.21328125 0.0375 0.12421875
0 0.62578125 0.23046875 0.02890625 0.109375
0 0.70078125 0.2796875 0.04453125 0.2015625
0 0.14765625 0.1625 0.0484375 0.10234375
0 0.18984375 0.2109375 0.071875 0.321875
0 0.2296875 0.21875 0.04609375 0.209375
0 0.26875 0.2109375 0.05390625 0.1453125
0 0.28046875 0.1578125 0.0421875 0.0921875
0 0.30546875 0.22578125 0.05390625 0.14453125
0 0.3203125 0.11875 0.053125 0.11015625
0 0.3265625 0.1671875 0.02890625 0.065625
0 0.346875 0.240625 0.04296875 0.21328125
0 0.38046875 0.21875 0.05546875 0.20234375
0 0.40703125 0.19140625 0.059375 0.18828125
0 0.45234375 0.20859375 0.040625 0.1828125
0 0.47890625 0.22578125 0.03515625 0.18203125
0 0.4796875 0.1140625 0.07890625 0.14375
0 0.5046875 0.20390625 0.034375 0.19296875
0 0.53046875 0.19140625 0.04375 0.1390625
0 0.55859375 0.16953125 0.034375 0.15625
0 0.57734375 0.19921875 0.0296875 0.115625
0 0.5578125 0.1203125 0.05859375 0.11640625
0 0.615625 0.14453125 0.0234375 0.0765625
0 0.625 0.17421875 0.02734375 0.11015625
0 0.65546875 0.18359375 0.0421875 0.2125
0 0.68515625 0.196875 0.0421875 0.2140625
0 0.72734375 0.16171875 0.05625 0.18515625
0 0.7546875 0.23125 0.0421875 0.25
0 0.77109375 0.11484375 0.0265625 0.04921875
0 0.7890625 0.19609375 0.06328125 0.203125
0 0.834375 0.18828125 0.03515625 0.19765625
0 0.87578125 0.20859375 0.0890625 0.209375
0 0.11875 0.709375 0.05 0.18359375
0 0.4125 0.6546875 0.03671875 0.06796875
0 0.925 0.36328125 0.0625 0.090625
0 0.0109375 0.58203125 0.021875 0.2578125
0 0.690625 0.19609375 0.0328125 0.13671875
0 0.6046875 0.13671875 0.05234375 0.10234375
0 0.39765625 0.18046875 0.1 0.22109375
0 0.97109375 0.49609375 0.05703125 0.55390625
0 0.8734375 0.37734375 0.090625 0.1734375
0 0.8109375 0.37265625 0.03515625 0.09375
0 0.73515625 0.440625 0.109375 0.2
0 0.60859375 0.45 0.14375 0.22578125
0 0.44140625 0.38359375 0.04921875 0.1875
0 0.38515625 0.44375 0.0609375 0.175
0 0.19453125 0.390625 0.0375 0.0859375
0 0.23203125 0.621875 0.05546875 0.16328125