0 0.1375 0.58046875 0.05859375 0.10625
0 0.17421875 0.56328125 0.03671875 0.14375
0 0.21875 0.52578125 0.02265625 0.07265625
0 0.2890625 0.5375 0.02265625 0.1
0 0.34609375 0.50390625 0.01171875 0.05859375
0 0.3515625 0.51015625 0.00859375 0.04609375
0 0.32890625 0.50546875 0.01328125 0.05625
0 0.9796875 0.63828125 0.0390625 0.23515625
0 0.95625 0.63125 0.04375 0.21640625
0 0.88984375 0.64140625 0.0609375 0.27109375
0 0.8640625 0.6375 0.04375 0.25859375
0 0.828125 0.66796875 0.0390625 0.20234375
0 0.85078125 0.62734375 0.02109375 0.14609375
0 0.8125 0.54296875 0.0328125 0.10625
0 0.9828125 0.50390625 0.015625 0.05859375
0 0.94921875 0.51171875 0.02265625 0.05234375
0 0.925 0.50390625 0.01875 0.05390625
0 0.940625 0.49375 0.01328125 0.0375
0 0.93046875 0.503125 0.0140625 0.06015625
0 0.63828125 0.53671875 0.0203125 0.10625
0 0.63359375 0.53828125 0.01875 0.09375
0 0.809375 0.48125 0.0109375 0.04140625
0 0.81328125 0.48125 0.009375 0.0375
0 0.49375 0.496875 0.00859375 0.03515625
0 0.44140625 0.49453125 0.00703125 0.02734375
0 0.76015625 0.48046875 0.04140625 0.05625
0 0.2796875 0.47421875 0.06484375 0.04375
0 0.5546875 0.46953125 0.1140625 0.10625
0 0.7015625 0.478125 0.0328125 0.04375
0 0.46640625 0.484375 0.04609375 0.05234375
0 0.403125 0.4875 0.03203125 0.03359375
0 0.9953125 0.67109375 0.009375 0.15859375
0 0.8625 0.72890625 0.2609375 0.0875
0 0.88828125 0.60234375 0.03984375 0.17109375