0 0.21015625 0.54140625 0.10703125 0.42109375
0 0.28984375 0.39375 0.08515625 0.12265625
0 0.2890625 0.5609375 0.103125 0.3953125
0 0.365625 0.534375 0.0875 0.4
0 0.403125 0.4390625 0.0609375 0.271875
0 0.46328125 0.4265625 0.0921875 0.3625
0 0.49609375 0.49453125 0.084375 0.28828125
0 0.56875 0.57265625 0.09453125 0.3296875
0 0.61953125 0.540625 0.1140625 0.16015625
0 0.65859375 0.54296875 0.11484375 0.36953125
0 0.69140625 0.50703125 0.09921875 0.41015625
0 0.6859375 0.503125 0.10546875 0.415625
0 0.7546875 0.5265625 0.08984375 0.4296875
0 0.79921875 0.3453125 0.03828125 0.071875
0 0.81171875 0.5578125 0.121875 0.44296875
0 0.59609375 0.6703125 0.14765625 0.2546875
0 0.5 0.67421875 0.07734375 0.21171875
0 0.42734375 0.6875 0.10546875 0.228125
0 0.39140625 0.6375 0.065625 0.23828125
0 0.31796875 0.3875 0.0296875 0.0609375