0 0.0484375 0.5421875 0.02578125 0.1125
0 0.121875 0.55546875 0.02421875 0.121875
0 0.13359375 0.5265625 0.0140625 0.0578125
0 0.184375 0.54296875 0.0203125 0.13359375
0 0.23671875 0.53828125 0.02265625 0.12421875
0 0.22109375 0.54609375 0.0265625 0.10078125
0 0.4046875 0.6765625 0.12890625 0.6453125
0 0.43046875 0.66640625 0.07421875 0.5640625
0 0.43046875 0.69453125 0.0671875 0.47421875
0 0.4515625 0.65625 0.02421875 0.2890625
0 0.53671875 0.61640625 0.0828125 0.53671875
0 0.61328125 0.58671875 0.078125 0.2875
0 0.7328125 0.67265625 0.16171875 0.6546875
0 0.59453125 0.59375 0.13125 0.58046875
0 0.04765625 0.6515625 0.0203125 0.10390625
0 0.340625 0.80234375 0.10625 0.034375
0 0.54765625 0.92734375 0.175 0.14453125
0 0.36328125 0.9484375 0.19453125 0.103125
0 0.6 0.7171875 0.090625 0.04921875