0 0.75 0.659375 0.04296875 0.22265625
0 0.415625 0.69609375 0.0828125 0.27578125
0 0.31328125 0.65 0.0453125 0.16953125
0 0.35234375 0.6296875 0.040625 0.14765625
0 0.3875 0.63984375 0.03125 0.128125
0 0.23203125 0.63984375 0.028125 0.128125
0 0.26953125 0.634375 0.04453125 0.13515625
0 0.1796875 0.63125 0.02890625 0.0984375
0 0.2078125 0.60390625 0.01953125 0.05859375
0 0.05859375 0.73671875 0.06640625 0.3421875
0 0.09453125 0.73671875 0.0421875 0.2984375
0 0.33046875 0.628125 0.0171875 0.09921875
0 0.371875 0.628125 0.0171875 0.1046875
0 0.1984375 0.6546875 0.0328125 0.0484375
0 0.575 0.21328125 0.08359375 0.11171875
0 0.92421875 0.28046875 0.0796875 0.07421875
0 0.225 0.44609375 0.01484375 0.03984375
0 0.228125 0.52421875 0.01328125 0.02265625
0 0.24921875 0.60234375 0.12734375 0.065625
0 0.15 0.5890625 0.01171875 0.02421875