0 0.3203125 0.67890625 0.1125 0.55625
0 0.253125 0.62734375 0.05625 0.35546875
0 0.22890625 0.60234375 0.0625 0.35
0 0.18984375 0.603125 0.0796875 0.40078125
0 0.1484375 0.6328125 0.06640625 0.41171875
0 0.1265625 0.61640625 0.0953125 0.5171875
0 0.08203125 0.6546875 0.10390625 0.5
0 0.04375 0.64921875 0.0875 0.58984375
0 0.38203125 0.57734375 0.0890625 0.3875
0 0.42109375 0.5765625 0.0546875 0.3484375
0 0.47265625 0.58515625 0.0671875 0.3390625
0 0.515625 0.58359375 0.0609375 0.3203125
0 0.5703125 0.5703125 0.0734375 0.3578125
0 0.5921875 0.575 0.0328125 0.31484375
0 0.6359375 0.575 0.0625 0.31484375
0 0.68515625 0.57578125 0.0578125 0.29765625
0 0.7328125 0.6078125 0.0703125 0.34296875
0 0.73828125 0.57578125 0.06640625 0.28671875
0 0.7859375 0.56953125 0.04375 0.2921875
0 0.8359375 0.5796875 0.0890625 0.36875
0 0.86328125 0.56796875 0.03359375 0.29765625
0 0.9046875 0.565625 0.06640625 0.303125
0 0.94609375 0.5578125 0.0625 0.2921875
0 0.9671875 0.565625 0.03359375 0.2546875
0 0.9875 0.53359375 0.025 0.16875
0 0.1640625 0.85 0.32734375 0.3
0 0.6625 0.7453125 0.63515625 0.15703125
0 0.1953125 0.64296875 0.04765625 0.1140625