0 0.85234375 0.91953125 0.0421875 0.1578125
0 0.98203125 0.89765625 0.02734375 0.0984375
0 0.99375 0.88125 0.01171875 0.053125
0 0.8453125 0.91171875 0.028125 0.1265625
0 0.8078125 0.90234375 0.03359375 0.1328125
0 0.77109375 0.89296875 0.02734375 0.0984375
0 0.69453125 0.91875 0.040625 0.1625
0 0.73125 0.8984375 0.04140625 0.115625
0 0.7203125 0.8875 0.01796875 0.078125
0 0.67734375 0.87734375 0.01484375 0.0640625
0 0.66015625 0.89140625 0.021875 0.0765625
0 0.64765625 0.88125 0.009375 0.04375
0 0.6203125 0.8890625 0.01796875 0.059375
0 0.603125 0.8890625 0.01640625 0.05625
0 0.5890625 0.88828125 0.01953125 0.0734375
0 0.57421875 0.88828125 0.01640625 0.0828125
0 0.5046875 0.89140625 0.0234375 0.0859375
0 0.5390625 0.8953125 0.01796875 0.06875
0 0.55 0.88203125 0.01171875 0.0515625
0 0.56640625 0.8875 0.01328125 0.0625
0 0.53046875 0.884375 0.01328125 0.05
0 0.46015625 0.89296875 0.0203125 0.0953125
0 0.4078125 0.89453125 0.01796875 0.0671875
0 0.3953125 0.89140625 0.01484375 0.0640625
0 0.37265625 0.9015625 0.01796875 0.11875
0 0.3421875 0.903125 0.03046875 0.11875
0 0.17734375 0.91015625 0.0578125 0.1765625
0 0.14609375 0.89609375 0.0234375 0.0953125
0 0.0953125 0.89921875 0.04140625 0.1296875
0 0.084375 0.89765625 0.02890625 0.1171875
0 0.0203125 0.89453125 0.02734375 0.0984375
0 0.13125 0.86796875 0.01015625 0.0359375
0 0.15859375 0.86640625 0.01328125 0.0390625
0 0.16484375 0.87890625 0.0109375 0.0578125
0 0.20390625 0.89140625 0.0140625 0.0703125
0 0.221875 0.8984375 0.0234375 0.09375
0 0.27421875 0.8984375 0.0234375 0.1
0 0.2484375 0.88828125 0.025 0.0765625
0 0.3265625 0.88671875 0.0140625 0.0609375
0 0.31328125 0.884375 0.01953125 0.0625
0 0.29609375 0.89296875 0.01328125 0.0671875
0 0.91796875 0.76015625 0.01484375 0.0546875
0 0.79375 0.88984375 0.025 0.0859375
0 0.73984375 0.8734375 0.0109375 0.046875
0 0.75390625 0.86640625 0.0109375 0.0359375
0 0.54453125 0.86796875 0.00703125 0.0203125
0 0.3828125 0.8765625 0.01015625 0.053125
0 0.36171875 0.89453125 0.01484375 0.0921875
0 0.28984375 0.88125 0.0109375 0.053125
0 0.30859375 0.87734375 0.01328125 0.0515625
0 0.96328125 0.86796875 0.009375 0.0234375
0 0.89765625 0.86640625 0.0453125 0.0171875
0 0.6875 0.85703125 0.01015625 0.0203125
0 0.66171875 0.865625 0.01953125 0.01875
0 0.55859375 0.86953125 0.00703125 0.0390625
0 0.05078125 0.8671875 0.0390625 0.021875
0 0.11328125 0.865625 0.0234375 0.025
0 0.23203125 0.86796875 0.0078125 0.0171875
0 0.26171875 0.86875 0.01640625 0.028125
0 0.425 0.8765625 0.0078125 0.04375
0 0.84296875 0.7703125 0.0734375 0.03125
0 0.46796875 0.8640625 0.01171875 0.025
0 0.43984375 0.8734375 0.021875 0.01875