0 0.8515625 0.51953125 0.29453125 0.95703125
0 0.609375 0.50625 0.278125 0.9828125
0 0.33125 0.52421875 0.2171875 0.946875
0 0.246875 0.52890625 0.13203125 0.9375
0 0.2125 0.27734375 0.059375 0.30546875
0 0.10546875 0.546875 0.146875 0.7328125
0 0.140625 0.33671875 0.08515625 0.6734375
0 0.0234375 0.20703125 0.046875 0.1765625
0 0.0421875 0.50625 0.05859375 0.5359375
0 0.078125 0.30390625 0.03203125 0.15625
0 0.4921875 0.5 0.16953125 1
0 0.01328125 0.53125 0.0265625 0.48046875
0 0.85234375 0.5 0.2953125 1