0 0.13828125 0.84375 0.2546875 0.31171875
0 0.6671875 0.8515625 0.271875 0.29296875
0 0.13359375 0.615625 0.2671875 0.4828125
0 0.22578125 0.53984375 0.203125 0.365625
0 0.3703125 0.559375 0.2515625 0.20546875
0 0.4625 0.7484375 0.38828125 0.5
0 0.5171875 0.46796875 0.13046875 0.20546875
0 0.64921875 0.49375 0.1703125 0.31171875
0 0.76953125 0.50546875 0.2125 0.23125
0 0.75 0.77734375 0.20625 0.43125
0 0.89296875 0.8671875 0.2109375 0.26171875
0 0.83984375 0.678125 0.15625 0.2328125
0 0.89296875 0.596875 0.13203125 0.2484375
0 0.95390625 0.58828125 0.0921875 0.2109375
0 0.92265625 0.478125 0.1515625 0.12578125
0 0.29375 0.40078125 0.165625 0.1703125
0 0.33984375 0.39765625 0.09375 0.215625
0 0.44609375 0.384375 0.1703125 0.26875
0 0.740625 0.390625 0.2734375 0.2359375
0 0.571875 0.29296875 0.11875 0.1859375
0 0.6734375 0.27421875 0.12421875 0.12734375
0 0.5296875 0.221875 0.13359375 0.21171875
0 0.615625 0.18515625 0.08671875 0.09140625
0 0.0421875 0.2875 0.084375 0.228125
0 0.06953125 0.2296875 0.07265625 0.234375
0 0.14453125 0.20859375 0.1125 0.22734375
0 0.2265625 0.21484375 0.1046875 0.19140625
0 0.315625 0.1921875 0.12109375 0.215625
0 0.41796875 0.14296875 0.0921875 0.2859375
0 0.53515625 0.08984375 0.0984375 0.1796875
0 0.59296875 0.1 0.11875 0.2
0 0.7359375 0.1890625 0.13046875 0.346875
0 0.77734375 0.11328125 0.0625 0.21171875
0 0.89921875 0.22578125 0.2015625 0.3171875
0 0.890625 0.31171875 0.1484375 0.18984375
0 0.69296875 0.11484375 0.08046875 0.2296875
0 0.4203125 0.1421875 0.103125 0.284375
0 0.28203125 0.0859375 0.0828125 0.171875
0 0.93203125 0.0734375 0.1359375 0.146875
0 0.02890625 0.51640625 0.0578125 0.31875
0 0.18125 0.93828125 0.159375 0.1234375
0 0.90546875 0.31796875 0.18671875 0.24296875
0 0.646875 0.04765625 0.07109375 0.09453125