0 0.1015625 0.809375 0.1078125 0.37890625
0 0.221875 0.7359375 0.13828125 0.5265625
0 0.2859375 0.73359375 0.05390625 0.27109375
0 0.31640625 0.66328125 0.0265625 0.12890625
0 0.396875 0.79921875 0.10078125 0.4
0 0.5328125 0.734375 0.05703125 0.2609375
0 0.5921875 0.79375 0.0859375 0.4109375
0 0.6390625 0.73671875 0.0359375 0.28125
0 0.66953125 0.7390625 0.06328125 0.33515625
0 0.7171875 0.7359375 0.0375 0.2734375
0 0.75078125 0.75078125 0.05546875 0.26875
0 0.42421875 0.646875 0.0265625 0.07578125
0 0.3421875 0.66328125 0.0328125 0.11484375
0 0.3625 0.63359375 0.02421875 0.07421875
0 0.79609375 0.59453125 0.0234375 0.0765625
0 0.74296875 0.57890625 0.02109375 0.059375
0 0.56953125 0.6359375 0.02109375 0.06015625
0 0.884375 0.52109375 0.03515625 0.1015625
0 0.884375 0.653125 0.0484375 0.22421875
0 0.97734375 0.5546875 0.0453125 0.190625
0 0.97578125 0.6203125 0.04140625 0.1703125
0 0.92421875 0.7859375 0.11875 0.4265625
0 0.440625 0.646875 0.02265625 0.06796875
0 0.52890625 0.63125 0.01875 0.09375
0 0.3328125 0.61171875 0.0140625 0.07109375
0 0.33828125 0.61875 0.01328125 0.0453125
0 0.378125 0.6078125 0.0125 0.03046875
0 0.62109375 0.63046875 0.02421875 0.07421875
0 0.715625 0.73515625 0.04609375 0.27421875
0 0.56015625 0.6625 0.01484375 0.10859375
0 0.59609375 0.78046875 0.06875 0.371875
0 0.26796875 0.609375 0.03828125 0.06328125
0 0.94296875 0.07109375 0.0484375 0.1421875
0 0.9375 0.58828125 0.04453125 0.12109375
0 0.53671875 0.5734375 0.46796875 0.07421875
0 0.4578125 0.6359375 0.0203125 0.04296875
0 0.50859375 0.63203125 0.03125 0.0453125
0 0.696875 0.63828125 0.03671875 0.05703125
0 0.64921875 0.646875 0.0296875 0.07578125
0 0.353125 0.62421875 0.00703125 0.03046875
0 0.03671875 0.8 0.0734375 0.4