0 0.253125 0.4375 0.04609375 0.1703125
0 0.43203125 0.36953125 0.02421875 0.04609375
0 0.48359375 0.41953125 0.03359375 0.0640625
0 0.6046875 0.3828125 0.0234375 0.0765625
0 0.81484375 0.3828125 0.0421875 0.15625
0 0.9 0.3515625 0.02890625 0.1015625
0 0.98046875 0.4234375 0.03828125 0.1
0 0.94609375 0.4234375 0.0609375 0.2125
0 0.90078125 0.6953125 0.159375 0.60625
0 0.7046875 0.5671875 0.18515625 0.6890625
0 0.58046875 0.6296875 0.1375 0.5828125
0 0.465625 0.50859375 0.0828125 0.1046875
0 0.415625 0.69921875 0.1734375 0.6015625
0 0.42421875 0.4953125 0.1390625 0.2421875
0 0.12734375 0.4640625 0.2546875 0.48359375
0 0.1609375 0.6515625 0.28359375 0.6953125
0 0.834375 0.38359375 0.01953125 0.1171875