0 0.009375 0.33203125 0.0140625 0.05703125
0 0.00625 0.36796875 0.0125 0.07890625
0 0.01875 0.36484375 0.0203125 0.08515625
0 0.03671875 0.34765625 0.03203125 0.053125
0 0.18203125 0.484375 0.1765625 0.49140625
0 0.2234375 0.43515625 0.090625 0.12890625
0 0.42890625 0.4484375 0.1265625 0.328125
0 0.49453125 0.41796875 0.065625 0.30234375
0 0.5328125 0.40390625 0.03984375 0.22109375
0 0.5421875 0.403125 0.0328125 0.2203125
0 0.56953125 0.41484375 0.0421875 0.2171875
0 0.6109375 0.440625 0.07109375 0.27109375
0 0.63046875 0.42265625 0.034375 0.25390625
0 0.653125 0.440625 0.028125 0.171875
0 0.6640625 0.34609375 0.03515625 0.08515625
0 0.6984375 0.31015625 0.0296875 0.0515625
0 0.70234375 0.4296875 0.06171875 0.2640625
0 0.67890625 0.4328125 0.03515625 0.2171875
0 0.7515625 0.40625 0.0359375 0.17265625
0 0.7515625 0.41484375 0.03984375 0.190625
0 0.7703125 0.43203125 0.059375 0.2421875
0 0.79765625 0.38671875 0.025 0.17578125
0 0.8171875 0.38828125 0.053125 0.19375
0 0.84140625 0.38359375 0.02421875 0.15078125
0 0.85859375 0.3796875 0.040625 0.15234375
0 0.8765625 0.3734375 0.03125 0.165625
0 0.91484375 0.371875 0.03515625 0.12734375
0 0.9421875 0.37421875 0.02734375 0.1203125
0 0.97109375 0.37890625 0.0578125 0.1921875
0 0.0015625 0.32734375 0.003125 0.0484375
0 0.0296875 0.31640625 0.0328125 0.03203125
0 0.346875 0.33203125 0.075 0.0484375
0 0.56328125 0.31015625 0.0234375 0.05703125
0 0.61953125 0.296875 0.02265625 0.025
0 0.64140625 0.3359375 0.0109375 0.0296875
0 0.6890625 0.33359375 0.01171875 0.028125
0 0.725 0.3296875 0.01640625 0.03828125
0 0.7640625 0.30703125 0.01953125 0.01875
0 0.7890625 0.3109375 0.01171875 0.0265625
0 0.8390625 0.3171875 0.0140625 0.025
0 0.8953125 0.346875 0.009375 0.07734375
0 0.07421875 0.71484375 0.1484375 0.15390625
0 0.33125 0.6 0.11328125 0.0765625
0 0.6625 0.54609375 0.2890625 0.05703125
0 0.87265625 0.471875 0.190625 0.05