0 0.0890625 0.48828125 0.178125 0.2890625
0 0.125 0.3671875 0.153125 0.1140625
0 0.17265625 0.5578125 0.146875 0.2859375
0 0.253125 0.4125 0.146875 0.13359375
0 0.384375 0.52734375 0.1578125 0.23828125
0 0.2640625 0.31171875 0.13046875 0.12421875
0 0.40703125 0.346875 0.165625 0.17265625
0 0.2734375 0.40234375 0.15234375 0.1734375
0 0.371875 0.67578125 0.5203125 0.53828125
0 0.34765625 0.36640625 0.0609375 0.07734375
0 0.40078125 0.41796875 0.125 0.14296875
0 0.52890625 0.29375 0.11640625 0.1046875
0 0.58671875 0.390625 0.22578125 0.23359375
0 0.51875 0.47109375 0.1625 0.14375
0 0.59296875 0.62421875 0.31328125 0.3125
0 0.6765625 0.61484375 0.165625 0.27578125
0 0.8359375 0.5890625 0.2953125 0.30859375
0 0.66953125 0.390625 0.11640625 0.20234375
0 0.65859375 0.309375 0.1640625 0.16484375
0 0.85703125 0.43046875 0.2796875 0.225
0 0.825 0.334375 0.14375 0.11953125
0 0.89765625 0.27890625 0.2046875 0.1
0 0.9390625 0.4296875 0.11953125 0.2234375
0 0.0125 0.3703125 0.025 0.1