0 0.11015625 0.559375 0.09375 0.378125
0 0.1578125 0.53125 0.08359375 0.36484375
0 0.18828125 0.54140625 0.08046875 0.3890625
0 0.259375 0.540625 0.08984375 0.38046875
0 0.3328125 0.54140625 0.084375 0.36875
0 0.40078125 0.5390625 0.05703125 0.3515625
0 0.4671875 0.5484375 0.071875 0.33203125
0 0.5390625 0.540625 0.0796875 0.35703125
0 0.615625 0.54296875 0.0890625 0.359375
0 0.68984375 0.54765625 0.0796875 0.34765625
0 0.759375 0.54453125 0.07578125 0.3609375
0 0.8296875 0.55234375 0.08125 0.35859375
0 0.8921875 0.54296875 0.09609375 0.37265625
0 0.15625 0.53046875 0.0765625 0.359375
0 0.23515625 0.5390625 0.034375 0.33984375
0 0.2890625 0.38671875 0.03203125 0.0640625
0 0.31328125 0.5328125 0.0515625 0.3359375
0 0.37265625 0.528125 0.03828125 0.33046875
0 0.35703125 0.38984375 0.03203125 0.06640625
0 0.44609375 0.5328125 0.06640625 0.31640625
0 0.48984375 0.39765625 0.02734375 0.07109375
0 0.50390625 0.5265625 0.040625 0.32421875
0 0.575 0.5265625 0.04296875 0.32578125
0 0.64921875 0.53125 0.0453125 0.328125
0 0.6640625 0.3875 0.03046875 0.07734375
0 0.71015625 0.5328125 0.05625 0.32890625
0 0.734375 0.39453125 0.02890625 0.0609375
0 0.78984375 0.52734375 0.04765625 0.32890625
0 0.809375 0.4 0.02578125 0.05625
0 0.85859375 0.39453125 0.03828125 0.071875
0 0.04453125 0.44921875 0.0890625 0.10703125
0 0.8453125 0.703125 0.30859375 0.0921875