0 0.015625 0.91796875 0.03046875 0.134375
0 0.04765625 0.940625 0.04765625 0.11640625
0 0.0421875 0.8640625 0.02890625 0.0734375
0 0.07109375 0.90703125 0.0359375 0.0984375
0 0.11484375 0.8921875 0.04140625 0.0765625
0 0.14140625 0.928125 0.0328125 0.12734375
0 0.15078125 0.853125 0.0328125 0.109375
0 0.18125 0.86875 0.03203125 0.06171875
0 0.16875 0.80625 0.034375 0.096875
0 0.34375 0.93359375 0.0390625 0.1046875
0 0.2234375 0.79765625 0.0328125 0.13046875
0 0.26171875 0.8125 0.03359375 0.065625
0 0.2484375 0.78828125 0.03046875 0.07109375
0 0.0390625 0.678125 0.078125 0.0625
0 0.0515625 0.58046875 0.0328125 0.10859375
0 0.090625 0.5875 0.0359375 0.10859375
0 0.37421875 0.609375 0.02890625 0.09296875
0 0.078125 0.3921875 0.028125 0.08515625
0 0.0609375 0.371875 0.0203125 0.0671875
0 0.0328125 0.3421875 0.0265625 0.09375
0 0.01328125 0.33984375 0.0265625 0.084375
0 0.0109375 0.31015625 0.021875 0.0890625
0 0.14375 0.19375 0.02109375 0.06484375
0 0.1609375 0.20234375 0.0171875 0.071875
0 0.18359375 0.2046875 0.01953125 0.06171875
0 0.18984375 0.1921875 0.01796875 0.07109375
0 0.17109375 0.17890625 0.0203125 0.05703125
0 0.1484375 0.17734375 0.0203125 0.075
0 0.08515625 0.09296875 0.01796875 0.04375
0 0.08984375 0.0875 0.0140625 0.0484375
0 0.16796875 0.08515625 0.01015625 0.021875
0 0.2171875 0.08984375 0.0171875 0.05234375
0 0.1 0.0515625 0.0171875 0.0453125
0 0.15859375 0.06171875 0.0171875 0.0546875
0 0.16640625 0.05546875 0.01171875 0.0421875
0 0.14453125 0.04609375 0.0125 0.0203125
0 0.15859375 0.02890625 0.01015625 0.02265625
0 0.18671875 0.00859375 0.0109375 0.0171875
0 0.22109375 0.03125 0.01015625 0.05625
0 0.228125 0.03984375 0.01953125 0.059375
0 0.24140625 0.06484375 0.0140625 0.053125
0 0.25 0.05703125 0.0125 0.05546875
0 0.271875 0.09921875 0.01328125 0.05625
0 0.2609375 0.09296875 0.0109375 0.06015625
0 0.25625 0.08671875 0.0109375 0.05546875
0 0.2828125 0.03515625 0.0140625 0.0234375
0 0.29375 0.040625 0.01171875 0.0328125
0 0.33125 0.03203125 0.0078125 0.0203125
0 0.334375 0.05 0.0140625 0.03359375
0 0.33984375 0.04296875 0.0078125 0.0328125
0 0.35234375 0.04296875 0.0109375 0.0421875
0 0.3609375 0.040625 0.0109375 0.03828125
0 0.3765625 0.04140625 0.0109375 0.0328125
0 0.3828125 0.02890625 0.0125 0.0453125
0 0.3921875 0.02109375 0.0109375 0.0234375
0 0.403125 0.02421875 0.0078125 0.028125
0 0.40234375 0.04375 0.015625 0.0484375
0 0.41015625 0.03671875 0.009375 0.0375
0 0.41171875 0.06484375 0.0109375 0.05234375
0 0.42421875 0.071875 0.0140625 0.059375
0 0.42890625 0.0671875 0.0078125 0.05078125
0 0.4375 0.0578125 0.015625 0.05625
0 0.2765625 0.34453125 0.01796875 0.053125
0 0.3 0.35859375 0.0234375 0.04140625
0 0.321875 0.2734375 0.0171875 0.0515625
0 0.34375 0.28984375 0.015625 0.065625
0 0.353125 0.278125 0.0109375 0.0625
0 0.45703125 0.278125 0.0203125 0.0625
0 0.471875 0.24765625 0.01953125 0.053125
0 0.4984375 0.29296875 0.0203125 0.06484375
0 0.52109375 0.2859375 0.0171875 0.0375
0 0.45390625 0.4609375 0.01640625 0.02890625
0 0.496875 0.434375 0.0265625 0.04765625
0 0.58125 0.38046875 0.02265625 0.05078125
0 0.58046875 0.41875 0.0203125 0.05078125
0 0.54296875 0.49609375 0.02734375 0.0953125
0 0.5484375 0.446875 0.02734375 0.0359375
0 0.56875 0.4609375 0.02578125 0.028125
0 0.56875 0.45859375 0.02578125 0.0328125
0 0.59140625 0.4578125 0.02109375 0.053125
0 0.590625 0.496875 0.02421875 0.0953125
0 0.5859375 0.9046875 0.0328125 0.128125
0 0.56640625 0.84140625 0.034375 0.06875
0 0.57578125 0.68828125 0.0265625 0.125
0 0.584375 0.6609375 0.046875 0.10703125
0 0.6078125 0.7125 0.03046875 0.1109375
0 0.69375 0.8765625 0.040625 0.13046875
0 0.83671875 0.8546875 0.0453125 0.13671875
0 0.80390625 0.978125 0.034375 0.04375
0 0.69921875 0.50078125 0.02421875 0.09453125
0 0.825 0.51328125 0.0328125 0.1015625
0 0.98671875 0.646875 0.0265625 0.0921875
0 0.978125 0.50859375 0.0421875 0.09296875
0 0.94140625 0.5296875 0.0265625 0.0640625
0 0.86328125 0.4703125 0.02578125 0.06640625
0 0.9234375 0.48671875 0.03515625 0.0875
0 0.9234375 0.46328125 0.0296875 0.08515625
0 0.95078125 0.440625 0.03046875 0.05078125
0 0.9609375 0.50234375 0.03515625 0.0734375
0 0.846875 0.3625 0.01796875 0.0671875
0 0.9359375 0.31171875 0.0234375 0.07109375
0 0.95078125 0.3015625 0.02578125 0.0796875
0 0.96171875 0.3015625 0.0234375 0.065625
0 0.98046875 0.296875 0.021875 0.0484375
0 0.77109375 0.35703125 0.021875 0.0640625
0 0.75625 0.36796875 0.025 0.0796875
0 0.7734375 0.3109375 0.02890625 0.0734375
0 0.69140625 0.36015625 0.0234375 0.084375
0 0.66875 0.35 0.01875 0.0875
0 0.6828125 0.34375 0.0203125 0.0828125
0 0.89375 0.26953125 0.03046875 0.071875
0 0.8875 0.24453125 0.01796875 0.0359375
0 0.63984375 0.3046875 0.0234375 0.0765625
0 0.671875 0.23203125 0.015625 0.05
0 0.615625 0.28515625 0.01953125 0.071875
0 0.61640625 0.25078125 0.015625 0.02734375
0 0.59375 0.2546875 0.0234375 0.0734375
0 0.56171875 0.21015625 0.01796875 0.0671875
0 0.575 0.21953125 0.01640625 0.0640625
0 0.5875 0.22421875 0.01875 0.0671875
0 0.634375 0.259375 0.021875 0.0640625
0 0.6375 0.26953125 0.0203125 0.0609375
0 0.8265625 0.1625 0.01171875 0.0390625
0 0.82890625 0.1328125 0.0171875 0.05625
0 0.803125 0.07109375 0.01328125 0.02265625
0 0.75078125 0.2 0.01953125 0.05625
0 0.659375 0.19140625 0.015625 0.06171875
0 0.63671875 0.203125 0.015625 0.07109375
0 0.628125 0.21015625 0.0140625 0.059375
0 0.6140625 0.2 0.01640625 0.05
0 0.6046875 0.18828125 0.01640625 0.04609375
0 0.60703125 0.2234375 0.015625 0.05703125
0 0.75546875 0.14609375 0.01484375 0.0375
0 0.7671875 0.14453125 0.0109375 0.03828125
0 0.76796875 0.090625 0.0171875 0.05703125
0 0.75546875 0.096875 0.00859375 0.04765625
0 0.759375 0.08125 0.0109375 0.03671875
0 0.7609375 0.04140625 0.0109375 0.02890625
0 0.7078125 0.053125 0.01171875 0.046875
0 0.69140625 0.0203125 0.0109375 0.040625
0 0.7015625 0.01875 0.01171875 0.0375
0 0.69375 0.05078125 0.01171875 0.04296875
0 0.67578125 0.06875 0.01328125 0.04765625
0 0.66640625 0.03125 0.0109375 0.0484375
0 0.63515625 0.01953125 0.009375 0.03828125
0 0.6515625 0.028125 0.0109375 0.0453125
0 0.65703125 0.025 0.01015625 0.04609375
0 0.64296875 0.04921875 0.01171875 0.04609375
0 0.6484375 0.08359375 0.0140625 0.04140625
0 0.6578125 0.08203125 0.0109375 0.0234375
0 0.64453125 0.07890625 0.0078125 0.03125
0 0.62421875 0.1015625 0.009375 0.0328125
0 0.61640625 0.0953125 0.01171875 0.021875
0 0.60625 0.096875 0.0140625 0.0171875
0 0.5765625 0.0578125 0.01171875 0.01953125
0 0.59609375 0.07578125 0.009375 0.04609375
0 0.584375 0.0828125 0.01328125 0.0484375
0 0.54765625 0.08515625 0.01484375 0.0453125
0 0.53125 0.07265625 0.0140625 0.0328125
0 0.525 0.09921875 0.0109375 0.03359375
0 0.50546875 0.10390625 0.0140625 0.05078125
0 0.49921875 0.1171875 0.0140625 0.0203125
0 0.45 0.12265625 0.009375 0.03203125
0 0.4296875 0.125 0.0140625 0.05
0 0.4171875 0.1203125 0.01328125 0.04375
0 0.41953125 0.1265625 0.0125 0.03359375
0 0.41953125 0.14140625 0.0125 0.02734375
0 0.3 0.18203125 0.01328125 0.03125
0 0.384375 0.14765625 0.0140625 0.03671875
0 0.3984375 0.134375 0.0109375 0.034375
0 0.3484375 0.14453125 0.0140625 0.0421875
0 0.353125 0.1375 0.01640625 0.05703125
0 0.34921875 0.04140625 0.0109375 0.0265625
0 0.978125 0.27109375 0.0171875 0.0328125
0 0.95078125 0.26953125 0.01171875 0.0421875
0 0.30234375 0.0359375 0.0125 0.0265625
0 0.3140625 0.03828125 0.0109375 0.0265625
0 0.53671875 0.10234375 0.015625 0.04765625
0 0.59453125 0.08359375 0.0109375 0.04296875
0 0.68125 0.08515625 0.01015625 0.03671875
0 0.69375 0.0765625 0.009375 0.021875
0 0.6984375 0.08359375 0.009375 0.03828125
0 0.73046875 0.0296875 0.01171875 0.0234375
0 0.734375 0.03203125 0.0125 0.021875
0 0.7359375 0.04296875 0.0109375 0.034375
0 0.7421875 0.0515625 0.01015625 0.028125
0 0.7484375 0.05546875 0.009375 0.0328125
0 0.75859375 0.0578125 0.0078125 0.02734375
0 0.8359375 0.09296875 0.0140625 0.046875
0 0.84140625 0.10234375 0.015625 0.0484375
0 0.8296875 0.07265625 0.0171875 0.03671875
0 0.8234375 0.06484375 0.0171875 0.03671875
0 0.8359375 0.07890625 0.0171875 0.0375
0 0.7203125 0.02265625 0.0140625 0.0296875
0 0.71875 0.01796875 0.009375 0.0296875
0 0.68828125 0.01953125 0.0078125 0.03828125
0 0.6203125 0.034375 0.0078125 0.04765625
0 0.45703125 0.02421875 0.009375 0.0125
0 0.5015625 0.01953125 0.0109375 0.02265625
0 0.509375 0.0203125 0.009375 0.0171875
0 0.51875 0.0203125 0.009375 0.015625
0 0.5578125 0.01328125 0.0078125 0.0203125
0 0.51171875 0.01484375 0.01171875 0.0296875
0 0.51796875 0.0109375 0.01015625 0.01953125
0 0.2578125 0.98515625 0.0359375 0.0296875
0 0.2734375 0.9453125 0.05703125 0.04140625
0 0.27734375 0.77578125 0.0515625 0.06171875
0 0.3140625 0.64921875 0.04765625 0.03359375
0 0.0078125 0.3703125 0.015625 0.08125
0 0.00703125 0.26875 0.0140625 0.0265625
0 0.059375 0.31015625 0.02109375 0.04140625
0 0.178125 0.13203125 0.06328125 0.053125
0 0.1703125 0.01328125 0.01875 0.0265625
0 0.21796875 0.00390625 0.0234375 0.0078125
0 0.28046875 0.0953125 0.00546875 0.04140625
0 0.375 0.2421875 0.01328125 0.04140625
0 0.36640625 0.271875 0.01328125 0.01796875
0 0.43125 0.25390625 0.0515625 0.08046875
0 0.95703125 0.59140625 0.0453125 0.05625
0 0.98046875 0.3328125 0.0375 0.0484375
0 0.5875 0.33984375 0.0265625 0.02890625
0 0.665625 0.271875 0.0390625 0.0578125
0 0.6984375 0.2421875 0.0265625 0.040625
0 0.81015625 0.165625 0.0125 0.02734375
0 0.83828125 0.134375 0.0140625 0.03125
0 0.8734375 0.09375 0.05390625 0.0375
0 0.63515625 0.15625 0.02734375 0.0453125
0 0.58359375 0.22890625 0.13671875 0.1140625
0 0.70625 0.02734375 0.0140625 0.0234375
0 0.73125 0.01328125 0.0140625 0.0078125
0 0.68125 0.01953125 0.0109375 0.03828125
0 0.646875 0.015625 0.021875 0.03125
0 0.465625 0.05546875 0.0140625 0.01796875
0 0.43359375 0.1390625 0.01328125 0.02734375
0 0.3171875 0.1859375 0.0109375 0.021875
0 0.35546875 0.15625 0.04609375 0.02890625
0 0.3953125 0.1390625 0.0265625 0.02890625
0 0.83671875 0.26171875 0.025 0.0359375
0 0.85234375 0.171875 0.0203125 0.02890625
0 0.87265625 0.24296875 0.01953125 0.034375
0 0.7984375 0.3796875 0.0125 0.0109375
0 0.9625 0.259375 0.0140625 0.01875
0 0.2953125 0.0578125 0.0609375 0.04609375
0 0.60078125 0.05703125 0.0296875 0.028125
0 0.63359375 0.07890625 0.0171875 0.0375
0 0.73671875 0.04296875 0.0125 0.025
0 0.8453125 0.0671875 0.01640625 0.025
0 0.82890625 0.0640625 0.01171875 0.01796875
0 0.69609375 0.01796875 0.00625 0.03125
0 0.4578125 0.0109375 0.0125 0.021875
0 0.5328125 0.0421875 0.01171875 0.01484375
0 0.50234375 0.00859375 0.0140625 0.0171875
0 0.53828125 0.0109375 0.0359375 0.021875
0 0.51640625 0.00546875 0.00859375 0.0109375
0 0.58828125 0.0140625 0.04375 0.0171875
0 0.8078125 0.11640625 0.03984375 0.0609375