0 0.28515625 0.55 0.43203125 0.7296875
0 0.1078125 0.53125 0.16171875 0.5078125
0 0.41015625 0.56171875 0.14140625 0.53359375
0 0.815625 0.4328125 0.175 0.33515625
0 0.9015625 0.4234375 0.10703125 0.3546875
0 0.871875 0.69765625 0.2 0.48046875
0 0.4921875 0.38671875 0.05859375 0.09296875
0 0.075 0.51796875 0.0921875 0.36328125
0 0.02890625 0.53359375 0.05703125 0.5078125
0 0.96484375 0.49453125 0.0703125 0.28515625
0 0.48125 0.3328125 0.0546875 0.0515625
0 0.31796875 0.56640625 0.10859375 0.56328125
0 0.21171875 0.54375 0.13046875 0.5078125
0 0.63828125 0.43125 0.24453125 0.3