0 0.0453125 0.815625 0.08984375 0.36640625
0 0.18046875 0.74296875 0.1171875 0.3796875
0 0.2875 0.7734375 0.1171875 0.45
0 0.353125 0.765625 0.096875 0.46875
0 0.41484375 0.79921875 0.16640625 0.39921875
0 0.5375 0.7796875 0.12890625 0.4375
0 0.6765625 0.89453125 0.1578125 0.2109375
0 0.69296875 0.7390625 0.1203125 0.3
0 0.771875 0.8421875 0.15546875 0.31328125
0 0.86875 0.85546875 0.20078125 0.2875
0 0.9171875 0.77890625 0.08203125 0.20234375
0 0.978125 0.80546875 0.03984375 0.38671875
0 0.85703125 0.66328125 0.0953125 0.340625
0 0.56875 0.5625 0.08828125 0.15234375
0 0.47890625 0.6078125 0.071875 0.29921875
0 0.38125 0.5390625 0.0625 0.22421875
0 0.34921875 0.5203125 0.04453125 0.1765625
0 0.31796875 0.45859375 0.0390625 0.178125
0 0.28515625 0.50078125 0.053125 0.14453125
0 0.29140625 0.43671875 0.040625 0.11171875
0 0.271875 0.44609375 0.03515625 0.11875
0 0.25 0.453125 0.02109375 0.1140625
0 0.23125 0.4265625 0.03828125 0.11171875
0 0.2234375 0.44375 0.03671875 0.10859375
0 0.22890625 0.6359375 0.0703125 0.31640625
0 0.2 0.4859375 0.0421875 0.16640625
0 0.17890625 0.44140625 0.034375 0.13984375
0 0.175 0.40625 0.03046875 0.0921875
0 0.1546875 0.49453125 0.046875 0.16015625
0 0.13984375 0.44921875 0.0390625 0.0875
0 0.109375 0.625 0.09765625 0.35234375
0 0.07109375 0.625 0.05078125 0.290625
0 0.021875 0.49296875 0.04375 0.19375
0 0.040625 0.49453125 0.025 0.1890625
0 0.1125 0.4234375 0.04453125 0.0765625
0 0.14140625 0.415625 0.03203125 0.0625
0 0.1515625 0.41015625 0.021875 0.0703125
0 0.14921875 0.35078125 0.01484375 0.02578125
0 0.1328125 0.38828125 0.028125 0.05859375
0 0.121875 0.3703125 0.01796875 0.0359375
0 0.125 0.3515625 0.0125 0.0125
0 0.121875 0.3484375 0.02109375 0.04296875
0 0.11171875 0.36015625 0.0140625 0.04140625
0 0.10234375 0.43203125 0.04140625 0.12265625
0 0.10390625 0.378125 0.0265625 0.040625
0 0.09375 0.38359375 0.025 0.06796875
0 0.0828125 0.40390625 0.015625 0.096875
0 0.08046875 0.359375 0.01640625 0.03671875
0 0.08046875 0.34921875 0.02109375 0.03359375
0 0.06171875 0.4234375 0.02109375 0.1109375
0 0.06796875 0.4140625 0.02265625 0.128125
0 0.0578125 0.3578125 0.01171875 0.02734375
0 0.07109375 0.3453125 0.0125 0.0234375
0 0.04765625 0.34453125 0.0140625 0.0359375
0 0.04453125 0.42109375 0.02734375 0.1234375
0 0.04296875 0.365625 0.025 0.03125
0 0.025 0.32578125 0.0125 0.01875
0 0.0234375 0.35859375 0.01640625 0.05390625
0 0.01328125 0.3703125 0.0140625 0.04375
0 0.00859375 0.403125 0.0171875 0.08125
0 0.08984375 0.36171875 0.0109375 0.02578125
0 0.15 0.36796875 0.0125 0.021875
0 0.96875 0.4421875 0.0359375 0.04609375
0 0.89140625 0.34375 0.04375 0.040625
0 0.840625 0.3296875 0.02578125 0.0125
0 0.6671875 0.35625 0.0734375 0.0609375
0 0.53671875 0.33515625 0.1703125 0.06796875
0 0.37265625 0.315625 0.03828125 0.02109375
0 0.6859375 0.45078125 0.0390625 0.0359375
0 0.5296875 0.4140625 0.02265625 0.021875
0 0.21875 0.3703125 0.01953125 0.06796875
0 0.96484375 0.3703125 0.040625 0.0359375
0 0.08203125 0.34609375 0.1640625 0.0828125
0 0.1625 0.95078125 0.1234375 0.0984375
0 0.3875 0.31640625 0.02421875 0.02578125
0 0.60703125 0.69921875 0.07734375 0.17421875