0 0.034375 0.709375 0.0203125 0.0359375
0 0.0203125 0.72421875 0.01796875 0.0390625
0 0.02578125 0.765625 0.03671875 0.08828125
0 0.0796875 0.775 0.01640625 0.0328125
0 0.1125 0.7828125 0.034375 0.028125
0 0.0375 0.81953125 0.02734375 0.1
0 0.06171875 0.81796875 0.028125 0.0859375
0 0.0875 0.84140625 0.0296875 0.09765625
0 0.05859375 0.9078125 0.028125 0.1359375
0 0.1 0.9765625 0.03125 0.046875
0 0.1203125 0.9484375 0.03203125 0.103125
0 0.15859375 0.9515625 0.0390625 0.096875
0 0.18125 0.76015625 0.03125 0.08359375
0 0.17890625 0.72265625 0.009375 0.01328125
0 0.2640625 0.790625 0.0359375 0.09140625
0 0.24375 0.81015625 0.02109375 0.06640625
0 0.2171875 0.85859375 0.03046875 0.10625
0 0.24375 0.86875 0.0296875 0.090625
0 0.2859375 0.878125 0.0421875 0.07734375
0 0.3171875 0.8578125 0.0296875 0.09140625
0 0.353125 0.8078125 0.0171875 0.04375
0 0.36640625 0.85078125 0.034375 0.10390625
0 0.396875 0.83515625 0.0421875 0.109375
0 0.42734375 0.8734375 0.03984375 0.128125
0 0.43671875 0.82265625 0.0328125 0.1109375
0 0.41328125 0.76875 0.0234375 0.06484375
0 0.3703125 0.7125 0.01953125 0.0671875
0 0.42734375 0.67109375 0.01015625 0.0328125
0 0.4546875 0.6859375 0.0171875 0.059375
0 0.71171875 0.57421875 0.00859375 0.02734375
0 0.76796875 0.54453125 0.00546875 0.0171875
0 0.72109375 0.55546875 0.00625 0.021875
0 0.4734375 0.80234375 0.03203125 0.0984375
0 0.53828125 0.86171875 0.0234375 0.10546875
0 0.5515625 0.89140625 0.03671875 0.12265625
0 0.5984375 0.93203125 0.03515625 0.13515625
0 0.6625 0.89140625 0.0421875 0.11484375
0 0.59453125 0.83359375 0.02578125 0.09921875
0 0.590625 0.80078125 0.021875 0.0796875
0 0.65390625 0.8109375 0.02890625 0.0890625
0 0.68515625 0.821875 0.02734375 0.0890625
0 0.69609375 0.80546875 0.015625 0.06796875
0 0.88125 0.96484375 0.02734375 0.05703125
0 0.85 0.9578125 0.03671875 0.06015625
0 0.821875 0.93203125 0.03828125 0.10078125
0 0.82578125 0.921875 0.02890625 0.121875
0 0.7984375 0.8328125 0.0359375 0.09140625
0 0.9046875 0.76171875 0.0171875 0.040625
0 0.85078125 0.7625 0.03125 0.0875
0 0.86796875 0.68359375 0.01328125 0.01015625
0 0.84453125 0.68515625 0.01796875 0.053125
0 0.8328125 0.6640625 0.0203125 0.05703125
0 0.8359375 0.625 0.0125 0.03671875
0 0.85390625 0.6375 0.01171875 0.040625
0 0.8578125 0.5421875 0.053125 0.04296875
0 0.85 0.5921875 0.06953125 0.05703125
0 0.78671875 0.53359375 0.04140625 0.02890625
0 0.00546875 0.9671875 0.01015625 0.03984375
0 0.0265625 0.596875 0.04765625 0.03125
0 0.1796875 0.99609375 0.01796875 0.00703125
0 0.0625 0.75390625 0.0125 0.0140625
0 0.678125 0.5796875 0.00859375 0.0140625
0 0.8484375 0.7203125 0.0125 0.02109375
0 0.50546875 0.56015625 0.06953125 0.028125
0 0.071875 0.48828125 0.0140625 0.01328125
0 0.9421875 0.87265625 0.1140625 0.1015625