0 0.75078125 0.4890625 0.12109375 0.3859375
0 0.5828125 0.4796875 0.09375 0.928125
0 0.49453125 0.3953125 0.08671875 0.6703125
0 0.4015625 0.38125 0.09140625 0.63828125
0 0.46484375 0.721875 0.1234375 0.528125
0 0.45390625 0.621875 0.13046875 0.371875
0 0.35703125 0.55703125 0.09609375 0.40234375
0 0.221875 0.578125 0.1125 0.33203125
0 0.06328125 0.5390625 0.11640625 0.3703125
0 0.3078125 0.8328125 0.134375 0.334375
0 0.953125 0.77109375 0.09296875 0.45390625
0 0.08125 0.76328125 0.1625 0.4703125
0 0.83984375 0.22734375 0.31328125 0.265625
0 0.73046875 0.8140625 0.1671875 0.36796875
0 0.48984375 0.909375 0.1421875 0.178125