0 0.51328125 0.6484375 0.2078125 0.69765625
0 0.365625 0.59296875 0.11875 0.34921875
0 0.21328125 0.58984375 0.0796875 0.3734375
0 0.16640625 0.4609375 0.0296875 0.08984375
0 0.10859375 0.625 0.1328125 0.4765625
0 0.06796875 0.58359375 0.0828125 0.38515625
0 0.27109375 0.440625 0.0890625 0.08046875
0 0.15390625 0.61640625 0.0203125 0.12265625
0 0.03046875 0.62421875 0.0609375 0.40703125
0 0.140625 0.909375 0.2375 0.0875
0 0.28046875 0.66796875 0.0953125 0.16328125
0 0.18125 0.7953125 0.071875 0.06953125