0 0.05078125 0.190625 0.0375 0.16875
0 0.08046875 0.1546875 0.04140625 0.1046875
0 0.10234375 0.2078125 0.09765625 0.15546875
0 0.16796875 0.259375 0.075 0.30078125
0 0.2421875 0.24453125 0.0875 0.25234375
0 0.26875 0.409375 0.11953125 0.2234375
0 0.225 0.64609375 0.2640625 0.28984375
0 0.44453125 0.2515625 0.109375 0.38125
0 0.5515625 0.2578125 0.10859375 0.3375
0 0.60234375 0.6703125 0.25234375 0.38046875
0 0.84140625 0.33671875 0.1359375 0.5515625
0 0.1328125 0.121875 0.03046875 0.0609375
0 0.64765625 0.17265625 0.04609375 0.06171875
0 0.61875 0.15703125 0.0265625 0.0390625
0 0.5953125 0.16875 0.0296875 0.07265625
0 0.5328125 0.23984375 0.0953125 0.31953125
0 0.89765625 0.13828125 0.0375 0.05703125
0 0.94140625 0.1484375 0.025 0.0578125
0 0.925 0.15078125 0.04453125 0.05546875
0 0.96640625 0.14375 0.02734375 0.04765625
0 0.8765625 0.14375 0.021875 0.0515625
0 0.0296875 0.41015625 0.059375 0.4484375
0 0.01953125 0.12421875 0.03828125 0.12890625
0 0.059375 0.12890625 0.01796875 0.021875
0 0.10703125 0.1609375 0.009375 0.0234375
0 0.21640625 0.1375 0.03984375 0.0921875
0 0.3546875 0.1703125 0.10078125 0.05546875
0 0.77890625 0.1296875 0.05546875 0.10390625
0 0.98125 0.15625 0.02734375 0.0359375
0 0.978125 0.12421875 0.01953125 0.02109375
0 0.95703125 0.13125 0.01875 0.0375
0 0.93046875 0.11640625 0.0359375 0.01796875
0 0.8640625 0.14453125 0.0125 0.01796875
0 0.94453125 0.0875 0.03671875 0.01328125
0 0.8921875 0.1671875 0.0296875 0.025