0 0.065625 0.64609375 0.02109375 0.05390625
0 0.22890625 0.675 0.009375 0.0625
0 0.24375 0.678125 0.009375 0.06484375
0 0.234375 0.67734375 0.01171875 0.0625
0 0.25546875 0.67578125 0.0109375 0.06484375
0 0.33515625 0.69140625 0.0203125 0.09140625
0 0.29453125 0.59140625 0.01640625 0.0625
0 0.359375 0.69453125 0.0203125 0.08984375
0 0.3828125 0.72421875 0.05390625 0.26484375
0 0.43125 0.784375 0.08125 0.40234375
0 0.50546875 0.79375 0.0671875 0.38359375
0 0.47734375 0.72109375 0.0390625 0.21640625
0 0.521875 0.65625 0.01796875 0.05390625
0 0.528125 0.71875 0.02109375 0.17890625
0 0.6 0.74140625 0.03984375 0.18359375
0 0.66484375 0.74609375 0.04375 0.14609375
0 0.66171875 0.6875 0.01796875 0.03359375
0 0.7265625 0.74765625 0.03515625 0.14140625
0 0.77265625 0.74921875 0.0421875 0.14375
0 0.79453125 0.74140625 0.0328125 0.12890625
0 0.81484375 0.74609375 0.025 0.12109375
0 0.91171875 0.72265625 0.02109375 0.12109375
0 0.95 0.70859375 0.02734375 0.08359375
0 0.96796875 0.72265625 0.02578125 0.12890625
0 0.99140625 0.68515625 0.0140625 0.1
0 0.98125 0.67265625 0.01640625 0.08359375
0 0.27734375 0.659375 0.034375 0.03515625
0 0.30546875 0.540625 0.0140625 0.05625
0 0.340625 0.81953125 0.07265625 0.06484375
0 0.40546875 0.91953125 0.1703125 0.13515625
0 0.6984375 0.678125 0.02578125 0.06484375
0 0.17890625 0.65703125 0.02265625 0.03515625
0 0.01796875 0.60234375 0.02265625 0.04609375