0 0.16015625 0.7109375 0.31015625 0.57421875
0 0.03125 0.77578125 0.0625 0.4484375
0 0.375 0.734375 0.08515625 0.35625
0 0.4125 0.7265625 0.0546875 0.27734375
0 0.45859375 0.79921875 0.08515625 0.32109375
0 0.49921875 0.78515625 0.06875 0.33125
0 0.55703125 0.79921875 0.04609375 0.3109375
0 0.5890625 0.7984375 0.11875 0.3890625
0 0.65390625 0.778125 0.07265625 0.31796875
0 0.71171875 0.79375 0.0640625 0.265625
0 0.7203125 0.7765625 0.05 0.26875
0 0.74296875 0.72265625 0.04140625 0.240625
0 0.78984375 0.76875 0.06015625 0.32265625
0 0.81953125 0.79140625 0.04375 0.2390625
0 0.8234375 0.72578125 0.04375 0.14296875
0 0.85 0.771875 0.03984375 0.2359375
0 0.875 0.77421875 0.04765625 0.2390625
0 0.9140625 0.77109375 0.06875 0.26171875
0 0.8890625 0.67734375 0.02109375 0.04921875
0 0.93515625 0.75546875 0.0453125 0.26171875
0 0.9546875 0.7484375 0.025 0.18515625
0 0.7265625 0.76953125 0.2078125 0.296875