0 0.18515625 0.70859375 0.07265625 0.20390625
0 0.2296875 0.6765625 0.046875 0.171875
0 0.24375 0.71171875 0.05234375 0.175
0 0.26328125 0.70234375 0.04375 0.1796875
0 0.3015625 0.65234375 0.0421875 0.15546875
0 0.37734375 0.69453125 0.06796875 0.190625
0 0.396875 0.67890625 0.0265625 0.1703125
0 0.446875 0.66796875 0.053125 0.19375
0 0.60390625 0.65703125 0.0421875 0.17109375
0 0.68828125 0.60859375 0.03046875 0.15078125
0 0.81015625 0.71953125 0.059375 0.2359375
0 0.84453125 0.55859375 0.034375 0.12890625
0 0.8734375 0.56484375 0.03671875 0.13984375
0 0.03671875 0.6140625 0.07265625 0.21953125
0 0.8890625 0.66328125 0.1171875 0.13671875
0 0.52578125 0.64921875 0.10859375 0.175
0 0.64609375 0.634375 0.0625 0.1734375
0 0.3984375 0.5546875 0.01171875 0.0203125
0 0.54375 0.540625 0.03984375 0.0421875