0 0.134375 0.68359375 0.0203125 0.03203125
0 0.16640625 0.6171875 0.00859375 0.02578125
0 0.05078125 0.715625 0.1015625 0.353125
0 0.1828125 0.53125 0.00703125 0.01484375
0 0.30234375 0.53203125 0.00859375 0.0140625
0 0.31015625 0.53359375 0.00703125 0.015625
0 0.42578125 0.52734375 0.01015625 0.0125
0 0.5171875 0.59765625 0.04296875 0.1484375
0 0.54765625 0.59765625 0.04765625 0.15
0 0.69453125 0.53515625 0.01328125 0.04375
0 0.696875 0.53984375 0.015625 0.0546875
0 0.70390625 0.53359375 0.009375 0.0453125
0 0.7921875 0.521875 0.01328125 0.0265625
0 0.8203125 0.53671875 0.0140625 0.03125
0 0.85078125 0.5703125 0.01953125 0.0328125
0 0.88828125 0.59453125 0.03125 0.05859375
0 0.86796875 0.58359375 0.0203125 0.03359375
0 0.8859375 0.59453125 0.03125 0.04609375
0 0.9265625 0.6375 0.0578125 0.084375
0 0.971875 0.6796875 0.05625 0.09296875
0 0.68359375 0.53984375 0.00703125 0.0109375
0 0.7109375 0.53828125 0.00703125 0.01015625
0 0.73359375 0.5390625 0.009375 0.01171875
0 0.76484375 0.54140625 0.00859375 0.01015625
0 0.846875 0.559375 0.00546875 0.009375
0 0.50390625 0.66796875 0.08515625 0.02578125