0 0.0578125 0.60078125 0.115625 0.7984375
0 0.15859375 0.5625 0.27265625 0.871875
0 0.36328125 0.4390625 0.021875 0.13203125
0 0.38828125 0.390625 0.0109375 0.028125
0 0.4046875 0.39375 0.01015625 0.0296875
0 0.4171875 0.39765625 0.01875 0.0578125
0 0.4421875 0.3875 0.028125 0.0625
0 0.45234375 0.3796875 0.015625 0.0578125
0 0.47578125 0.38671875 0.01875 0.07578125
0 0.50234375 0.38203125 0.021875 0.07421875
0 0.51484375 0.390625 0.02421875 0.0640625
0 0.5421875 0.39140625 0.02734375 0.07421875
0 0.55625 0.38984375 0.0140625 0.08203125
0 0.57578125 0.4078125 0.01796875 0.11015625
0 0.5921875 0.4 0.021875 0.0703125
0 0.6203125 0.375 0.02578125 0.0484375
0 0.6359375 0.41875 0.021875 0.15234375
0 0.65078125 0.4546875 0.0296875 0.20859375
0 0.6515625 0.3734375 0.025 0.078125
0 0.6671875 0.42265625 0.01875 0.17265625
0 0.684375 0.4578125 0.03203125 0.23828125
0 0.703125 0.43359375 0.025 0.18671875
0 0.71875 0.396875 0.02890625 0.10859375
0 0.71875 0.44921875 0.0296875 0.16796875
0 0.74140625 0.42109375 0.02890625 0.16796875
0 0.75546875 0.3875 0.02734375 0.0984375
0 0.7703125 0.42109375 0.03671875 0.15234375
0 0.78125 0.3609375 0.02109375 0.071875
0 0.7984375 0.4296875 0.02734375 0.1703125
0 0.821875 0.36953125 0.03515625 0.0984375
0 0.81796875 0.5171875 0.05 0.30859375
0 0.85078125 0.4921875 0.0328125 0.2625
0 0.875 0.53125 0.04765625 0.3203125
0 0.90859375 0.5 0.04921875 0.33046875
0 0.946875 0.52109375 0.078125 0.4125
0 0.98359375 0.5421875 0.0328125 0.32265625
0 0.34140625 0.425 0.01328125 0.06796875
0 0.378125 0.47734375 0.06171875 0.128125
0 0.39296875 0.4828125 0.04765625 0.14453125
0 0.40078125 0.48828125 0.0421875 0.134375
0 0.40625 0.50390625 0.04609375 0.16640625
0 0.41328125 0.51796875 0.06015625 0.20625
0 0.4296875 0.52265625 0.05078125 0.2125
0 0.440625 0.52890625 0.05390625 0.2125
0 0.453125 0.53125 0.0671875 0.20859375
0 0.46484375 0.5484375 0.078125 0.25078125
0 0.4671875 0.559375 0.10234375 0.23671875
0 0.50390625 0.58203125 0.071875 0.27421875
0 0.52578125 0.5859375 0.07578125 0.3265625
0 0.55546875 0.625 0.103125 0.37265625
0 0.74375 0.5984375 0.12265625 0.2984375
0 0.6984375 0.56484375 0.14296875 0.26875
0 0.02109375 0.428125 0.0296875 0.0578125
0 0.58828125 0.48125 0.03125 0.1125
0 0.55234375 0.4375 0.0421875 0.034375
0 0.51796875 0.4328125 0.02421875 0.03984375
0 0.49921875 0.42578125 0.015625 0.03828125
0 0.47734375 0.421875 0.015625 0.02578125
0 0.453125 0.4171875 0.0140625 0.03203125
0 0.421875 0.38984375 0.01171875 0.0578125
0 0.609375 0.36875 0.01796875 0.084375
0 0.86875 0.35234375 0.02109375 0.0484375
0 0.9234375 0.3765625 0.02109375 0.0484375
0 0.99296875 0.3671875 0.0140625 0.034375
0 0.67265625 0.35 0.01015625 0.03828125
0 0.84921875 0.82578125 0.0890625 0.3484375
0 0.94609375 0.83046875 0.10625 0.3390625
0 0.40625 0.80078125 0.28828125 0.3984375
0 0.728125 0.84921875 0.15625 0.3015625
0 0.62109375 0.8296875 0.0578125 0.284375