0 0.7953125 0.53515625 0.30703125 0.92734375
0 0.72421875 0.78046875 0.0953125 0.4390625
0 0.62578125 0.78046875 0.1546875 0.4390625
0 0.4734375 0.7796875 0.18828125 0.43671875
0 0.31640625 0.77578125 0.24609375 0.4453125
0 0.146875 0.8703125 0.11953125 0.259375
0 0.54140625 0.62109375 0.09609375 0.35859375
0 0.68984375 0.584375 0.12421875 0.34765625
0 0.615625 0.48203125 0.1 0.278125
0 0.48359375 0.46796875 0.1234375 0.23984375
0 0.37890625 0.5984375 0.140625 0.36171875
0 0.2171875 0.6171875 0.09375 0.35859375
0 0.1953125 0.4671875 0.140625 0.28359375
0 0.3484375 0.46171875 0.16875 0.26953125
0 0.41484375 0.3921875 0.09765625 0.31484375
0 0.55625 0.3765625 0.09375 0.2625
0 0.534375 0.23359375 0.1375 0.290625
0 0.2734375 0.37890625 0.11953125 0.3859375
0 0.15234375 0.37265625 0.14453125 0.25546875
0 0.13203125 0.28359375 0.146875 0.2890625
0 0.1015625 0.19921875 0.1171875 0.2453125
0 0.21953125 0.19296875 0.1125 0.26796875
0 0.28359375 0.22890625 0.15859375 0.25234375
0 0.415625 0.25234375 0.13203125 0.25703125
0 0.51875 0.13515625 0.14921875 0.2625
0 0.35546875 0.1625 0.07890625 0.23125
0 0.09453125 0.5203125 0.084375 0.125
0 0.146875 0.86015625 0.11953125 0.25234375
0 0.04921875 0.45546875 0.0671875 0.18125
0 0.01875 0.3546875 0.0375 0.196875
0 0.0265625 0.27109375 0.053125 0.21875
0 0.98046875 0.62421875 0.0390625 0.1328125
0 0.69296875 0.4515625 0.0375 0.0609375