0 0.24453125 0.690625 0.07265625 0.39375
0 0.29296875 0.6640625 0.0609375 0.35546875
0 0.33046875 0.59375 0.053125 0.203125
0 0.3640625 0.5609375 0.05390625 0.17421875
0 0.4125 0.5640625 0.0578125 0.17421875
0 0.484375 0.57265625 0.0421875 0.1578125
0 0.52890625 0.56953125 0.05625 0.159375
0 0.5875 0.5671875 0.053125 0.15390625
0 0.63359375 0.5734375 0.05546875 0.13046875
0 0.665625 0.5640625 0.034375 0.10859375
0 0.675 0.70703125 0.03984375 0.25625
0 0.63515625 0.7578125 0.0625 0.36484375
0 0.58359375 0.75625 0.05546875 0.3828125
0 0.54375 0.76875 0.0640625 0.38671875
0 0.49140625 0.76796875 0.0640625 0.39921875
0 0.45234375 0.7546875 0.0625 0.4390625
0 0.40703125 0.77734375 0.065625 0.40078125
0 0.36484375 0.7828125 0.06875 0.43046875
0 0.30390625 0.796875 0.0671875 0.403125
0 0.7328125 0.76484375 0.17578125 0.46640625
0 0.8765625 0.65859375 0.04296875 0.24296875
0 0.9140625 0.646875 0.05234375 0.25625
0 0.9484375 0.76015625 0.084375 0.47890625
0 0.94921875 0.759375 0.08046875 0.48125
0 0.97890625 0.56953125 0.01875 0.046875