0 0.046875 0.521875 0.09296875 0.49140625
0 0.08046875 0.34921875 0.0109375 0.0375
0 0.096875 0.35390625 0.0078125 0.03984375
0 0.07734375 0.34921875 0.01171875 0.03125
0 0.1484375 0.41484375 0.07890625 0.19765625
0 0.19140625 0.5390625 0.16328125 0.45859375
0 0.23046875 0.41171875 0.11484375 0.21328125
0 0.259375 0.3546875 0.03984375 0.0671875
0 0.30234375 0.46875 0.06484375 0.30078125
0 0.35234375 0.540625 0.1390625 0.39765625
0 0.37890625 0.37890625 0.04140625 0.08359375
0 0.39296875 0.3640625 0.0328125 0.0796875
0 0.41171875 0.4140625 0.03828125 0.15234375
0 0.425 0.403125 0.04296875 0.16796875
0 0.44296875 0.50703125 0.0625 0.3484375
0 0.4671875 0.540625 0.08359375 0.3796875
0 0.50703125 0.5453125 0.034375 0.29765625
0 0.51875 0.37734375 0.05234375 0.08046875
0 0.56953125 0.60234375 0.17890625 0.60859375
0 0.62265625 0.36484375 0.0109375 0.03359375
0 0.61015625 0.38046875 0.0171875 0.0453125
0 0.62890625 0.38203125 0.0328125 0.0484375
0 0.64921875 0.46328125 0.05546875 0.22578125
0 0.684375 0.4015625 0.0390625 0.1125
0 0.6921875 0.38046875 0.0375 0.0953125
0 0.72578125 0.50859375 0.14140625 0.34453125
0 0.7828125 0.41796875 0.0484375 0.13671875
0 0.80625 0.3890625 0.0203125 0.03359375
0 0.81484375 0.38515625 0.01875 0.0375
0 0.8609375 0.384375 0.01640625 0.0296875
0 0.86953125 0.425 0.07265625 0.0984375
0 0.8125 0.52109375 0.375 0.77109375
0 0.015625 0.325 0.025 0.05703125
0 0.046875 0.6140625 0.0203125 0.09765625
0 0.275 0.36171875 0.01796875 0.053125
0 0.3375 0.35859375 0.03515625 0.0375
0 0.40390625 0.34453125 0.0171875 0.028125
0 0.53359375 0.359375 0.0734375 0.06640625
0 0.71015625 0.3859375 0.01171875 0.06328125
0 0.77265625 0.4234375 0.03046875 0.040625
0 0.8515625 0.42265625 0.0234375 0.025
0 0.88671875 0.3703125 0.01484375 0.0234375