0 0.13359375 0.54296875 0.0625 0.3109375
0 0.2359375 0.5375 0.0453125 0.29296875
0 0.2515625 0.54609375 0.03046875 0.240625
0 0.28359375 0.46953125 0.0421875 0.0671875
0 0.29140625 0.484375 0.0265625 0.0265625
0 0.3296875 0.63671875 0.0859375 0.43125
0 0.33515625 0.71015625 0.08125 0.365625
0 0.39375 0.584375 0.0484375 0.21796875
0 0.4359375 0.575 0.046875 0.2375
0 0.44140625 0.53828125 0.1078125 0.24296875
0 0.53359375 0.6203125 0.04140625 0.13046875
0 0.57578125 0.57734375 0.07109375 0.2703125
0 0.65859375 0.61171875 0.040625 0.171875
0 0.7328125 0.6078125 0.04375 0.1703125
0 0.78046875 0.63671875 0.0734375 0.30703125
0 0.834375 0.62734375 0.0484375 0.29765625
0 0.4015625 0.89921875 0.11796875 0.14453125
0 0.66171875 0.71015625 0.2703125 0.08125
0 0.47109375 0.6921875 0.06953125 0.08515625
0 0.86484375 0.79375 0.19453125 0.08515625
0 0.15859375 0.7078125 0.0609375 0.046875