0 0.11796875 0.71015625 0.15078125 0.57734375
0 0.2109375 0.73984375 0.0984375 0.5203125
0 0.2921875 0.74765625 0.09375 0.5046875
0 0.38203125 0.69921875 0.13359375 0.6
0 0.42265625 0.52734375 0.0359375 0.078125
0 0.49765625 0.71484375 0.15078125 0.56875
0 0.58203125 0.73125 0.06640625 0.53671875
0 0.62578125 0.72578125 0.0734375 0.5484375
0 0.7078125 0.6109375 0.215625 0.775
0 0.7859375 0.7046875 0.08515625 0.5890625
0 0.86484375 0.696875 0.1390625 0.60625
0 0.94765625 0.675 0.1046875 0.65
0 0.49140625 0.7203125 0.1703125 0.5578125