0 0.79375 0.81484375 0.17265625 0.36328125
0 0.9015625 0.8296875 0.1125 0.33359375
0 0.6390625 0.8046875 0.1421875 0.38984375
0 0.9796875 0.51015625 0.03984375 0.0796875
0 0.85 0.6234375 0.0703125 0.18671875
0 0.92265625 0.58671875 0.0296875 0.246875
0 0.87109375 0.50859375 0.02734375 0.0703125
0 0.84609375 0.53203125 0.0421875 0.1234375
0 0.82890625 0.5765625 0.0328125 0.23359375
0 0.4796875 0.7953125 0.13984375 0.403125
0 0.58125 0.69140625 0.0921875 0.15703125
0 0.6984375 0.5984375 0.0421875 0.096875
0 0.60859375 0.59140625 0.0671875 0.11015625
0 0.6578125 0.58203125 0.06484375 0.103125
0 0.5453125 0.58359375 0.0546875 0.11328125
0 0.5046875 0.6203125 0.05 0.1734375
0 0.4375 0.58359375 0.03984375 0.09296875
0 0.2375 0.7765625 0.1046875 0.3265625
0 0.2828125 0.728125 0.1 0.25
0 0.0953125 0.7734375 0.13515625 0.3265625
0 0.1671875 0.753125 0.0796875 0.36640625
0 0.01484375 0.79140625 0.0296875 0.41640625
0 0.0140625 0.64296875 0.02734375 0.23359375
0 0.3234375 0.675 0.0671875 0.2296875
0 0.25625 0.6203125 0.05234375 0.11328125
0 0.175 0.5734375 0.0796875 0.16015625
0 0.05234375 0.6046875 0.05 0.16328125
0 0.35390625 0.63828125 0.05234375 0.25703125
0 0.3484375 0.4515625 0.0421875 0.0703125
0 0.42109375 0.525 0.04765625 0.13671875
0 0.4859375 0.56171875 0.0328125 0.203125
0 0.3859375 0.53515625 0.34765625 0.2765625