0 0.9234375 0.6953125 0.03125 0.05546875
0 0.865625 0.7390625 0.04765625 0.12890625
0 0.8390625 0.734375 0.0359375 0.13203125
0 0.75390625 0.75546875 0.046875 0.10234375
0 0.740625 0.709375 0.0234375 0.096875
0 0.5421875 0.7578125 0.040625 0.20234375
0 0.534375 0.7515625 0.0359375 0.20390625
0 0.5015625 0.75390625 0.0390625 0.1875
0 0.44453125 0.753125 0.05859375 0.22109375
0 0.4265625 0.671875 0.02421875 0.05
0 0.4078125 0.7515625 0.0375 0.1953125
0 0.3640625 0.7640625 0.046875 0.190625
0 0.3765625 0.6921875 0.0203125 0.0765625
0 0.365625 0.6609375 0.028125 0.03359375
0 0.3375 0.74140625 0.028125 0.1625
0 0.31875 0.7078125 0.02421875 0.10390625
0 0.325 0.6640625 0.015625 0.0296875
0 0.3 0.734375 0.03203125 0.1609375
0 0.275 0.73984375 0.03125 0.171875
0 0.27578125 0.6671875 0.034375 0.0734375
0 0.08671875 0.58671875 0.01171875 0.01796875