0 0.33828125 0.4859375 0.04375 0.06796875
0 0.40078125 0.46171875 0.02265625 0.03828125
0 0.490625 0.45859375 0.028125 0.034375
0 0.5875 0.49765625 0.03515625 0.13046875
0 0.6265625 0.49765625 0.034375 0.121875
0 0.634375 0.4609375 0.01171875 0.04921875
0 0.65390625 0.47265625 0.0125 0.01875
0 0.6703125 0.465625 0.0109375 0.03125
0 0.67890625 0.4578125 0.0140625 0.05234375
0 0.6875 0.4609375 0.01640625 0.03828125
0 0.7 0.4640625 0.01015625 0.0140625
0 0.784375 0.6875 0.20390625 0.62421875
0 0.83671875 0.43046875 0.015625 0.01953125
0 0.86484375 0.453125 0.00859375 0.0234375
0 0.884375 0.4515625 0.0125 0.01875
0 0.9609375 0.45078125 0.01015625 0.03203125
0 0.96640625 0.44765625 0.01328125 0.0375
0 0.846875 0.45625 0.04921875 0.03203125
0 0.709375 0.4703125 0.0203125 0.02109375
0 0.5484375 0.4546875 0.0203125 0.02265625
0 0.25703125 0.48203125 0.19921875 0.0953125
0 0.94765625 0.44140625 0.009375 0.02578125
0 0.99765625 0.4421875 0.0046875 0.015625