0 0.15703125 0.78359375 0.178125 0.4296875
0 0.24140625 0.7296875 0.0296875 0.15
0 0.2671875 0.71796875 0.03203125 0.12265625
0 0.9453125 0.796875 0.065625 0.271875
0 0.81796875 0.69765625 0.02578125 0.09765625
0 0.64921875 0.73125 0.0375 0.140625
0 0.671875 0.728125 0.03359375 0.14375
0 0.6234375 0.72734375 0.0375 0.075
0 0.61484375 0.70546875 0.01875 0.04296875
0 0.609375 0.72578125 0.01640625 0.03671875
0 0.54296875 0.703125 0.02578125 0.09921875
0 0.57421875 0.76171875 0.0734375 0.25859375
0 0.54296875 0.8625 0.0796875 0.271875
0 0.50703125 0.7515625 0.05 0.26328125
0 0.4703125 0.82578125 0.10546875 0.3453125
0 0.378125 0.83046875 0.09296875 0.33515625
0 0.4109375 0.68828125 0.0359375 0.10234375
0 0.43671875 0.7 0.0203125 0.0859375
0 0.3078125 0.6921875 0.015625 0.0625
0 0.31875 0.6984375 0.01796875 0.0734375
0 0.33203125 0.70078125 0.015625 0.071875
0 0.35 0.71875 0.02890625 0.11796875
0 0.36953125 0.72109375 0.01640625 0.10703125
0 0.79296875 0.30234375 0.2390625 0.353125
0 0.05625 0.81328125 0.1125 0.3734375
0 0.22265625 0.70625 0.02109375 0.0859375
0 0.1796875 0.64296875 0.01328125 0.02109375
0 0.20546875 0.66640625 0.015625 0.02578125
0 0.96953125 0.82421875 0.0609375 0.3515625
0 0.453125 0.69140625 0.021875 0.08984375
0 0.425 0.7125 0.01875 0.12109375
0 0.36640625 0.6890625 0.01640625 0.0625
0 0.38125 0.66484375 0.015625 0.0125
0 0.38828125 0.621875 0.02578125 0.04921875
0 0.4390625 0.60078125 0.01328125 0.02265625
0 0.3390625 0.66796875 0.0375 0.03828125
0 0.3046875 0.6484375 0.01796875 0.02578125