0 0.02578125 0.52109375 0.0515625 0.3140625
0 0.059375 0.5203125 0.11796875 0.33359375
0 0.109375 0.38984375 0.02421875 0.0578125
0 0.13828125 0.36875 0.040625 0.05859375
0 0.1671875 0.57890625 0.19453125 0.58984375
0 0.32421875 0.5890625 0.18046875 0.5578125
0 0.4390625 0.46875 0.1484375 0.38046875
0 0.5015625 0.37265625 0.0484375 0.075
0 0.54765625 0.58828125 0.16171875 0.61953125
0 0.65234375 0.40859375 0.04375 0.06640625
0 0.6375 0.38671875 0.0328125 0.05078125
0 0.71875 0.6375 0.134375 0.58515625
0 0.8015625 0.4 0.05390625 0.11015625
0 0.85 0.6515625 0.18671875 0.63359375
0 0.959375 0.53515625 0.07890625 0.13046875
0 0.96484375 0.44609375 0.0703125 0.14921875
0 0.93203125 0.42421875 0.04609375 0.1046875
0 0.125 0.36640625 0.01875 0.0359375
0 0.1734375 0.35078125 0.0265625 0.0265625
0 0.24921875 0.38515625 0.0171875 0.03203125
0 0.5046875 0.35390625 0.071875 0.05078125
0 0.8 0.60625 0.4 0.484375
0 0.05703125 0.38515625 0.01953125 0.034375