0 0.8171875 0.275 0.04140625 0.15
0 0.815625 0.2265625 0.04375 0.0734375
0 0.784375 0.22890625 0.0359375 0.09140625
0 0.69296875 0.290625 0.04375 0.13828125
0 0.675 0.259375 0.0296875 0.14140625
0 0.65703125 0.24765625 0.0390625 0.10859375
0 0.58828125 0.2890625 0.03359375 0.1453125
0 0.60234375 0.26328125 0.0375 0.16640625
0 0.57578125 0.25546875 0.0359375 0.14140625
0 0.54921875 0.26015625 0.0265625 0.13671875
0 0.53203125 0.28359375 0.03125 0.15703125
0 0.4875 0.296875 0.03984375 0.16328125
0 0.45703125 0.3390625 0.0359375 0.175
0 0.4375 0.3984375 0.0421875 0.23984375
0 0.3796875 0.38828125 0.05234375 0.19296875
0 0.33671875 0.40703125 0.0515625 0.2203125
0 0.29609375 0.425 0.0671875 0.23671875
0 0.22421875 0.36328125 0.05390625 0.1234375
0 0.1703125 0.365625 0.06875 0.16484375
0 0.1328125 0.38984375 0.0703125 0.13671875
0 0.084375 0.40546875 0.0609375 0.11484375
0 0.078125 0.3609375 0.0484375 0.10859375
0 0.0265625 0.43359375 0.05234375 0.096875
0 0.08046875 0.4515625 0.05859375 0.08984375
0 0.0359375 0.646875 0.071875 0.175
0 0.05390625 0.83359375 0.1078125 0.3
0 0.08125 0.878125 0.12734375 0.23984375
0 0.10234375 0.58359375 0.1 0.196875
0 0.1265625 0.7078125 0.10234375 0.31484375
0 0.1796875 0.5015625 0.07734375 0.2265625
0 0.2484375 0.42421875 0.0609375 0.1515625
0 0.1921875 0.6265625 0.06484375 0.153125
0 0.25546875 0.69453125 0.0890625 0.30859375
0 0.23125 0.52578125 0.0546875 0.13203125
0 0.29765625 0.51796875 0.09765625 0.203125
0 0.33515625 0.82578125 0.10234375 0.33828125
0 0.26796875 0.8828125 0.10625 0.23203125
0 0.19921875 0.77890625 0.08125 0.271875
0 0.646875 0.66640625 0.14140625 0.34296875
0 0.7 0.90546875 0.1296875 0.18828125
0 0.83203125 0.78203125 0.10859375 0.28671875
0 0.85078125 0.55390625 0.1234375 0.29140625
0 0.63046875 0.2515625 0.02109375 0.103125
0 0.0390625 0.3046875 0.05859375 0.18671875
0 0.51484375 0.2328125 0.02265625 0.06484375
0 0.50546875 0.25234375 0.03125 0.08515625
0 0.3609375 0.3046875 0.0265625 0.08359375
0 0.31640625 0.6640625 0.0796875 0.13515625
0 0.2140625 0.94921875 0.08515625 0.1015625
0 0.03671875 0.653125 0.0734375 0.18984375
0 0.30703125 0.1953125 0.2109375 0.2
0 0.4875 0.17421875 0.15 0.0953125
0 0.45 0.25703125 0.075 0.0734375
0 0.6734375 0.15546875 0.05625 0.06796875
0 0.72890625 0.23359375 0.02734375 0.096875
0 0.12421875 0.1734375 0.15625 0.3203125
0 0.25390625 0.33359375 0.1046875 0.0796875
0 0.03359375 0.496875 0.0671875 0.08359375