0 0.40234375 0.9015625 0.02421875 0.05078125
0 0.41171875 0.9015625 0.015625 0.04296875
0 0.4421875 0.91875 0.03125 0.05703125
0 0.43203125 0.91171875 0.01796875 0.05703125
0 0.44453125 0.88359375 0.01953125 0.01953125
0 0.4640625 0.91328125 0.02734375 0.05390625
0 0.47109375 0.90078125 0.01796875 0.04375
0 0.49453125 0.90625 0.02578125 0.05
0 0.5125 0.909375 0.0203125 0.04375
0 0.54765625 0.90703125 0.01171875 0.04140625
0 0.5640625 0.91015625 0.02734375 0.05390625
0 0.58125 0.91953125 0.02265625 0.04921875
0 0.571875 0.9078125 0.0140625 0.0390625
0 0.5765625 0.903125 0.01015625 0.04140625
0 0.5890625 0.9078125 0.0109375 0.03203125
0 0.59765625 0.903125 0.0125 0.0296875
0 0.62265625 0.89296875 0.01796875 0.028125
0 0.62421875 0.9078125 0.01875 0.0453125
0 0.64140625 0.909375 0.01796875 0.03515625
0 0.70703125 0.915625 0.0203125 0.05390625
0 0.7203125 0.915625 0.01640625 0.05
0 0.77265625 0.909375 0.0203125 0.0515625
0 0.7875 0.91171875 0.01953125 0.046875
0 0.77109375 0.884375 0.01171875 0.02578125
0 0.77890625 0.8828125 0.0140625 0.01875
0 0.859375 0.9171875 0.01953125 0.0421875
0 0.87109375 0.9234375 0.01171875 0.03828125
0 0.8765625 0.92890625 0.02421875 0.04765625
0 0.95625 0.925 0.021875 0.04296875
0 0.2375 0.89453125 0.015625 0.04140625
0 0.2515625 0.884375 0.01484375 0.034375
0 0.19921875 0.8890625 0.01484375 0.0359375
0 0.1859375 0.88828125 0.015625 0.03984375
0 0.16796875 0.88671875 0.0140625 0.0390625
0 0.18046875 0.88671875 0.01171875 0.0390625
0 0.1 0.86953125 0.01171875 0.0296875
0 0.11328125 0.8703125 0.0140625 0.028125
0 0.1078125 0.8609375 0.00859375 0.021875
0 0.2515625 0.86171875 0.00703125 0.0109375
0 0.346875 0.86328125 0.01484375 0.034375
0 0.04375 0.853125 0.0046875 0.0109375
0 0.04140625 0.85234375 0.0078125 0.01171875
0 0.14140625 0.875 0.01015625 0.02578125
0 0.15078125 0.87109375 0.01015625 0.028125
0 0.29296875 0.865625 0.0109375 0.021875
0 0.2875 0.86484375 0.0125 0.02265625
0 0.31015625 0.84765625 0.01015625 0.0125
0 0.609375 0.88671875 0.01953125 0.028125
0 0.87890625 0.87734375 0.00625 0.01640625
0 0.06015625 0.8640625 0.0109375 0.02734375
0 0.06875 0.8671875 0.01171875 0.02578125
0 0.084375 0.86484375 0.0046875 0.0234375
0 0.5234375 0.77265625 0.034375 0.0671875
0 0.48203125 0.584375 0.04921875 0.0703125
0 0.54921875 0.58671875 0.046875 0.0671875
0 0.6546875 0.675 0.04375 0.03515625
0 0.73828125 0.66640625 0.04375 0.0375
0 0.4640625 0.8875 0.0046875 0.0078125
0 0.45859375 0.91953125 0.01015625 0.00703125
0 0.515625 0.89921875 0.0265625 0.046875
0 0.5453125 0.903125 0.01640625 0.0453125
0 0.56875 0.8828125 0.00859375 0.00625
0 0.653125 0.91328125 0.0265625 0.04609375
0 0.74765625 0.88203125 0.0109375 0.01484375
0 0.815625 0.86875 0.0140625 0.0203125
0 0.17578125 0.86328125 0.11015625 0.0296875
0 0.2125 0.88125 0.0109375 0.00859375
0 0.521875 0.09765625 0.0625 0.1078125
0 0.01796875 0.859375 0.03046875 0.028125
0 0.29921875 0.86640625 0.00390625 0.003125
0 0.33359375 0.86171875 0.0125 0.01640625
0 0.653125 0.8828125 0.01015625 0.01484375
0 0.6765625 0.87109375 0.0234375 0.02734375
0 0.76796875 0.86484375 0.00703125 0.0078125
0 0.9078125 0.86875 0.01796875 0.03828125
0 0.85703125 0.70390625 0.021875 0.0453125
0 0.89453125 0.715625 0.021875 0.0375
0 0.965625 0.73828125 0.0234375 0.02265625
0 0.56796875 0.65 0.0140625 0.02421875
0 0.096875 0.83203125 0.00703125 0.0078125
0 0.0546875 0.85078125 0.00625 0.00859375
0 0.065625 0.8484375 0.00390625 0.0078125
0 0.0796875 0.85 0.01484375 0.00859375