0 0.909375 0.67421875 0.178125 0.6
0 0.96875 0.43046875 0.06171875 0.115625
0 0.82578125 0.65859375 0.15234375 0.54921875
0 0.81484375 0.409375 0.0765625 0.109375
0 0.87421875 0.359375 0.14375 0.1734375
0 0.78828125 0.2671875 0.13203125 0.16796875
0 0.884375 0.2578125 0.1046875 0.1078125
0 0.55234375 0.29765625 0.28125 0.30390625
0 0.6796875 0.66328125 0.3234375 0.66640625
0 0.4609375 0.6859375 0.2421875 0.62421875
0 0.58203125 0.64296875 0.18984375 0.5734375
0 0.6484375 0.275 0.1703125 0.1390625
0 0.36171875 0.45234375 0.1453125 0.2515625
0 0.3609375 0.2828125 0.12734375 0.19609375
0 0.284375 0.36796875 0.12734375 0.40546875
0 0.2078125 0.42265625 0.12109375 0.30546875
0 0.10234375 0.41640625 0.15859375 0.33671875
0 0.0296875 0.39921875 0.05859375 0.37734375
0 0.1 0.240625 0.1078125 0.184375
0 0.178125 0.20234375 0.1015625 0.15703125
0 0.0609375 0.17578125 0.11953125 0.325
0 0.19140625 0.103125 0.1140625 0.16328125
0 0.27734375 0.153125 0.109375 0.171875
0 0.37734375 0.13515625 0.140625 0.1484375
0 0.56328125 0.1328125 0.109375 0.2109375
0 0.653125 0.140625 0.09609375 0.14375
0 0.7171875 0.18125 0.09453125 0.1828125
0 0.78046875 0.1453125 0.0671875 0.1046875
0 0.50078125 0.1796875 0.9984375 0.359375