0 0.03828125 0.66171875 0.06953125 0.23125
0 0.0546875 0.6171875 0.04609375 0.275
0 0.08203125 0.55234375 0.03359375 0.0796875
0 0.10234375 0.6515625 0.08359375 0.2578125
0 0.15859375 0.6453125 0.06015625 0.2390625
0 0.16484375 0.6734375 0.0734375 0.2
0 0.19609375 0.6109375 0.01953125 0.1046875
0 0.228125 0.61875 0.059375 0.2578125
0 0.25546875 0.6453125 0.0359375 0.11484375
0 0.265625 0.61171875 0.04609375 0.18359375
0 0.31171875 0.6125 0.0375 0.175
0 0.3171875 0.6015625 0.0328125 0.18359375
0 0.353125 0.6421875 0.06796875 0.27890625
0 0.38828125 0.6765625 0.046875 0.13984375
0 0.3640625 0.6015625 0.0375 0.18125
0 0.38828125 0.57734375 0.03515625 0.13984375
0 0.41484375 0.5703125 0.03671875 0.10859375
0 0.434375 0.56953125 0.0296875 0.1234375
0 0.4515625 0.55859375 0.02109375 0.0828125
0 0.4203125 0.6640625 0.0484375 0.10859375
0 0.44140625 0.66171875 0.0328125 0.1140625
0 0.45546875 0.65546875 0.046875 0.11875
0 0.4703125 0.590625 0.0234375 0.09609375
0 0.503125 0.5875 0.009375 0.05
0 0.4875 0.6015625 0.03515625 0.16640625
0 0.52421875 0.59296875 0.0390625 0.1859375
0 0.5421875 0.5890625 0.02421875 0.1359375
0 0.553125 0.5875 0.0234375 0.1375
0 0.56484375 0.57890625 0.04453125 0.1078125
0 0.57421875 0.6453125 0.05234375 0.2421875
0 0.5953125 0.58515625 0.0140625 0.0625
0 0.621875 0.56875 0.0484375 0.11015625
0 0.6203125 0.58671875 0.040625 0.15390625
0 0.6078125 0.56875 0.02421875 0.1296875
0 0.6421875 0.5828125 0.02421875 0.15234375
0 0.66171875 0.68515625 0.05234375 0.13984375
0 0.6671875 0.56796875 0.02109375 0.0984375
0 0.68515625 0.5640625 0.01953125 0.0953125
0 0.69609375 0.56328125 0.015625 0.09375
0 0.71171875 0.5609375 0.0203125 0.09765625
0 0.74765625 0.5296875 0.0109375 0.0265625
0 0.7640625 0.59140625 0.0328125 0.15
0 0.77265625 0.5453125 0.01484375 0.0375
0 0.79453125 0.584375 0.0328125 0.1484375
0 0.81875 0.5828125 0.03046875 0.1265625
0 0.7140625 0.64375 0.0625 0.08984375
0 0.76875 0.64140625 0.05546875 0.0953125
0 0.8140625 0.64140625 0.046875 0.0921875
0 0.86328125 0.6484375 0.05703125 0.0875
0 0.8421875 0.5375 0.0078125 0.03515625
0 0.8484375 0.5453125 0.01640625 0.05625
0 0.85703125 0.5484375 0.0125 0.0515625
0 0.8671875 0.5421875 0.01015625 0.0359375
0 0.884375 0.54140625 0.00859375 0.0328125
0 0.928125 0.5390625 0.0265625 0.06015625
0 0.91640625 0.6453125 0.06171875 0.2421875
0 0.95703125 0.67265625 0.05078125 0.175
0 0.9671875 0.55078125 0.0078125 0.04140625
0 0.99375 0.54765625 0.0109375 0.03984375
0 0.65390625 0.57890625 0.021875 0.1375
0 0.66875 0.56171875 0.0125 0.0890625
0 0.72265625 0.5484375 0.01015625 0.05
0 0.003125 0.5703125 0.00625 0.115625
0 0.28359375 0.540625 0.02421875 0.06640625
0 0.32578125 0.5421875 0.0140625 0.0265625
0 0.39765625 0.525 0.11640625 0.04765625
0 0.49453125 0.62890625 0.03515625 0.0453125
0 0.46484375 0.5234375 0.00703125 0.03984375
0 0.6171875 0.53828125 0.2375 0.0515625
0 0.96953125 0.55 0.01171875 0.03515625
0 0.98359375 0.5453125 0.0140625 0.0390625
0 0.88984375 0.5390625 0.12109375 0.0359375
0 0.7828125 0.5390625 0.071875 0.0453125
0 0.2828125 0.60546875 0.0140625 0.05625