0 0.5953125 0.8296875 0.2359375 0.340625
0 0.64375 0.7078125 0.125 0.26328125
0 0.2828125 0.83203125 0.1265625 0.33515625
0 0.11796875 0.81328125 0.23515625 0.37265625
0 0.79765625 0.584375 0.0578125 0.175
0 0.8859375 0.54296875 0.03828125 0.1203125
0 0.94921875 0.57578125 0.0296875 0.13671875
0 0.946875 0.66796875 0.05 0.178125
0 0.89375 0.51640625 0.02734375 0.06796875
0 0.9296875 0.52265625 0.02421875 0.0921875
0 0.96640625 0.8421875 0.0671875 0.315625
0 0.95234375 0.51171875 0.03671875 0.08828125