0 0.0203125 0.87734375 0.040625 0.24140625
0 0.09140625 0.8578125 0.0984375 0.2796875
0 0.103125 0.9171875 0.053125 0.08046875
0 0.20703125 0.865625 0.1296875 0.2640625
0 0.05234375 0.7515625 0.0296875 0.2015625
0 0.0859375 0.6890625 0.040625 0.17890625
0 0.1203125 0.69375 0.053125 0.21953125
0 0.1078125 0.5828125 0.025 0.078125
0 0.14296875 0.6734375 0.0359375 0.1921875
0 0.14765625 0.64453125 0.0265625 0.1921875
0 0.18359375 0.70703125 0.0359375 0.2328125
0 0.1921875 0.65078125 0.040625 0.196875
0 0.1828125 0.56796875 0.028125 0.05390625
0 0.21484375 0.61484375 0.0328125 0.18828125
0 0.22734375 0.6421875 0.0390625 0.196875
0 0.2359375 0.66015625 0.053125 0.2015625
0 0.25546875 0.67421875 0.0359375 0.1859375
0 0.28125 0.6890625 0.053125 0.2375
0 0.32578125 0.7125 0.0484375 0.24375
0 0.36640625 0.715625 0.0765625 0.21953125
0 0.34609375 0.5734375 0.0359375 0.0828125
0 0.2375 0.4375 0.028125 0.06484375
0 0.39453125 0.44296875 0.0234375 0.08984375
0 0.415625 0.67578125 0.075 0.21484375
0 0.428125 0.58515625 0.03125 0.10546875
0 0.4421875 0.653125 0.0625 0.21015625
0 0.47421875 0.653125 0.0421875 0.1921875
0 0.50078125 0.66640625 0.0640625 0.1921875
0 0.50859375 0.64765625 0.0484375 0.19921875
0 0.56953125 0.59296875 0.0453125 0.11640625
0 0.57421875 0.7671875 0.0609375 0.259375
0 0.59140625 0.715625 0.0515625 0.24609375
0 0.62578125 0.671875 0.0515625 0.2125
0 0.65859375 0.66640625 0.0484375 0.2015625
0 0.6578125 0.63671875 0.034375 0.22109375
0 0.6875 0.67109375 0.071875 0.259375
0 0.69609375 0.67890625 0.0828125 0.2484375
0 0.76171875 0.61953125 0.0671875 0.21484375
0 0.7609375 0.61640625 0.06875 0.2171875
0 0.796875 0.61875 0.040625 0.20390625
0 0.86328125 0.609375 0.0578125 0.19453125
0 0.79921875 0.65078125 0.0609375 0.20546875
0 0.8328125 0.6921875 0.096875 0.25703125
0 0.92734375 0.60546875 0.0484375 0.1859375
0 0.94296875 0.58984375 0.0359375 0.09140625
0 0.9375 0.70703125 0.05625 0.18828125
0 0.7296875 0.81796875 0.096875 0.32421875
0 0.60234375 0.4734375 0.0359375 0.12265625
0 0.2921875 0.54921875 0.075 0.06953125
0 0.30703125 0.6921875 0.0390625 0.22109375
0 0.2390625 0.43046875 0.065625 0.06015625
0 0.3890625 0.4046875 0.115625 0.071875
0 0.48203125 0.396875 0.0265625 0.06953125
0 0.75546875 0.31640625 0.4859375 0.13203125
0 0.6234375 0.58359375 0.04375 0.12109375
0 0.709375 0.53828125 0.01875 0.0203125
0 0.9828125 0.54609375 0.03125 0.05390625
0 0.96171875 0.80390625 0.0734375 0.16796875