0 0.93359375 0.7296875 0.115625 0.5375
0 0.853125 0.64453125 0.0578125 0.2546875
0 0.79375 0.7359375 0.1125 0.52265625
0 0.82109375 0.54375 0.03203125 0.06015625
0 0.75703125 0.54765625 0.03046875 0.0671875
0 0.72421875 0.57578125 0.0421875 0.10859375
0 0.73125 0.62421875 0.03828125 0.18046875
0 0.703125 0.578125 0.02734375 0.1140625
0 0.6765625 0.57578125 0.02421875 0.12421875
0 0.659375 0.62265625 0.046875 0.203125
0 0.6375 0.57890625 0.02734375 0.12734375
0 0.61171875 0.5828125 0.034375 0.1203125
0 0.5828125 0.56796875 0.0234375 0.090625
0 0.56328125 0.56328125 0.03203125 0.07734375
0 0.553125 0.71484375 0.1046875 0.3203125
0 0.52421875 0.584375 0.02734375 0.12578125
0 0.5546875 0.553125 0.03125 0.05859375
0 0.5109375 0.56171875 0.02265625 0.08046875
0 0.50390625 0.61640625 0.0328125 0.090625
0 0.484375 0.60234375 0.01953125 0.121875
0 0.4734375 0.59921875 0.0234375 0.13359375
0 0.465625 0.66796875 0.0328125 0.228125
0 0.396875 0.659375 0.053125 0.2359375
0 0.4390625 0.70234375 0.078125 0.35546875
0 0.3375 0.68828125 0.0796875 0.24296875
0 0.3609375 0.5875 0.02421875 0.04375
0 0.31484375 0.5953125 0.02265625 0.05703125
0 0.30078125 0.60625 0.025 0.08515625
0 0.29140625 0.59296875 0.02421875 0.040625
0 0.27265625 0.61953125 0.0265625 0.09921875
0 0.25390625 0.60546875 0.0328125 0.1390625
0 0.228125 0.58125 0.028125 0.07890625
0 0.19609375 0.5671875 0.0203125 0.05390625
0 0.19375 0.790625 0.10078125 0.415625
0 0.1703125 0.63125 0.04609375 0.1578125
0 0.12109375 0.709375 0.0875 0.33828125
0 0.15234375 0.59296875 0.0234375 0.04375
0 0.1515625 0.575 0.0390625 0.0484375
0 0.0640625 0.665625 0.046875 0.1890625
0 0.0859375 0.6421875 0.02734375 0.18046875
0 0.0171875 0.66328125 0.034375 0.0734375
0 0.0203125 0.66640625 0.03984375 0.09375
0 0.29375 0.55 0.03203125 0.071875
0 0.3375 0.55390625 0.015625 0.03046875
0 0.3640625 0.5640625 0.02421875 0.05390625
0 0.38125 0.565625 0.02421875 0.08671875
0 0.98984375 0.628125 0.0203125 0.2125
0 0.63359375 0.4453125 0.73046875 0.19609375
0 0.48828125 0.77109375 0.078125 0.03046875
0 0.6 0.73984375 0.05390625 0.03671875
0 0.55546875 0.86484375 0.20390625 0.025
0 0.875 0.78125 0.06640625 0.021875
0 0.8671875 0.97890625 0.1171875 0.025
0 0.3890625 0.5796875 0.0171875 0.03515625
0 0.01796875 0.56171875 0.0359375 0.0921875