0 0.865625 0.7203125 0.0859375 0.2796875
0 0.82734375 0.6828125 0.07578125 0.31875
0 0.77421875 0.67265625 0.06640625 0.30234375
0 0.69609375 0.690625 0.09453125 0.334375
0 0.6125 0.68671875 0.078125 0.28984375
0 0.54609375 0.66953125 0.0578125 0.23125
0 0.49375 0.56171875 0.03984375 0.08125
0 0.46328125 0.63515625 0.0359375 0.259375
0 0.43203125 0.6390625 0.04765625 0.24765625
0 0.41015625 0.67734375 0.06875 0.2234375
0 0.35625 0.6859375 0.05546875 0.2109375
0 0.2953125 0.69609375 0.08515625 0.24375
0 0.271875 0.65703125 0.04921875 0.2515625
0 0.2296875 0.65859375 0.0578125 0.225
0 0.175 0.6640625 0.07265625 0.28984375
0 0.115625 0.68046875 0.07578125 0.28203125
0 0.04609375 0.64609375 0.06875 0.3390625
0 0.0953125 0.63515625 0.05546875 0.30390625
0 0.16171875 0.52734375 0.0484375 0.1703125
0 0.2 0.53359375 0.0359375 0.178125
0 0.21953125 0.60546875 0.06015625 0.30625
0 0.25234375 0.49921875 0.03359375 0.11796875
0 0.278125 0.52421875 0.06640625 0.17265625
0 0.30390625 0.5171875 0.04453125 0.2234375
0 0.340625 0.534375 0.06015625 0.278125
0 0.38359375 0.528125 0.06640625 0.23359375
0 0.42421875 0.49296875 0.04609375 0.19453125
0 0.45078125 0.4921875 0.0390625 0.13984375
0 0.475 0.4859375 0.03828125 0.1484375
0 0.49921875 0.5046875 0.04609375 0.1828125
0 0.5296875 0.51484375 0.04453125 0.16640625
0 0.55546875 0.47578125 0.03828125 0.14375
0 0.571875 0.59765625 0.04609375 0.31875
0 0.615625 0.5171875 0.06171875 0.20703125
0 0.65546875 0.6234375 0.05546875 0.3546875
0 0.728125 0.57890625 0.04609375 0.29375
0 0.76953125 0.5078125 0.05234375 0.18046875
0 0.81875 0.55078125 0.0578125 0.29375
0 0.87734375 0.625 0.07265625 0.4140625
0 0.934375 0.59765625 0.0875 0.496875
0 0.8984375 0.42265625 0.04921875 0.1359375
0 0.86796875 0.4359375 0.06015625 0.10546875
0 0.8140625 0.4359375 0.0734375 0.12578125
0 0.68984375 0.465625 0.04921875 0.14375
0 0.7296875 0.4359375 0.0640625 0.13359375
0 0.66328125 0.42890625 0.02734375 0.0875
0 0.64453125 0.4390625 0.04609375 0.13203125
0 0.6 0.43203125 0.0296875 0.09765625
0 0.7484375 0.4375 0.03125 0.1234375
0 0.58046875 0.4109375 0.034375 0.0828125
0 0.54140625 0.42578125 0.021875 0.0890625
0 0.50546875 0.4125 0.02421875 0.0546875
0 0.46875 0.41171875 0.0484375 0.11796875
0 0.40546875 0.41953125 0.03359375 0.10546875
0 0.41875 0.384375 0.0203125 0.046875
0 0.36875 0.42109375 0.0296875 0.0953125
0 0.325 0.4328125 0.02421875 0.05859375
0 0.28828125 0.43515625 0.0171875 0.0546875
0 0.25859375 0.44453125 0.0421875 0.08515625
0 0.24375 0.41796875 0.04921875 0.0890625
0 0.19140625 0.45234375 0.0296875 0.0890625
0 0.13359375 0.49296875 0.03984375 0.12578125
0 0.09765625 0.503125 0.0609375 0.109375
0 0.07421875 0.58125 0.04140625 0.346875
0 0.271875 0.4109375 0.028125 0.075
0 0.30546875 0.3921875 0.03046875 0.05859375
0 0.33203125 0.3921875 0.028125 0.05859375
0 0.35078125 0.4140625 0.0359375 0.08125
0 0.371875 0.384375 0.0296875 0.07109375
0 0.39921875 0.36640625 0.03359375 0.09921875
0 0.44375 0.38828125 0.0390625 0.1359375
0 0.50703125 0.3796875 0.0296875 0.08515625
0 0.52421875 0.4015625 0.025 0.07734375
0 0.52578125 0.36640625 0.0265625 0.07890625
0 0.47734375 0.3703125 0.04140625 0.11953125
0 0.5140625 0.34296875 0.05390625 0.07265625
0 0.5609375 0.3875 0.0296875 0.0890625
0 0.58828125 0.3609375 0.025 0.06875
0 0.60390625 0.3796875 0.034375 0.07734375
0 0.63359375 0.39140625 0.04453125 0.09765625
0 0.6703125 0.38828125 0.0328125 0.09921875
0 0.64453125 0.35390625 0.0234375 0.07890625
0 0.7015625 0.38203125 0.03046875 0.09140625
0 0.68828125 0.359375 0.0296875 0.08125
0 0.74765625 0.38125 0.04609375 0.0890625
0 0.784375 0.39140625 0.034375 0.11796875
0 0.8390625 0.4046875 0.05859375 0.18828125
0 0.89609375 0.3578125 0.0484375 0.1078125
0 0.86015625 0.33984375 0.04140625 0.1078125
0 0.79296875 0.34140625 0.02734375 0.09140625
0 0.7609375 0.371875 0.03359375 0.11171875
0 0.74453125 0.32890625 0.02109375 0.06875
0 0.81875 0.35 0.021875 0.0671875
0 0.840625 0.2984375 0.021875 0.07265625
0 0.84140625 0.28359375 0.06171875 0.10546875
0 0.80546875 0.32578125 0.03125 0.115625
0 0.784375 0.28984375 0.0265625 0.08125
0 0.775 0.275 0.0203125 0.0625
0 0.753125 0.30859375 0.05546875 0.10546875
0 0.721875 0.2796875 0.0359375 0.1015625
0 0.703125 0.303125 0.04609375 0.14375
0 0.6796875 0.3390625 0.0296875 0.10546875
0 0.66796875 0.3 0.04140625 0.1421875
0 0.5796875 0.32421875 0.0359375 0.1015625
0 0.54140625 0.321875 0.06640625 0.1234375
0 0.50234375 0.31875 0.0359375 0.07265625
0 0.46171875 0.3390625 0.03359375 0.08125
0 0.425 0.340625 0.02421875 0.07265625
0 0.41171875 0.3328125 0.01484375 0.053125
0 0.3765625 0.34453125 0.0421875 0.08125
0 0.34140625 0.33984375 0.04609375 0.0828125
0 0.3796875 0.31640625 0.03984375 0.08515625
0 0.340625 0.3015625 0.034375 0.0828125
0 0.34453125 0.3640625 0.02421875 0.07109375
0 0.3296875 0.38046875 0.034375 0.075
0 0.30703125 0.375 0.034375 0.07265625
0 0.85234375 0.5046875 0.028125 0.178125
0 0.63125 0.30703125 0.0296875 0.0625
0 0.0796875 0.18046875 0.1515625 0.3609375
0 0.9859375 0.31328125 0.0234375 0.0625
0 0.928125 0.31953125 0.03046875 0.07109375
0 0.50078125 0.6734375 0.04765625 0.109375
0 0.2765625 0.3515625 0.028125 0.05078125