0 0.053125 0.41953125 0.06796875 0.125
0 0.10859375 0.40390625 0.0515625 0.1453125
0 0.05546875 0.46953125 0.096875 0.13671875
0 0.13125 0.46015625 0.08125 0.1359375
0 0.17109375 0.44765625 0.0484375 0.15390625
0 0.2078125 0.51328125 0.07265625 0.26875
0 0.27734375 0.509375 0.08515625 0.25546875
0 0.321875 0.47578125 0.05859375 0.23984375
0 0.37734375 0.459375 0.0703125 0.2140625
0 0.4171875 0.43046875 0.05078125 0.13828125
0 0.43828125 0.37265625 0.025 0.12421875
0 0.45234375 0.4328125 0.03828125 0.1328125
0 0.4890625 0.35 0.03515625 0.09375
0 0.5 0.4234375 0.034375 0.11484375
0 0.5484375 0.40703125 0.05859375 0.128125
0 0.60546875 0.40078125 0.06171875 0.13359375
0 0.94375 0.540625 0.11171875 0.5453125
0 0.86171875 0.53203125 0.0796875 0.46796875
0 0.81796875 0.56640625 0.11640625 0.4796875
0 0.73984375 0.5 0.090625 0.25859375
0 0.665625 0.4828125 0.075 0.2578125
0 0.76484375 0.68515625 0.10859375 0.321875
0 0.6796875 0.67265625 0.0796875 0.309375
0 0.60234375 0.5 0.0875 0.221875
0 0.6046875 0.66875 0.1046875 0.33515625
0 0.534375 0.503125 0.0671875 0.19140625
0 0.4734375 0.50390625 0.06875 0.17109375
0 0.521875 0.66953125 0.08125 0.35390625
0 0.41328125 0.5140625 0.05859375 0.15390625
0 0.4546875 0.66875 0.08125 0.34453125
0 0.3828125 0.671875 0.08515625 0.35625
0 0.315625 0.6859375 0.08984375 0.36328125
0 0.2453125 0.7265625 0.13984375 0.36953125
0 0.1296875 0.41015625 0.0703125 0.0953125
0 0.18046875 0.39296875 0.04609375 0.0890625
0 0.221875 0.39765625 0.071875 0.1453125
0 0.2484375 0.37734375 0.02734375 0.0921875
0 0.271875 0.45390625 0.06796875 0.203125
0 0.3046875 0.3828125 0.0359375 0.11875
0 0.3546875 0.375 0.04765625 0.1265625
0 0.4046875 0.37265625 0.034375 0.1
0 0.46328125 0.38125 0.0609375 0.10625
0 0.521875 0.3796875 0.0328125 0.0828125
0 0.521875 0.3765625 0.0328125 0.0765625
0 0.57734375 0.3421875 0.034375 0.10859375
0 0.615625 0.3546875 0.03125 0.0875
0 0.66796875 0.36796875 0.03828125 0.1
0 0.6984375 0.36796875 0.0359375 0.11171875
0 0.709375 0.37890625 0.03671875 0.0828125
0 0.76796875 0.38828125 0.046875 0.140625
0 0.82265625 0.528125 0.0375 0.4109375