0 0.06796875 0.67734375 0.1359375 0.5328125
0 0.090625 0.54140625 0.13828125 0.196875
0 0.19609375 0.56171875 0.09609375 0.28046875
0 0.07578125 0.803125 0.096875 0.33828125
0 0.14765625 0.809375 0.10703125 0.38125
0 0.23984375 0.771875 0.096875 0.3875
0 0.31875 0.78046875 0.103125 0.40078125
0 0.27890625 0.5546875 0.0796875 0.24375
0 0.31484375 0.46171875 0.046875 0.1390625
0 0.334375 0.58046875 0.07109375 0.2140625
0 0.3703125 0.57734375 0.04296875 0.22890625
0 0.409375 0.578125 0.0640625 0.2140625
0 0.425 0.49140625 0.04140625 0.11796875
0 0.40078125 0.78671875 0.0984375 0.39609375
0 0.4859375 0.79453125 0.1 0.38984375
0 0.56953125 0.8078125 0.1046875 0.384375
0 0.67421875 0.8265625 0.1140625 0.346875
0 0.7984375 0.840625 0.12578125 0.31875
0 0.475 0.56953125 0.084375 0.22734375
0 0.465625 0.48046875 0.04609375 0.1265625
0 0.50859375 0.471875 0.0375 0.06171875
0 0.53984375 0.60078125 0.103125 0.28046875
0 0.5890625 0.54921875 0.053125 0.15234375
0 0.64375 0.5890625 0.11875 0.29140625
0 0.68984375 0.5953125 0.05703125 0.23515625
0 0.67890625 0.47109375 0.05390625 0.103125
0 0.71015625 0.5125 0.04296875 0.10078125
0 0.734375 0.69453125 0.0515625 0.4390625
0 0.746875 0.4671875 0.03125 0.05546875
0 0.76796875 0.509375 0.0328125 0.0984375
0 0.79453125 0.61640625 0.09140625 0.30390625
0 0.815625 0.47890625 0.04296875 0.1265625
0 0.85 0.6734375 0.0796875 0.46875
0 0.84375 0.6625 0.0640625 0.3578125
0 0.90625 0.74375 0.09609375 0.46484375
0 0.94375 0.7 0.09609375 0.48828125
0 0.57421875 0.4875 0.0171875 0.0453125
0 0.52421875 0.49765625 0.0140625 0.04921875
0 0.23515625 0.50078125 0.02734375 0.0296875