0 0.0375 0.665625 0.07421875 0.5609375
0 0.0328125 0.37265625 0.04375 0.23125
0 0.075 0.3890625 0.084375 0.184375
0 0.09140625 0.3296875 0.0359375 0.103125
0 0.12109375 0.396875 0.0328125 0.1171875
0 0.1359375 0.36328125 0.03125 0.1484375
0 0.146875 0.28359375 0.0328125 0.07265625
0 0.1640625 0.34609375 0.0609375 0.1140625
0 0.17109375 0.4234375 0.06640625 0.18046875
0 0.18203125 0.309375 0.0265625 0.07578125
0 0.225 0.3 0.05546875 0.159375
0 0.2625 0.46953125 0.15 0.22578125
0 0.2828125 0.33125 0.1015625 0.14453125
0 0.28203125 0.28203125 0.034375 0.08671875
0 0.3203125 0.2921875 0.02734375 0.05625
0 0.365625 0.45390625 0.0828125 0.31796875
0 0.346875 0.30859375 0.03046875 0.15703125
0 0.39375 0.43828125 0.0859375 0.42890625
0 0.4140625 0.42109375 0.0625 0.365625
0 0.45546875 0.43125 0.05390625 0.403125
0 0.490625 0.30703125 0.075 0.1515625
0 0.61953125 0.31796875 0.05546875 0.1703125
0 0.7328125 0.51328125 0.1015625 0.51328125
0 0.81796875 0.53984375 0.11796875 0.5734375
0 0.93046875 0.61640625 0.1375 0.76328125
0 0.50625 0.63046875 0.3484375 0.7359375
0 0.0203125 0.29765625 0.0171875 0.08515625
0 0.08671875 0.2890625 0.059375 0.07578125
0 0.2625 0.26015625 0.03828125 0.06875
0 0.42265625 0.296875 0.0234375 0.06171875
0 0.490625 0.25625 0.0125 0.0484375
0 0.96640625 0.35234375 0.04765625 0.1375
0 0.72109375 0.26015625 0.0421875 0.0578125