0 0.1015625 0.62578125 0.1671875 0.33984375
0 0.1671875 0.51875 0.0546875 0.1828125
0 0.21171875 0.62109375 0.1359375 0.21015625
0 0.22265625 0.5203125 0.08515625 0.1890625
0 0.29453125 0.609375 0.1171875 0.25703125
0 0.265625 0.46953125 0.0484375 0.12109375
0 0.328125 0.49921875 0.0453125 0.12578125
0 0.3859375 0.55625 0.090625 0.27734375
0 0.4671875 0.6078125 0.11015625 0.221875
0 0.5484375 0.609375 0.1046875 0.246875
0 0.65625 0.61484375 0.175 0.22734375
0 0.72734375 0.571875 0.08515625 0.28515625
0 0.7765625 0.58046875 0.0546875 0.27265625
0 0.8328125 0.59375 0.0890625 0.31171875
0 0.9234375 0.62578125 0.146875 0.309375
0 0.03359375 0.54609375 0.0671875 0.33203125
0 0.07578125 0.4640625 0.065625 0.2
0 0.115625 0.43671875 0.0484375 0.10703125
0 0.16171875 0.4328125 0.0609375 0.11875
0 0.20703125 0.43359375 0.04765625 0.1828125
0 0.26953125 0.421875 0.11328125 0.17109375
0 0.29609375 0.434375 0.05625 0.1296875
0 0.36171875 0.428125 0.06875 0.16484375
0 0.4296875 0.4234375 0.06796875 0.18671875
0 0.45703125 0.51953125 0.09375 0.18671875
0 0.5171875 0.503125 0.05234375 0.1921875
0 0.56484375 0.4921875 0.06171875 0.10703125
0 0.6265625 0.47578125 0.05625 0.11796875
0 0.65234375 0.58984375 0.08828125 0.24609375
0 0.6953125 0.50078125 0.05234375 0.18515625
0 0.7671875 0.45546875 0.0578125 0.109375
0 0.825 0.43828125 0.08125 0.1671875
0 0.8859375 0.475 0.0859375 0.15234375
0 0.0609375 0.3640625 0.07421875 0.14609375
0 0.11171875 0.365625 0.04296875 0.1671875
0 0.15546875 0.3671875 0.053125 0.11015625
0 0.20390625 0.34921875 0.05390625 0.078125
0 0.26171875 0.35 0.0390625 0.10625
0 0.3234375 0.37734375 0.04140625 0.1296875
0 0.38671875 0.37109375 0.04765625 0.1203125
0 0.4734375 0.38671875 0.03359375 0.11171875
0 0.5078125 0.403125 0.06953125 0.1328125
0 0.54453125 0.39609375 0.04140625 0.10390625
0 0.56875 0.421875 0.0609375 0.15703125
0 0.62265625 0.41875 0.0765625 0.18203125
0 0.67265625 0.4484375 0.034375 0.090625
0 0.68359375 0.41328125 0.05625 0.121875
0 0.734375 0.41328125 0.0453125 0.121875
0 0.903125 0.41953125 0.0828125 0.2453125
0 0.059375 0.2765625 0.096875 0.2171875
0 0.028125 0.22578125 0.05546875 0.17109375
0 0.11171875 0.24921875 0.06015625 0.14921875
0 0.1671875 0.2953125 0.07421875 0.15703125
0 0.1578125 0.24140625 0.0546875 0.090625
0 0.1328125 0.22578125 0.0265625 0.06796875
0 0.1796875 0.21875 0.04765625 0.1203125
0 0.2171875 0.3 0.0546875 0.171875
0 0.2 0.2 0.03046875 0.07578125
0 0.240625 0.26484375 0.040625 0.14609375
0 0.2625 0.240625 0.03046875 0.0828125
0 0.2796875 0.28359375 0.0546875 0.13515625
0 0.3109375 0.31484375 0.07734375 0.14375
0 0.3640625 0.31953125 0.0515625 0.1171875
0 0.33125 0.259375 0.05703125 0.10703125
0 0.3546875 0.22578125 0.0265625 0.1046875
0 0.3703125 0.25234375 0.02890625 0.06171875
0 0.39296875 0.26484375 0.0390625 0.09921875
0 0.42421875 0.315625 0.078125 0.17890625
0 0.4109375 0.21875 0.0296875 0.04765625
0 0.45078125 0.25234375 0.03046875 0.10078125
0 0.4765625 0.309375 0.04921875 0.125
0 0.51015625 0.26953125 0.059375 0.08515625
0 0.5203125 0.30625 0.0578125 0.1140625
0 0.54296875 0.27265625 0.0375 0.09765625
0 0.5640625 0.259375 0.03046875 0.07578125
0 0.55859375 0.30703125 0.0375 0.09375
0 0.58125 0.3328125 0.06328125 0.14296875
0 0.59921875 0.24375 0.02734375 0.04765625
0 0.6109375 0.29375 0.0359375 0.0859375
0 0.6421875 0.33984375 0.0484375 0.15
0 0.63203125 0.2578125 0.0265625 0.04609375
0 0.66015625 0.26875 0.034375 0.09375
0 0.66015625 0.30390625 0.034375 0.07421875
0 0.6734375 0.29765625 0.0140625 0.046875
0 0.68359375 0.3375 0.04296875 0.153125
0 0.70390625 0.259375 0.025 0.05390625
0 0.71640625 0.35859375 0.0484375 0.16328125
0 0.74375 0.32734375 0.0453125 0.090625
0 0.753125 0.2828125 0.0328125 0.1
0 0.73515625 0.259375 0.03203125 0.0921875
0 0.77890625 0.36484375 0.05859375 0.21328125
0 0.79296875 0.27421875 0.02890625 0.09921875
0 0.8109375 0.315625 0.0484375 0.1140625
0 0.853125 0.34375 0.06328125 0.159375
0 0.8390625 0.27421875 0.03515625 0.09921875
0 0.8546875 0.259375 0.0203125 0.040625
0 0.8828125 0.27421875 0.05078125 0.10390625
0 0.91796875 0.3078125 0.04921875 0.14375
0 0.94765625 0.33359375 0.04921875 0.14921875
0 0.96875 0.51015625 0.06171875 0.45078125