0 0.0265625 0.653125 0.05234375 0.209375
0 0.12734375 0.665625 0.1078125 0.240625
0 0.1875 0.6578125 0.09453125 0.209375
0 0.1515625 0.62421875 0.03828125 0.14296875
0 0.23359375 0.62734375 0.07578125 0.1859375
0 0.3296875 0.6703125 0.059375 0.20390625
0 0.27734375 0.64921875 0.05625 0.19609375
0 0.31953125 0.565625 0.04140625 0.0671875
0 0.3609375 0.62734375 0.04765625 0.16953125
0 0.35703125 0.69453125 0.03984375 0.13125
0 0.284375 0.56796875 0.0359375 0.04375
0 0.43203125 0.69765625 0.05546875 0.31484375
0 0.52265625 0.71953125 0.12578125 0.3359375
0 0.48828125 0.7375 0.184375 0.3859375
0 0.55625 0.63203125 0.05390625 0.1625
0 0.6 0.634375 0.04296875 0.15625
0 0.634375 0.66328125 0.09765625 0.2265625
0 0.68671875 0.6390625 0.0421875 0.16875
0 0.6484375 0.5640625 0.0328125 0.04453125
0 0.815625 0.6359375 0.07421875 0.18671875
0 0.91796875 0.63671875 0.05546875 0.17890625
0 0.95390625 0.653125 0.08125 0.23125
0 0.5078125 0.5859375 0.034375 0.0546875
0 0.9890625 0.63984375 0.021875 0.16328125
0 0.29921875 0.928125 0.175 0.1359375
0 0.8171875 0.9265625 0.284375 0.1359375
0 0.4640625 0.5546875 0.02109375 0.021875
0 0.57578125 0.7375 0.1015625 0.065625
0 0.81640625 0.76953125 0.2390625 0.1234375
0 0.98984375 0.7515625 0.01796875 0.02578125
0 0.96796875 0.8203125 0.06328125 0.06875
0 0.1203125 0.84375 0.06171875 0.1125