0 0.1484375 0.6046875 0.01796875 0.0359375
0 0.1796875 0.603125 0.021875 0.0296875
0 0.2203125 0.60234375 0.021875 0.0171875
0 0.31796875 0.58515625 0.01484375 0.0234375
0 0.32734375 0.590625 0.0203125 0.03125
0 0.32265625 0.596875 0.021875 0.03984375
0 0.37578125 0.58671875 0.015625 0.03046875
0 0.47265625 0.58125 0.0171875 0.03046875
0 0.49609375 0.571875 0.01015625 0.0046875
0 0.50078125 0.571875 0.00859375 0.0046875
0 0.525 0.56953125 0.01484375 0.015625
0 0.53046875 0.57265625 0.0078125 0.00859375
0 0.58125 0.5734375 0.01484375 0.0234375
0 0.61328125 0.56640625 0.01015625 0.021875
0 0.6078125 0.56875 0.0140625 0.015625
0 0.68203125 0.56171875 0.009375 0.015625
0 0.29140625 0.71015625 0.0453125 0.07734375
0 0.509375 0.7078125 0.0484375 0.0859375
0 0.6859375 0.703125 0.034375 0.071875
0 0.71015625 0.7 0.03515625 0.07265625
0 0.8921875 0.6359375 0.02734375 0.02890625
0 0.92421875 0.64140625 0.03125 0.0296875
0 0.91015625 0.6140625 0.01875 0.0171875
0 0.9 0.6140625 0.00859375 0.00859375
0 0.90625 0.63046875 0.02734375 0.04140625
0 0.96015625 0.62265625 0.03125 0.034375
0 0.98828125 0.646875 0.02109375 0.05625
0 0.89765625 0.67890625 0.04296875 0.075
0 0.9484375 0.72421875 0.06484375 0.10234375
0 0.990625 0.71875 0.01875 0.05
0 0.790625 0.74140625 0.04375 0.09375
0 0.22265625 0.97421875 0.08671875 0.0515625
0 0.375 0.9203125 0.109375 0.1578125
0 0.43828125 0.90234375 0.08046875 0.190625
0 0.40234375 0.825 0.0640625 0.0734375
0 0.478125 0.8453125 0.0359375 0.13359375
0 0.4515625 0.8296875 0.075 0.0921875
0 0.61484375 0.81875 0.04921875 0.134375
0 0.58671875 0.81796875 0.06875 0.10234375
0 0.56015625 0.90234375 0.08828125 0.18125
0 0.72265625 0.77421875 0.0890625 0.05234375
0 0.69921875 0.7984375 0.046875 0.04609375
0 0.78515625 0.796875 0.04921875 0.05
0 0.73984375 0.80078125 0.03046875 0.0265625
0 0.65859375 0.86328125 0.0640625 0.146875
0 0.71484375 0.878125 0.0859375 0.159375
0 0.79296875 0.88125 0.07421875 0.1625
0 0.83828125 0.82109375 0.059375 0.11796875
0 0.87890625 0.84765625 0.06328125 0.1390625
0 0.94140625 0.8046875 0.05625 0.09296875
0 0.97890625 0.81953125 0.0421875 0.0609375
0 0.96796875 0.90859375 0.06328125 0.18125
0 0.9828125 0.9390625 0.0328125 0.1203125
0 0.91875 0.87109375 0.07734375 0.16171875
0 0.53359375 0.5671875 0.01015625 0.0109375
0 0.30859375 0.59140625 0.0078125 0.028125
0 0.43828125 0.575 0.04140625 0.009375
0 0.55390625 0.56953125 0.02109375 0.0125
0 0.653125 0.5625 0.03671875 0.02265625
0 0.7734375 0.55859375 0.065625 0.02421875
0 0.96953125 0.54609375 0.05390625 0.03203125
0 0.9859375 0.62421875 0.028125 0.0453125
0 0.51015625 0.56875 0.009375 0.0109375
0 0.98515625 0.76015625 0.0296875 0.053125
0 0.9453125 0.37109375 0.034375 0.03046875
0 0.8765625 0.54609375 0.1359375 0.028125
0 0.24375 0.7578125 0.03515625 0.0359375
0 0.31328125 0.67578125 0.0328125 0.02421875
0 0.62578125 0.665625 0.028125 0.0171875
0 0.42734375 0.653125 0.03359375 0.01640625