0 0.11953125 0.57265625 0.07734375 0.29453125
0 0.1234375 0.4578125 0.0578125 0.10546875
0 0.146875 0.4421875 0.03203125 0.08984375
0 0.1671875 0.4140625 0.03203125 0.0859375
0 0.18046875 0.5546875 0.06328125 0.265625
0 0.21640625 0.41796875 0.05390625 0.08046875
0 0.2234375 0.5328125 0.06953125 0.25625
0 0.26015625 0.48828125 0.03984375 0.15390625
0 0.27578125 0.525 0.059375 0.24765625
0 0.3109375 0.45078125 0.04296875 0.13046875
0 0.32265625 0.440625 0.028125 0.0953125
0 0.3078125 0.5875 0.05859375 0.16796875
0 0.31171875 0.546875 0.0703125 0.13046875
0 0.34609375 0.46640625 0.0421875 0.14296875
0 0.37265625 0.57265625 0.04609375 0.0859375
0 0.3921875 0.5609375 0.0328125 0.0703125
0 0.3796875 0.56875 0.0765625 0.1546875
0 0.403125 0.53046875 0.03515625 0.13671875
0 0.38671875 0.4375 0.0484375 0.1171875
0 0.415625 0.50703125 0.05546875 0.225
0 0.43984375 0.53828125 0.04375 0.1703125
0 0.434375 0.40234375 0.03046875 0.0703125
0 0.45546875 0.4328125 0.0421875 0.0921875
0 0.45625 0.5296875 0.02734375 0.1703125
0 0.4765625 0.40703125 0.03125 0.053125
0 0.4828125 0.43515625 0.02421875 0.06484375
0 0.48515625 0.5265625 0.04609375 0.196875
0 0.49609375 0.44296875 0.05078125 0.07578125
0 0.528125 0.428125 0.04765625 0.09140625
0 0.52421875 0.5234375 0.05 0.20546875
0 0.596875 0.49375 0.05546875 0.22890625
0 0.590625 0.55390625 0.04609375 0.1421875
0 0.634375 0.421875 0.0296875 0.08359375
0 0.6421875 0.515625 0.0453125 0.20859375
0 0.64140625 0.5234375 0.0484375 0.22109375
0 0.6828125 0.44609375 0.0578125 0.11328125
0 0.69140625 0.515625 0.06640625 0.24453125
0 0.72578125 0.41328125 0.0328125 0.07421875
0 0.7375 0.4359375 0.03984375 0.0625
0 0.7359375 0.54453125 0.0421875 0.20546875
0 0.784375 0.45390625 0.0546875 0.1578125
0 0.778125 0.53046875 0.0609375 0.228125
0 0.771875 0.5453125 0.0515625 0.22109375
0 0.821875 0.52890625 0.04609375 0.26015625
0 0.83125 0.5359375 0.053125 0.24375
0 0.88203125 0.64375 0.15234375 0.42578125
0 0.8734375 0.44921875 0.0578125 0.125
0 0.92734375 0.42421875 0.03203125 0.05703125
0 0.94453125 0.5984375 0.06953125 0.459375
0 0.37265625 0.48671875 0.03046875 0.03125
0 0.575 0.425 0.0390625 0.0640625
0 0.9 0.4359375 0.04609375 0.0609375