0 0.06796875 0.1546875 0.0390625 0.23046875
0 0.1 0.31953125 0.0796875 0.23046875
0 0.07265625 0.725 0.125 0.33828125
0 0.065625 0.7109375 0.1234375 0.30625
0 0.25703125 0.3421875 0.0765625 0.215625
0 0.27734375 0.2921875 0.03515625 0.16796875
0 0.36640625 0.34765625 0.0578125 0.24921875
0 0.28671875 0.40078125 0.11640625 0.271875
0 0.2953125 0.7421875 0.1015625 0.3078125
0 0.31328125 0.69453125 0.06640625 0.334375
0 0.3171875 0.6125 0.0515625 0.2875
0 0.3703125 0.6671875 0.09375 0.30234375
0 0.5046875 0.33828125 0.09375 0.23828125
0 0.5359375 0.32421875 0.08984375 0.25546875
0 0.60390625 0.35859375 0.0796875 0.26640625
0 0.65 0.3234375 0.08515625 0.2421875
0 0.7171875 0.325 0.0828125 0.23828125
0 0.72578125 0.296875 0.0859375 0.26875
0 0.61875 0.65625 0.1078125 0.29453125
0 0.67578125 0.6171875 0.06640625 0.3078125
0 0.9515625 0.63671875 0.09375 0.3328125
0 0.903125 0.61171875 0.09609375 0.296875
0 0.72578125 0.0671875 0.0515625 0.134375
0 0.728125 0.16953125 0.05390625 0.13828125
0 0.76796875 0.284375 0.04609375 0.21015625
0 0.7984375 0.265625 0.04765625 0.2328125
0 0.75 0.1359375 0.0296875 0.12109375
0 0.78828125 0.14296875 0.04375 0.12265625
0 0.8578125 0.08046875 0.0328125 0.06640625
0 0.87109375 0.17578125 0.0453125 0.1359375
0 0.8453125 0.27578125 0.04765625 0.2078125
0 0.85234375 0.2640625 0.05 0.2359375
0 0.88203125 0.37421875 0.09140625 0.2609375
0 0.9171875 0.35546875 0.04140625 0.2421875
0 0.925 0.34296875 0.02734375 0.20625
0 0.9109375 0.246875 0.05625 0.1265625
0 0.96640625 0.2921875 0.06484375 0.24375
0 0.9765625 0.21640625 0.04140625 0.09609375