0 0.0109375 0.61484375 0.021875 0.315625
0 0.0671875 0.62421875 0.096875 0.45546875
0 0.07421875 0.66796875 0.07578125 0.46484375
0 0.10625 0.5984375 0.06875 0.3734375
0 0.14609375 0.47734375 0.04296875 0.09609375
0 0.16640625 0.665625 0.08125 0.42890625
0 0.253125 0.659375 0.08125 0.4015625
0 0.284375 0.66015625 0.0375 0.346875
0 0.35390625 0.65 0.096875 0.3671875
0 0.37421875 0.6375 0.05234375 0.3328125
0 0.40703125 0.64296875 0.065625 0.359375
0 0.44453125 0.50625 0.03671875 0.0546875
0 0.47265625 0.66015625 0.07578125 0.359375
0 0.51328125 0.6421875 0.05546875 0.3296875
0 0.54296875 0.62421875 0.06171875 0.315625
0 0.58515625 0.62890625 0.03515625 0.259375
0 0.6078125 0.6453125 0.06171875 0.3265625
0 0.65859375 0.52734375 0.040625 0.078125
0 0.6578125 0.65390625 0.06171875 0.275
0 0.69609375 0.6046875 0.05 0.21796875
0 0.740625 0.61171875 0.05 0.22578125
0 0.7328125 0.6671875 0.06796875 0.3640625
0 0.80859375 0.61875 0.06640625 0.2515625
0 0.846875 0.6234375 0.075 0.3078125
0 0.91484375 0.64453125 0.059375 0.315625
0 0.49140625 0.51484375 0.03671875 0.13359375
0 0.4453125 0.50390625 0.034375 0.053125
0 0.43046875 0.50546875 0.02265625 0.05
0 0.23359375 0.49296875 0.02890625 0.059375
0 0.18984375 0.45234375 0.02421875 0.034375
0 0.1734375 0.64375 0.06796875 0.3734375
0 0.2 0.609375 0.05 0.3078125
0 0.0453125 0.4578125 0.01796875 0.0203125
0 0.29140625 0.47421875 0.02578125 0.040625
0 0.35234375 0.7421875 0.03828125 0.11796875
0 0.30859375 0.63359375 0.02578125 0.2875
0 0.36328125 0.48828125 0.04296875 0.071875
0 0.534375 0.7171875 0.01484375 0.078125
0 0.2171875 0.67421875 0.02421875 0.11328125
0 0.284375 0.76484375 0.01015625 0.028125
0 0.40625 0.765625 0.0125 0.0171875
0 0.02109375 0.46171875 0.02265625 0.05