0 0.76875 0.63671875 0.21015625 0.725
0 0.64296875 0.6515625 0.13671875 0.66015625
0 0.47265625 0.62421875 0.15859375 0.67578125
0 0.36796875 0.6078125 0.165625 0.60859375
0 0.23828125 0.60859375 0.17578125 0.56875
0 0.053125 0.64296875 0.10546875 0.659375
0 0.1078125 0.58046875 0.11875 0.4640625
0 0.140625 0.5390625 0.084375 0.32890625
0 0.1953125 0.54140625 0.08515625 0.34296875
0 0.1734375 0.52890625 0.059375 0.28984375
0 0.32109375 0.44375 0.0328125 0.10703125
0 0.41953125 0.58203125 0.06875 0.48828125
0 0.5484375 0.55 0.08828125 0.42578125
0 0.58203125 0.62265625 0.0703125 0.496875
0 0.89765625 0.54375 0.1140625 0.40625
0 0.96328125 0.5671875 0.071875 0.45078125
0 0.96640625 0.3984375 0.04453125 0.11171875
0 0.946875 0.496875 0.04453125 0.30703125
0 0.846875 0.39296875 0.0359375 0.0640625
0 0.8296875 0.378125 0.028125 0.06171875
0 0.8609375 0.40234375 0.01640625 0.03046875
0 0.684375 0.4125 0.0359375 0.06796875
0 0.665625 0.4015625 0.0265625 0.06796875
0 0.56953125 0.3890625 0.01875 0.028125
0 0.575 0.46640625 0.06171875 0.271875
0 0.503125 0.37578125 0.0453125 0.0734375
0 0.39921875 0.36640625 0.02421875 0.05703125
0 0.2015625 0.4046875 0.02109375 0.04296875
0 0.8265625 0.54140625 0.10859375 0.47421875
0 0.90390625 0.51171875 0.08828125 0.340625
0 0.2875 0.390625 0.04453125 0.0484375
0 0.25859375 0.7015625 0.14375 0.215625
0 0.04921875 0.75703125 0.0984375 0.4859375
0 0.03203125 0.38125 0.02421875 0.034375
0 0.5078125 0.38671875 0.02265625 0.03515625
0 0.846875 0.3890625 0.0625 0.06953125
0 0.54609375 0.69296875 0.08828125 0.13203125
0 0.97109375 0.60703125 0.05703125 0.34140625
0 0.94609375 0.38203125 0.053125 0.04140625
0 0.56640625 0.38515625 0.01953125 0.02578125
0 0.70859375 0.3984375 0.02109375 0.03046875
0 0.34375 0.40703125 0.01640625 0.01484375