0 0.890625 0.91171875 0.021875 0.08515625
0 0.89609375 0.91171875 0.0234375 0.075
0 0.81328125 0.92734375 0.015625 0.04765625
0 0.8296875 0.9078125 0.02578125 0.06796875
0 0.83203125 0.8953125 0.01015625 0.0265625
0 0.77890625 0.90859375 0.02890625 0.078125
0 0.74375 0.88984375 0.0203125 0.02734375
0 0.72265625 0.89375 0.0140625 0.01875
0 0.52890625 0.9046875 0.01953125 0.0625
0 0.2921875 0.8890625 0.01640625 0.05625
0 0.27109375 0.88828125 0.02734375 0.05234375
0 0.99375 0.896875 0.0125 0.034375