0 0.06953125 0.73515625 0.1390625 0.484375
0 0.19453125 0.703125 0.16796875 0.49765625
0 0.3328125 0.63515625 0.19375 0.49296875
0 0.3171875 0.728125 0.1703125 0.4203125
0 0.35859375 0.58359375 0.18828125 0.446875
0 0.48203125 0.69140625 0.15078125 0.521875
0 0.5015625 0.42890625 0.11640625 0.15
0 0.5109375 0.6328125 0.13359375 0.44921875
0 0.48125 0.690625 0.14140625 0.5140625
0 0.61796875 0.678125 0.1421875 0.49921875
0 0.6390625 0.62265625 0.153125 0.48203125
0 0.63984375 0.39765625 0.13203125 0.14375
0 0.74921875 0.61328125 0.1875 0.496875
0 0.74609375 0.6734375 0.13984375 0.49296875
0 0.79453125 0.43515625 0.09140625 0.1671875
0 0.85546875 0.67890625 0.12734375 0.49921875
0 0.91953125 0.640625 0.13984375 0.43828125
0 0.946875 0.5921875 0.10625 0.43828125
0 0.5234375 0.86171875 0.95 0.275