0 0.8921875 0.621875 0.02578125 0.18671875
0 0.82734375 0.5890625 0.04453125 0.0921875
0 0.81171875 0.615625 0.03203125 0.1234375
0 0.79453125 0.58671875 0.04609375 0.0921875
0 0.76875 0.59296875 0.0625 0.08828125
0 0.72421875 0.58828125 0.04296875 0.08984375
0 0.68984375 0.59296875 0.05 0.08359375
0 0.6484375 0.5859375 0.03203125 0.0984375
0 0.63359375 0.5921875 0.05625 0.08203125
0 0.60859375 0.58046875 0.03359375 0.109375
0 0.6109375 0.58046875 0.02734375 0.1046875
0 0.5828125 0.5859375 0.05 0.0984375
0 0.54140625 0.5953125 0.04609375 0.0796875
0 0.51953125 0.5734375 0.0515625 0.06484375
0 0.48671875 0.59609375 0.0625 0.10703125
0 0.44296875 0.58828125 0.04453125 0.08984375
0 0.4359375 0.55 0.02734375 0.03984375
0 0.415625 0.54375 0.04453125 0.06953125
0 0.3375 0.5609375 0.04453125 0.0984375
0 0.28515625 0.53984375 0.02421875 0.02734375
0 0.2484375 0.58046875 0.0578125 0.11328125
0 0.22421875 0.56796875 0.0546875 0.1296875
0 0.190625 0.6296875 0.0546875 0.2453125
0 0.04609375 0.65078125 0.0609375 0.2328125
0 0.015625 0.65234375 0.03125 0.2203125
0 0.0390625 0.64453125 0.04453125 0.24140625
0 0.05 0.5359375 0.02109375 0.0359375
0 0.0953125 0.6359375 0.0625 0.26640625
0 0.10859375 0.5390625 0.0125 0.0296875
0 0.1140625 0.6359375 0.02734375 0.22421875
0 0.38984375 0.5859375 0.05 0.10234375
0 0.696875 0.55859375 0.02734375 0.0609375
0 0.34375 0.5359375 0.05625 0.0609375