0 0.0984375 0.6734375 0.009375 0.0578125
0 0.065625 0.6890625 0.0125 0.0796875
0 0.03203125 0.6875 0.0109375 0.07734375
0 0.1578125 0.68046875 0.0109375 0.06796875
0 0.209375 0.70546875 0.0171875 0.09453125
0 0.23828125 0.68671875 0.0140625 0.08984375
0 0.25078125 0.6875 0.0140625 0.07734375
0 0.26015625 0.65234375 0.00859375 0.05078125
0 0.27109375 0.68671875 0.01328125 0.08984375
0 0.27890625 0.69375 0.0125 0.09453125
0 0.35859375 0.6890625 0.01640625 0.10859375
0 0.39375 0.69609375 0.0171875 0.1140625
0 0.41015625 0.6875 0.0125 0.1015625
0 0.42109375 0.7046875 0.01875 0.12578125
0 0.4296875 0.7046875 0.01796875 0.11171875
0 0.4609375 0.69609375 0.0140625 0.1140625
0 0.46640625 0.70078125 0.0171875 0.11875
0 0.50546875 0.703125 0.01796875 0.11875
0 0.5484375 0.70234375 0.01875 0.11640625
0 0.57421875 0.7203125 0.0265625 0.14296875
0 0.60703125 0.7 0.02578125 0.13046875
0 0.6625 0.69453125 0.028125 0.12109375
0 0.73671875 0.73125 0.03046875 0.17890625
0 0.78671875 0.7109375 0.0171875 0.075
0 0.803125 0.7 0.01484375 0.1015625
0 0.8125 0.7 0.021875 0.11171875
0 0.88671875 0.7203125 0.009375 0.05078125
0 0.29609375 0.6453125 0.01015625 0.065625
0 0.0140625 0.68671875 0.028125 0.08984375
0 0.2125 0.6625 0.0078125 0.0359375
0 0.7203125 0.6734375 0.01015625 0.06328125
0 0.75546875 0.69765625 0.03046875 0.0921875
0 0.77421875 0.70859375 0.0109375 0.065625