0 0.04765625 0.47890625 0.0546875 0.17890625
0 0.0703125 0.45625 0.03046875 0.13515625
0 0.13046875 0.44375 0.05078125 0.1609375
0 0.1984375 0.5296875 0.11796875 0.3984375
0 0.4171875 0.58671875 0.090625 0.3515625
0 0.7078125 0.615625 0.17109375 0.496875
0 0.665625 0.55390625 0.0921875 0.4359375
0 0.8265625 0.38984375 0.01640625 0.0671875
0 0.9140625 0.3921875 0.02265625 0.0671875
0 0.8921875 0.3859375 0.02890625 0.08359375
0 0.325 0.384375 0.08125 0.0765625
0 0.62109375 0.37578125 0.03515625 0.08359375