0 0.10078125 0.59140625 0.115625 0.44375
0 0.1484375 0.584375 0.10859375 0.51015625
0 0.19765625 0.39921875 0.07578125 0.1984375
0 0.2546875 0.6546875 0.121875 0.61875
0 0.3640625 0.634375 0.134375 0.61484375
0 0.41953125 0.6140625 0.09140625 0.60625
0 0.48359375 0.59375 0.084375 0.621875
0 0.5640625 0.59765625 0.11328125 0.6390625
0 0.32890625 0.5875 0.12578125 0.66796875
0 0.62578125 0.63125 0.10546875 0.62890625
0 0.7078125 0.60078125 0.115625 0.696875
0 0.7875 0.584375 0.1125 0.83125
0 0.846875 0.5625 0.1703125 0.875