0 0.0453125 0.3796875 0.090625 0.653125
0 0.08515625 0.15 0.075 0.15078125
0 0.125 0.50859375 0.20703125 0.7875
0 0.20234375 0.5390625 0.2453125 0.88125
0 0.2359375 0.46796875 0.1203125 0.778125
0 0.3453125 0.52109375 0.18125 0.778125
0 0.3453125 0.184375 0.11328125 0.190625
0 0.43515625 0.51328125 0.18984375 0.928125
0 0.515625 0.47421875 0.07734375 0.74140625
0 0.6015625 0.52109375 0.2359375 0.88515625
0 0.65703125 0.50546875 0.13359375 0.85390625
0 0.73671875 0.2078125 0.078125 0.20859375
0 0.8015625 0.5421875 0.18203125 0.81953125
0 0.88125 0.540625 0.109375 0.6875
0 0.903125 0.25 0.0859375 0.20546875
0 0.24609375 0.33671875 0.1078125 0.50546875
0 0.95078125 0.3234375 0.0984375 0.371875
0 0.90625 0.25234375 0.06953125 0.19765625
0 0.01953125 0.375 0.0390625 0.66875
0 0.73984375 0.1734375 0.12734375 0.16015625
0 0.465625 0.140625 0.2796875 0.153125
0 0.22421875 0.1203125 0.0671875 0.14375
0 0.09375 0.08828125 0.08828125 0.1453125