0 0.36171875 0.421875 0.08359375 0.25
0 0.453125 0.48515625 0.14296875 0.51328125
0 0.52265625 0.42578125 0.071875 0.26796875
0 0.62265625 0.49140625 0.13203125 0.496875
0 0.70859375 0.48359375 0.1203125 0.51015625
0 0.8125 0.5546875 0.1984375 0.61015625
0 0.93671875 0.54765625 0.1234375 0.56484375
0 0.9703125 0.3078125 0.059375 0.1125
0 0.0453125 0.66796875 0.08984375 0.58359375
0 0.09296875 0.52734375 0.153125 0.478125
0 0.24609375 0.5234375 0.18828125 0.5203125
0 0.26484375 0.496875 0.08671875 0.45
0 0.16953125 0.3515625 0.06171875 0.0796875
0 0.05390625 0.328125 0.03828125 0.0796875