0 0.1390625 0.63203125 0.16796875 0.68046875
0 0.27421875 0.60078125 0.165625 0.7328125
0 0.4203125 0.59609375 0.1671875 0.7296875
0 0.51953125 0.61484375 0.10546875 0.646875
0 0.6140625 0.58984375 0.1484375 0.7109375
0 0.734375 0.58515625 0.1515625 0.72109375
0 0.88984375 0.61171875 0.19375 0.7328125
0 0.6859375 0.20625 0.22421875 0.29609375
0 0.63359375 0.23828125 0.09296875 0.21015625
0 0.53125 0.415625 0.10234375 0.59375
0 0.43515625 0.234375 0.11015625 0.23046875
0 0.3375 0.43359375 0.09453125 0.57890625
0 0.25390625 0.2515625 0.1375 0.2828125
0 0.11953125 0.24921875 0.1796875 0.2921875