0 0.61484375 0.90390625 0.05625 0.1875
0 0.7046875 0.8765625 0.065625 0.2421875
0 0.6546875 0.8515625 0.05078125 0.2828125
0 0.60859375 0.8078125 0.05234375 0.25
0 0.55859375 0.79140625 0.05859375 0.3125
0 0.59609375 0.6859375 0.04296875 0.1171875
0 0.63125 0.69140625 0.046875 0.14765625
0 0.5203125 0.6890625 0.05234375 0.2921875
0 0.58203125 0.61875 0.03828125 0.1625
0 0.56328125 0.61640625 0.0359375 0.1625
0 0.540625 0.6140625 0.03359375 0.20234375
0 0.49765625 0.6390625 0.03984375 0.2328125
0 0.49765625 0.6140625 0.03828125 0.1921875
0 0.46171875 0.58984375 0.04296875 0.2203125
0 0.42578125 0.5765625 0.046875 0.2375
0 0.38828125 0.54375 0.0359375 0.2328125
0 0.4125 0.5171875 0.028125 0.2203125
0 0.3515625 0.5109375 0.04921875 0.2328125
0 0.375 0.43359375 0.02109375 0.05234375
0 0.3296875 0.4734375 0.03359375 0.2421875
0 0.31171875 0.43984375 0.03828125 0.275
0 0.28203125 0.4234375 0.04375 0.24765625
0 0.240625 0.3796875 0.046875 0.2703125
0 0.18046875 0.3328125 0.04140625 0.2453125
0 0.15234375 0.3203125 0.03984375 0.25
0 0.484375 0.5515625 0.0109375 0.0375
0 0.55234375 0.54609375 0.009375 0.0328125