0 0.13984375 0.7046875 0.225 0.44375
0 0.2015625 0.66328125 0.18671875 0.4015625
0 0.21640625 0.64296875 0.14375 0.340625
0 0.296875 0.69921875 0.14296875 0.4109375
0 0.4 0.653125 0.13125 0.40234375
0 0.4078125 0.6515625 0.12109375 0.32421875
0 0.61640625 0.70234375 0.128125 0.3796875
0 0.56015625 0.6625 0.13359375 0.2890625
0 0.51171875 0.62265625 0.06328125 0.27890625
0 0.79296875 0.6625 0.103125 0.33046875
0 0.71796875 0.54375 0.0703125 0.1984375
0 0.809375 0.50625 0.07265625 0.14609375
0 0.89296875 0.59375 0.109375 0.2875
0 0.934375 0.609375 0.084375 0.3046875
0 0.97109375 0.61796875 0.05703125 0.325
0 0.9171875 0.47578125 0.02890625 0.053125
0 0.7484375 0.471875 0.02421875 0.07109375
0 0.78046875 0.47109375 0.01796875 0.05546875
0 0.88671875 0.4484375 0.01640625 0.02109375
0 0.675 0.46953125 0.01328125 0.03671875
0 0.66484375 0.465625 0.01171875 0.0390625
0 0.65703125 0.46875 0.01328125 0.0375
0 0.6296875 0.46875 0.01171875 0.03359375
0 0.60859375 0.46796875 0.01171875 0.02578125
0 0.23671875 0.63046875 0.09296875 0.3
0 0.5765625 0.46640625 0.01484375 0.02734375
0 0.35546875 0.48203125 0.05 0.0484375
0 0.959375 0.51484375 0.08046875 0.1703125
0 0.1953125 0.47109375 0.034375 0.0359375
0 0.55 0.87109375 0.1734375 0.0671875
0 0.24453125 0.8890625 0.19375 0.05625
0 0.34609375 0.8265625 0.1765625 0.0703125
0 0.52109375 0.80078125 0.14296875 0.0453125
0 0.48125 0.7453125 0.0703125 0.034375
0 0.73203125 0.8078125 0.1140625 0.046875
0 0.6765625 0.6328125 0.065625 0.02265625
0 0.875 0.74921875 0.17421875 0.0890625
0 0.09140625 0.84453125 0.0921875 0.03984375
0 0.15703125 0.79921875 0.146875 0.0375