0 0.096875 0.7671875 0.0234375 0.075
0 0.11328125 0.79453125 0.0390625 0.121875
0 0.14296875 0.77578125 0.03359375 0.0953125
0 0.16640625 0.77734375 0.0328125 0.0984375
0 0.12421875 0.7828125 0.01640625 0.06484375
0 0.2109375 0.86796875 0.05625 0.21328125
0 0.25625 0.80703125 0.05 0.16328125
0 0.2234375 0.7734375 0.0375 0.08359375
0 0.2390625 0.77421875 0.02265625 0.08515625
0 0.27734375 0.77734375 0.02265625 0.08515625
0 0.3171875 0.8109375 0.04765625 0.16171875
0 0.33671875 0.80078125 0.02890625 0.13515625
0 0.3484375 0.76484375 0.01640625 0.06015625
0 0.3640625 0.7640625 0.0203125 0.0546875
0 0.35546875 0.76171875 0.0140625 0.053125
0 0.3921875 0.78984375 0.0359375 0.06328125
0 0.4171875 0.8 0.0328125 0.11328125
0 0.4390625 0.7828125 0.0171875 0.078125
0 0.475 0.80390625 0.0375 0.1484375
0 0.50078125 0.77890625 0.01875 0.078125
0 0.5125 0.78671875 0.0171875 0.0734375
0 0.5375 0.78984375 0.02265625 0.0734375
0 0.5546875 0.8125 0.0375 0.125
0 0.5890625 0.778125 0.01875 0.05703125
0 0.6828125 0.87421875 0.0765625 0.2015625
0 0.81640625 0.8828125 0.075 0.23203125
0 0.7234375 0.7921875 0.02109375 0.075
0 0.66875 0.80234375 0.03515625 0.1015625
0 0.64765625 0.790625 0.0203125 0.08515625
0 0.6828125 0.76640625 0.01640625 0.03984375
0 0.54375 0.76171875 0.01015625 0.03359375
0 0.58203125 0.7640625 0.0109375 0.04140625
0 0.57578125 0.76328125 0.0140625 0.04296875
0 0.9046875 0.88359375 0.10390625 0.2296875
0 0.93046875 0.4703125 0.05390625 0.1265625
0 0.9515625 0.79453125 0.03359375 0.078125
0 0.853125 0.80234375 0.03125 0.08828125
0 0.7546875 0.78828125 0.04375 0.08359375
0 0.7140625 0.7703125 0.025 0.046875
0 0.11875 0.5625 0.02734375 0.08203125
0 0.30703125 0.66796875 0.0265625 0.0734375
0 0.30234375 0.74921875 0.02734375 0.06171875
0 0.12109375 0.74453125 0.01015625 0.01796875
0 0.13359375 0.79453125 0.0125 0.01171875
0 0.23125 0.74296875 0.0125 0.01640625
0 0.2421875 0.70703125 0.02265625 0.03359375
0 0.4296875 0.79921875 0.0140625 0.028125
0 0.58125 0.7625 0.1953125 0.0515625
0 0.4421875 0.75390625 0.05859375 0.0484375