0 0.040625 0.79140625 0.03125 0.1234375
0 0.05078125 0.82421875 0.0546875 0.16171875
0 0.06875 0.86015625 0.0546875 0.08984375
0 0.09296875 0.8453125 0.0390625 0.1125
0 0.0921875 0.7734375 0.05 0.115625
0 0.125 0.7421875 0.0328125 0.09140625
0 0.37734375 0.725 0.05 0.128125
0 0.40390625 0.7796875 0.059375 0.12734375
0 0.4296875 0.7171875 0.03671875 0.0984375
0 0.503125 0.71171875 0.071875 0.1171875
0 0.40546875 0.76796875 0.05625 0.10234375
0 0.3765625 0.8328125 0.03671875 0.09375
0 0.43203125 0.8296875 0.07734375 0.09765625
0 0.43125 0.80546875 0.0671875 0.09609375
0 0.4671875 0.7921875 0.046875 0.1609375
0 0.509375 0.78359375 0.0765625 0.178125
0 0.55546875 0.771875 0.05234375 0.16015625
0 0.584375 0.778125 0.040625 0.1734375
0 0.6109375 0.8078125 0.053125 0.11953125
0 0.64296875 0.71640625 0.059375 0.10234375
0 0.64296875 0.76015625 0.046875 0.11953125
0 0.6765625 0.79765625 0.03828125 0.1265625
0 0.70703125 0.81875 0.05546875 0.0890625
0 0.73125 0.79609375 0.05 0.1265625
0 0.7515625 0.73046875 0.06484375 0.1046875
0 0.759375 0.78828125 0.05078125 0.13984375
0 0.8140625 0.69140625 0.04296875 0.10234375
0 0.81796875 0.74609375 0.03828125 0.0890625
0 0.79765625 0.8109375 0.0640625 0.09375
0 0.840625 0.78828125 0.06015625 0.13671875
0 0.8875 0.7546875 0.06640625 0.1046875
0 0.9015625 0.8015625 0.05859375 0.1125
0 0.95 0.8078125 0.07421875 0.09921875
0 0.93671875 0.71875 0.06953125 0.09375
0 0.9546875 0.746875 0.05078125 0.12265625
0 0.978125 0.86171875 0.04375 0.2765625
0 0.16171875 0.78828125 0.1234375 0.4234375
0 0.23671875 0.55078125 0.14375 0.8984375
0 0.34453125 0.6453125 0.11875 0.68203125
0 0.5015625 0.74296875 0.990625 0.2734375