0 0.0484375 0.4984375 0.0734375 0.39296875
0 0.09140625 0.4890625 0.0703125 0.41171875
0 0.14453125 0.49296875 0.09375 0.41015625
0 0.2 0.4875 0.05 0.4046875
0 0.2296875 0.48515625 0.07734375 0.4203125
0 0.2828125 0.4890625 0.08984375 0.425
0 0.3234375 0.47734375 0.0578125 0.425
0 0.3609375 0.4953125 0.0828125 0.4
0 0.40234375 0.30703125 0.0453125 0.11640625
0 0.4296875 0.48515625 0.0984375 0.4265625
0 0.4984375 0.47890625 0.0921875 0.428125
0 0.559375 0.48671875 0.0984375 0.4203125
0 0.57890625 0.453125 0.1 0.4734375
0 0.6546875 0.471875 0.0953125 0.446875
0 0.72109375 0.4671875 0.0921875 0.471875
0 0.784375 0.42734375 0.1234375 0.51796875
0 0.7984375 0.45 0.1203125 0.51328125
0 0.890625 0.45703125 0.08359375 0.51328125
0 0.9609375 0.465625 0.07734375 0.51171875
0 0.1171875 0.30703125 0.04609375 0.0796875