0 0.91484375 0.59921875 0.0640625 0.22265625
0 0.740625 0.67421875 0.10390625 0.34453125
0 0.83984375 0.62265625 0.05546875 0.19609375
0 0.6671875 0.63046875 0.053125 0.16640625
0 0.6109375 0.62734375 0.0546875 0.1734375
0 0.55703125 0.6265625 0.05703125 0.165625
0 0.49765625 0.62734375 0.0546875 0.1578125
0 0.40234375 0.6140625 0.03203125 0.14609375
0 0.37109375 0.62265625 0.04375 0.15625
0 0.32890625 0.625 0.0484375 0.159375
0 0.2421875 0.6453125 0.1703125 0.4890625
0 0.2 0.51875 0.0625 0.28359375
0 0.0375 0.6 0.053125 0.18828125
0 0.009375 0.63359375 0.01875 0.10703125
0 0.1296875 0.61015625 0.05703125 0.159375
0 0.30078125 0.65 0.01953125 0.05703125
0 0.58671875 0.603125 0.0234375 0.08828125
0 0.86953125 0.65078125 0.015625 0.06015625
0 0.68828125 0.696875 0.01875 0.0359375
0 0.590625 0.68828125 0.04453125 0.0453125
0 0.47109375 0.68984375 0.05390625 0.10078125
0 0.39765625 0.68515625 0.0234375 0.03125
0 0.4859375 0.375 0.19375 0.7375
0 0.6484375 0.6203125 0.03125 0.12734375
0 0.4296875 0.634375 0.04921875 0.13671875
0 0.53203125 0.584375 0.01484375 0.02578125
0 0.78046875 0.6265625 0.028125 0.18046875
0 0.91484375 0.6984375 0.02578125 0.028125
0 0.39140625 0.5703125 0.025 0.06953125
0 0.690625 0.65390625 0.04296875 0.2125