0 0.80390625 0.715625 0.390625 0.56640625
0 0.68359375 0.6875 0.36484375 0.5703125
0 0.62890625 0.6109375 0.30390625 0.50234375
0 0.62578125 0.49921875 0.2015625 0.35
0 0.225 0.73515625 0.43125 0.5296875
0 0.31953125 0.66875 0.33359375 0.659375
0 0.3390625 0.5078125 0.21015625 0.3171875
0 0.384375 0.49765625 0.23671875 0.36875
0 0.42265625 0.30234375 0.1 0.2921875
0 0.615625 0.27265625 0.05546875 0.2015625
0 0.57890625 0.4375 0.1 0.26640625
0 0.58984375 0.459375 0.153125 0.278125
0 0.60546875 0.4765625 0.17578125 0.32578125
0 0.39765625 0.45234375 0.1390625 0.290625
0 0.403125 0.4125 0.121875 0.26328125
0 0.515625 0.29296875 0.0296875 0.17265625
0 0.4796875 0.29296875 0.0390625 0.17265625
0 0.5734375 0.30859375 0.06015625 0.23359375
0 0.8484375 0.37578125 0.30234375 0.22734375
0 0.21171875 0.3625 0.209375 0.21484375
0 0.54453125 0.25625 0.0421875 0.07734375
0 0.47421875 0.29765625 0.0484375 0.17265625
0 0.79609375 0.10078125 0.07421875 0.0875
0 0.07265625 0.0421875 0.0703125 0.084375
0 0.3421875 0.16328125 0.03125 0.04609375
0 0.3953125 0.31484375 0.028125 0.08125
0 0.53359375 0.33203125 0.03046875 0.07421875