0 0.08984375 0.7234375 0.16953125 0.35546875
0 0.23125 0.73125 0.1671875 0.28984375
0 0.35859375 0.84375 0.1796875 0.23984375
0 0.509375 0.84921875 0.16328125 0.20625
0 0.63828125 0.840625 0.153125 0.23046875
0 0.8 0.85390625 0.21015625 0.2125
0 0.82890625 0.73359375 0.11015625 0.16015625
0 0.78515625 0.728125 0.21484375 0.19375
0 0.65625 0.70234375 0.271875 0.14375
0 0.6890625 0.771875 0.03671875 0.040625
0 0.56484375 0.71484375 0.11328125 0.14453125
0 0.44453125 0.696875 0.1375 0.20078125
0 0.35703125 0.70390625 0.11015625 0.16796875