0 0.0921875 0.68515625 0.16328125 0.62578125
0 0.02421875 0.78125 0.0484375 0.4375
0 0.10234375 0.68125 0.09765625 0.63359375
0 0.196875 0.68046875 0.0859375 0.63515625
0 0.25859375 0.69453125 0.1265625 0.6109375
0 0.33359375 0.67265625 0.0609375 0.6296875
0 0.371875 0.69453125 0.09921875 0.6078125
0 0.4171875 0.684375 0.0625 0.60234375
0 0.45625 0.69140625 0.07734375 0.6171875
0 0.5125 0.68203125 0.1109375 0.63125
0 0.5765625 0.70546875 0.05703125 0.5640625
0 0.603125 0.725 0.08359375 0.55
0 0.69375 0.73125 0.16640625 0.5375
0 0.725 0.51640625 0.06015625 0.18359375
0 0.75234375 0.53203125 0.06328125 0.35546875
0 0.80546875 0.68671875 0.0921875 0.62265625
0 0.9640625 0.69609375 0.0703125 0.6046875
0 0.90234375 0.69296875 0.084375 0.61015625
0 0.95390625 0.4203125 0.06953125 0.15390625
0 0.85234375 0.48359375 0.0390625 0.103125
0 0.4875 0.459375 0.0640625 0.17421875
0 0.4859375 0.09765625 0.09375 0.1953125
0 0.6953125 0.37109375 0.05390625 0.08515625
0 0.23515625 0.4421875 0.04609375 0.125
0 0.14609375 0.41171875 0.034375 0.17421875