0 0.0328125 0.71796875 0.06484375 0.3
0 0.225 0.70703125 0.15234375 0.38828125
0 0.2296875 0.46953125 0.10078125 0.3171875
0 0.29765625 0.5078125 0.0890625 0.42109375
0 0.33671875 0.54140625 0.1046875 0.43984375
0 0.3546875 0.64765625 0.103125 0.2796875
0 0.425 0.53828125 0.10625 0.45234375
0 0.45546875 0.5703125 0.10078125 0.453125
0 0.52421875 0.5453125 0.10234375 0.4453125
0 0.6109375 0.5484375 0.1 0.446875
0 0.575 0.6296875 0.0921875 0.32109375
0 0.66796875 0.65234375 0.09375 0.27734375
0 0.76171875 0.6515625 0.1328125 0.30234375
0 0.6890625 0.56796875 0.08828125 0.4109375
0 0.75703125 0.45546875 0.084375 0.2359375
0 0.83828125 0.54921875 0.109375 0.4640625
0 0.86796875 0.590625 0.11796875 0.4453125
0 0.571875 0.34296875 0.2 0.3734375