0 0.13515625 0.7328125 0.17578125 0.534375
0 0.07890625 0.35859375 0.1015625 0.26171875
0 0.3046875 0.58828125 0.12265625 0.58046875
0 0.48203125 0.628125 0.1828125 0.66640625
0 0.66328125 0.58046875 0.14609375 0.6
0 0.58828125 0.471875 0.053125 0.365625
0 0.68203125 0.5234375 0.06953125 0.51640625
0 0.7109375 0.44609375 0.034375 0.2875
0 0.73984375 0.3796875 0.0484375 0.19609375
0 0.7859375 0.5234375 0.09375 0.4296875
0 0.77734375 0.34609375 0.03046875 0.08671875
0 0.89921875 0.61875 0.19140625 0.75859375
0 0.9859375 0.46015625 0.02734375 0.26796875
0 0.84765625 0.50625 0.06015625 0.34140625
0 0.05859375 0.65546875 0.1125 0.6796875
0 0.87734375 0.33359375 0.02734375 0.071875
0 0.75703125 0.3390625 0.02890625 0.08203125
0 0.6328125 0.5015625 0.078125 0.43984375
0 0.35703125 0.37578125 0.06953125 0.1015625
0 0.43984375 0.3359375 0.04453125 0.12421875
0 0.8328125 0.30859375 0.04921875 0.05078125
0 0.55703125 0.346875 0.0359375 0.1
0 0.25859375 0.3484375 0.05625 0.11953125