0 0.91015625 0.5765625 0.13515625 0.43203125
0 0.9578125 0.5328125 0.08359375 0.3671875
0 0.9703125 0.49609375 0.059375 0.4109375
0 0.81796875 0.6375 0.15234375 0.496875
0 0.803125 0.409375 0.07734375 0.1390625
0 0.61640625 0.6609375 0.13125 0.49375
0 0.5859375 0.571875 0.09921875 0.46953125
0 0.64375 0.39375 0.015625 0.05546875
0 0.69375 0.40546875 0.02109375 0.0828125
0 0.7140625 0.403125 0.0203125 0.08046875
0 0.73359375 0.3890625 0.01875 0.05
0 0.74296875 0.38359375 0.02109375 0.05
0 0.74765625 0.37265625 0.01484375 0.0703125
0 0.75625 0.37421875 0.0171875 0.05
0 0.775 0.37734375 0.025 0.03984375
0 0.5515625 0.440625 0.05 0.23359375
0 0.50234375 0.51328125 0.06875 0.2828125
0 0.34140625 0.6703125 0.21015625 0.48203125
0 0.26328125 0.65625 0.10390625 0.49921875
0 0.4359375 0.65 0.134375 0.515625
0 0.43671875 0.428125 0.06328125 0.165625
0 0.14921875 0.57578125 0.12734375 0.40234375
0 0.21796875 0.5328125 0.07734375 0.36953125
0 0.2984375 0.40625 0.0515625 0.1078125
0 0.3359375 0.40234375 0.025 0.0546875
0 0.3203125 0.39609375 0.02421875 0.0546875
0 0.1859375 0.52265625 0.06796875 0.3203125
0 0.02265625 0.49921875 0.04375 0.20078125
0 0.0390625 0.4890625 0.02421875 0.1453125
0 0.06953125 0.49453125 0.046875 0.1578125
0 0.08984375 0.49921875 0.0609375 0.23515625
0 0.10625 0.4109375 0.02734375 0.06171875
0 0.35703125 0.42890625 0.046875 0.08984375
0 0.59140625 0.371875 0.05859375 0.065625
0 0.82578125 0.35390625 0.04375 0.034375
0 0.36171875 0.37890625 0.0328125 0.02421875
0 0.0046875 0.5109375 0.009375 0.1625
0 0.05078125 0.4328125 0.0234375 0.025
0 0.2578125 0.3984375 0.01484375 0.02109375
0 0.90625 0.18125 0.1859375 0.225
0 0.60234375 0.22890625 0.075 0.165625