0 0.0875 0.575 0.175 0.340625
0 0.17265625 0.4984375 0.0890625 0.15625
0 0.2890625 0.56484375 0.1140625 0.2796875
0 0.38046875 0.57578125 0.13828125 0.34375
0 0.428125 0.56015625 0.078125 0.253125
0 0.5453125 0.57109375 0.1046875 0.2890625
0 0.63203125 0.540625 0.13828125 0.21015625
0 0.65078125 0.4859375 0.0640625 0.1265625
0 0.76015625 0.53515625 0.10546875 0.246875
0 0.85078125 0.54453125 0.121875 0.2578125
0 0.91015625 0.52265625 0.0875 0.2078125
0 0.96953125 0.54296875 0.0609375 0.23515625
0 0.46171875 0.50625 0.06328125 0.14765625
0 0.22421875 0.50234375 0.06171875 0.16796875
0 0.74921875 0.440625 0.03984375 0.03984375
0 0.721875 0.47890625 0.03984375 0.08203125
0 0.82578125 0.4296875 0.053125 0.05234375
0 0.9421875 0.44140625 0.0515625 0.0609375
0 0.49296875 0.453125 0.04140625 0.05703125
0 0.11484375 0.453125 0.11875 0.0859375
0 0.278125 0.44375 0.08671875 0.0515625
0 0.4296875 0.44765625 0.046875 0.03671875
0 0.4703125 0.56796875 0.053125 0.0953125
0 0.24453125 0.54765625 0.0375 0.06640625
0 0.02109375 0.67890625 0.03984375 0.0625