0 0.08828125 0.67265625 0.17578125 0.6515625
0 0.2296875 0.7328125 0.14375 0.528125
0 0.31015625 0.65390625 0.30859375 0.68984375
0 0.5171875 0.64296875 0.16796875 0.7109375
0 0.62109375 0.64921875 0.16796875 0.6984375
0 0.76015625 0.69921875 0.19453125 0.59921875
0 0.84296875 0.6921875 0.13671875 0.615625
0 0.94609375 0.68671875 0.1078125 0.62421875
0 0.984375 0.38046875 0.03125 0.2046875
0 0.94140625 0.35234375 0.1015625 0.26640625
0 0.84765625 0.396875 0.16484375 0.36875
0 0.75625 0.32421875 0.07890625 0.20703125
0 0.6890625 0.44453125 0.09765625 0.3484375
0 0.603125 0.334375 0.14140625 0.24296875
0 0.50078125 0.26328125 0.10859375 0.25546875
0 0.39921875 0.3296875 0.178125 0.23203125
0 0.44375 0.39296875 0.1015625 0.22109375
0 0.30234375 0.315625 0.07578125 0.21953125
0 0.27265625 0.4203125 0.15859375 0.2671875
0 0.1625 0.46875 0.115625 0.325
0 0.18671875 0.34921875 0.1515625 0.303125
0 0.03359375 0.4140625 0.0671875 0.21640625
0 0.06796875 0.32109375 0.10078125 0.27734375
0 0.1140625 0.22890625 0.1015625 0.26640625
0 0.2109375 0.203125 0.13828125 0.33203125
0 0.29765625 0.25234375 0.14609375 0.22734375
0 0.26796875 0.1234375 0.075 0.2
0 0.40859375 0.1921875 0.12734375 0.221875
0 0.44765625 0.15859375 0.065625 0.25390625
0 0.540625 0.1546875 0.0875 0.28671875
0 0.59765625 0.19921875 0.13984375 0.3734375
0 0.66640625 0.26640625 0.09375 0.2609375
0 0.76640625 0.1515625 0.1359375 0.27578125
0 0.7625 0.2390625 0.10390625 0.24296875
0 0.85546875 0.265625 0.14453125 0.24296875
0 0.0265625 0.4921875 0.05234375 0.1375