0 0.0671875 0.5078125 0.046875 0.128125
0 0.1125 0.52890625 0.04375 0.1578125
0 0.171875 0.56328125 0.0453125 0.16171875
0 0.2109375 0.57421875 0.05078125 0.2
0 0.271875 0.6578125 0.11171875 0.42421875
0 0.3234375 0.62734375 0.0734375 0.33828125
0 0.33828125 0.603125 0.0546875 0.31796875
0 0.36953125 0.57109375 0.04296875 0.178125
0 0.415625 0.565625 0.04765625 0.184375
0 0.38984375 0.57265625 0.03046875 0.1703125
0 0.50859375 0.63984375 0.12421875 0.415625
0 0.46328125 0.61328125 0.065625 0.40625
0 0.63359375 0.625 0.13359375 0.45390625
0 0.5546875 0.57890625 0.0375 0.26171875
0 0.72109375 0.55390625 0.05078125 0.23203125
0 0.7578125 0.559375 0.046875 0.234375
0 0.80625 0.56171875 0.046875 0.1921875
0 0.8515625 0.5609375 0.065625 0.26171875
0 0.7609375 0.546875 0.04375 0.20625
0 0.66484375 0.61328125 0.07578125 0.40234375
0 0.11171875 0.52109375 0.05859375 0.15
0 0.73984375 0.63125 0.03203125 0.065625
0 0.68828125 0.453125 0.109375 0.0703125
0 0.68828125 0.56484375 0.04765625 0.15390625
0 0.5671875 0.5953125 0.0890625 0.34609375
0 0.465625 0.69609375 0.11328125 0.24375
0 0.4796875 0.45703125 0.08671875 0.11015625
0 0.35546875 0.484375 0.1640625 0.0640625
0 0.37109375 0.625 0.07578125 0.09765625
0 0.21640625 0.5703125 0.08671875 0.2