0 0.92265625 0.7 0.153125 0.5984375
0 0.8640625 0.58984375 0.2484375 0.70390625
0 0.69375 0.61953125 0.1421875 0.61484375
0 0.540625 0.7046875 0.10546875 0.36015625
0 0.5890625 0.628125 0.11640625 0.50234375
0 0.70625 0.3375 0.1140625 0.16015625
0 0.6140625 0.34921875 0.134375 0.2453125
0 0.56953125 0.3265625 0.08203125 0.2921875
0 0.53984375 0.31796875 0.0671875 0.3140625
0 0.584375 0.17265625 0.1 0.1453125
0 0.46171875 0.38515625 0.0796875 0.4078125
0 0.47734375 0.33984375 0.0875 0.409375
0 0.421875 0.321875 0.05078125 0.39921875
0 0.3890625 0.3375 0.09140625 0.38359375
0 0.33984375 0.1875 0.065625 0.16484375
0 0.378125 0.37890625 0.08359375 0.35
0 0.3453125 0.50546875 0.178125 0.5546875
0 0.29921875 0.60078125 0.1640625 0.55546875
0 0.18984375 0.71328125 0.16953125 0.571875