0 0.0234375 0.66953125 0.046875 0.15703125
0 0.0296875 0.59453125 0.01875 0.0390625
0 0.06484375 0.66953125 0.0515625 0.159375
0 0.0828125 0.64609375 0.0296875 0.11953125
0 0.1046875 0.64765625 0.03671875 0.1265625
0 0.25 0.6640625 0.0546875 0.11328125
0 0.29453125 0.66796875 0.03828125 0.1078125
0 0.32109375 0.66328125 0.02890625 0.10703125
0 0.3515625 0.6609375 0.03203125 0.10859375
0 0.38125 0.66328125 0.02734375 0.0984375
0 0.44296875 0.64765625 0.0375 0.0875
0 0.44765625 0.6125 0.01328125 0.028125
0 0.47265625 0.6390625 0.034375 0.1421875
0 0.50078125 0.6375 0.0375 0.14296875
0 0.52265625 0.60859375 0.01484375 0.06171875
0 0.53359375 0.60625 0.01171875 0.06171875
0 0.5484375 0.6078125 0.01640625 0.0609375
0 0.56328125 0.64296875 0.0328125 0.12734375
0 0.58359375 0.61484375 0.015625 0.065625
0 0.590625 0.61171875 0.01015625 0.0625
0 0.60078125 0.61484375 0.01640625 0.065625
0 0.609375 0.6109375 0.01796875 0.06875
0 0.61484375 0.58359375 0.01015625 0.01484375
0 0.62578125 0.61171875 0.01640625 0.06875
0 0.63671875 0.59453125 0.015625 0.03984375
0 0.66015625 0.6703125 0.07109375 0.221875
0 0.68046875 0.6453125 0.028125 0.159375
0 0.68671875 0.6046875 0.0125 0.0609375
0 0.7015625 0.60078125 0.01796875 0.06796875
0 0.728125 0.64765625 0.04296875 0.12734375
0 0.79765625 0.61796875 0.02578125 0.10078125
0 0.82109375 0.6265625 0.0359375 0.1296875
0 0.8484375 0.62265625 0.03125 0.1296875
0 0.88671875 0.625 0.0296875 0.1078125
0 0.2734375 0.61484375 0.01171875 0.06171875
0 0.2796875 0.61328125 0.01328125 0.0640625
0 0.30234375 0.60390625 0.01640625 0.04296875
0 0.33671875 0.609375 0.01796875 0.04921875
0 0.36953125 0.61015625 0.01640625 0.059375
0 0.384375 0.61171875 0.01875 0.06796875
0 0.390625 0.59296875 0.01015625 0.025
0 0.378125 0.5921875 0.00859375 0.01953125
0 0.725 0.5796875 0.0140625 0.01171875
0 0.35 0.5953125 0.00859375 0.025
0 0.04140625 0.496875 0.02109375 0.05625
0 0.1828125 0.5921875 0.0125 0.028125
0 0.4875 0.5828125 0.01953125 0.02578125
0 0.5265625 0.60234375 0.01015625 0.053125
0 0.53984375 0.60390625 0.0078125 0.05546875
0 0.55625 0.58515625 0.009375 0.01953125
0 0.575 0.5890625 0.01640625 0.0328125
0 0.57890625 0.6296875 0.00546875 0.02265625
0 0.59296875 0.60859375 0.00625 0.0578125
0 0.6 0.58125 0.00703125 0.00703125
0 0.6203125 0.58359375 0.00546875 0.0125