0 0.13984375 0.653125 0.08671875 0.275
0 0.09609375 0.64375 0.0671875 0.2734375
0 0.19921875 0.6359375 0.0609375 0.22421875
0 0.45 0.75546875 0.109375 0.2109375
0 0.3953125 0.6890625 0.1125 0.22109375
0 0.26875 0.72265625 0.05390625 0.11015625
0 0.75390625 0.70234375 0.1171875 0.26171875
0 0.665625 0.69296875 0.11328125 0.1890625
0 0.59765625 0.65078125 0.040625 0.075
0 0.5453125 0.63671875 0.090625 0.18125
0 0.4609375 0.63203125 0.078125 0.19453125
0 0.36015625 0.6578125 0.0578125 0.21796875
0 0.325 0.65078125 0.05390625 0.2359375
0 0.21640625 0.6375 0.04375 0.21796875
0 0.2703125 0.59765625 0.0484375 0.12265625
0 0.6125 0.61171875 0.0796875 0.1578125
0 0.8421875 0.66015625 0.07734375 0.28125
0 0.884375 0.6328125 0.01875 0.09921875
0 0.715625 0.603125 0.06875 0.17578125
0 0.7671875 0.60625 0.01484375 0.05
0 0.8078125 0.58046875 0.040625 0.06875
0 0.78203125 0.57890625 0.03828125 0.10703125
0 0.0625 0.54375 0.0234375 0.05703125
0 0.06328125 0.54296875 0.0234375 0.05859375
0 0.38984375 0.57421875 0.025 0.05234375
0 0.490625 0.58984375 0.040625 0.12578125
0 0.528125 0.6015625 0.0484375 0.14609375
0 0.58046875 0.57890625 0.03203125 0.0515625
0 0.578125 0.5484375 0.02734375 0.065625
0 0.403125 0.53828125 0.03125 0.0953125
0 0.39140625 0.69921875 0.10859375 0.2328125
0 0.49921875 0.4984375 0.9984375 0.225
0 0.5 0.82578125 1 0.3453125
0 0.97734375 0.63359375 0.04375 0.03984375