0 0.8953125 0.1484375 0.128125 0.26484375
0 0.77578125 0.5703125 0.1375 0.859375
0 0.5125 0.5859375 0.1734375 0.815625
0 0.53828125 0.15078125 0.07421875 0.1140625
0 0.26796875 0.6296875 0.14296875 0.38203125
0 0.19140625 0.41484375 0.1375 0.26796875
0 0.08046875 0.475 0.1609375 0.35390625
0 0.13515625 0.646875 0.196875 0.28828125
0 0.23984375 0.16640625 0.4796875 0.1515625
0 0.246875 0.56015625 0.05078125 0.175
0 0.47734375 0.76640625 0.09375 0.46328125
0 0.83359375 0.27578125 0.0640625 0.24375