0 0.82421875 0.3875 0.0078125 0.03984375
0 0.81875 0.38359375 0.00859375 0.02890625
0 0.809375 0.41484375 0.0125 0.05390625
0 0.8171875 0.4125 0.01171875 0.0484375
0 0.83671875 0.3734375 0.00859375 0.02890625
0 0.85234375 0.36796875 0.00859375 0.03359375
0 0.77265625 0.41953125 0.0140625 0.0421875
0 0.79609375 0.43828125 0.01171875 0.0421875
0 0.825 0.4640625 0.0203125 0.046875
0 0.8015625 0.4625 0.021875 0.03828125
0 0.7484375 0.50625 0.0359375 0.08203125
0 0.84609375 0.4578125 0.0203125 0.03671875
0 0.78125 0.525 0.03125 0.11015625
0 0.778125 0.515625 0.02421875 0.10546875
0 0.7125 0.540625 0.0265625 0.115625
0 0.69375 0.5078125 0.0265625 0.040625
0 0.66328125 0.5359375 0.02421875 0.1109375
0 0.715625 0.475 0.0203125 0.03984375
0 0.80078125 0.5171875 0.02734375 0.1109375
0 0.81875 0.49921875 0.025 0.0734375
0 0.8328125 0.5171875 0.028125 0.06875
0 0.85078125 0.50234375 0.021875 0.03828125
0 0.8640625 0.4703125 0.025 0.05234375
0 0.87421875 0.471875 0.0234375 0.0453125
0 0.91875 0.4484375 0.021875 0.03984375
0 0.9296875 0.45703125 0.025 0.0265625
0 0.94609375 0.45078125 0.02265625 0.03828125
0 0.975 0.459375 0.02265625 0.0703125
0 0.896875 0.5828125 0.03984375 0.13203125
0 0.84921875 0.57734375 0.03984375 0.14765625
0 0.8671875 0.56484375 0.02734375 0.12890625
0 0.884375 0.55078125 0.0296875 0.1171875
0 0.8734375 0.49765625 0.021875 0.03515625
0 0.74921875 0.5796875 0.040625 0.1171875
0 0.7140625 0.653125 0.03984375 0.1609375
0 0.7453125 0.6078125 0.03125 0.06171875
0 0.73984375 0.6609375 0.04765625 0.10703125
0 0.77265625 0.72421875 0.05546875 0.21796875
0 0.81328125 0.7109375 0.04609375 0.18046875
0 0.8484375 0.70859375 0.0484375 0.18125
0 0.7875 0.61171875 0.0375 0.08203125
0 0.82890625 0.609375 0.040625 0.0734375
0 0.81875 0.57890625 0.03984375 0.0921875
0 0.90078125 0.759375 0.0671875 0.22109375
0 0.646875 0.715625 0.03984375 0.19296875
0 0.6265625 0.61015625 0.03828125 0.121875
0 0.65234375 0.8265625 0.046875 0.2265625
0 0.6921875 0.85 0.0796875 0.14765625
0 0.6046875 0.85234375 0.0625 0.22265625
0 0.6 0.75234375 0.04765625 0.10546875
0 0.62578125 0.94453125 0.0515625 0.1109375
0 0.68125 0.9375 0.078125 0.12421875
0 0.77578125 0.90703125 0.090625 0.1859375
0 0.78203125 0.82578125 0.08515625 0.14921875
0 0.728125 0.81875 0.07109375 0.2609375
0 0.78515625 0.7375 0.0375 0.06015625
0 0.9578125 0.8921875 0.08203125 0.2125
0 0.98828125 0.70625 0.0234375 0.15390625
0 0.440625 0.95078125 0.103125 0.0953125
0 0.3203125 0.92421875 0.0703125 0.15078125
0 0.221875 0.909375 0.09453125 0.17890625
0 0.21796875 0.78671875 0.06171875 0.14765625
0 0.1890625 0.84921875 0.0765625 0.1375
0 0.13046875 0.8640625 0.0734375 0.16953125
0 0.0765625 0.8765625 0.08984375 0.2296875
0 0.37890625 0.63125 0.040625 0.090625
0 0.31953125 0.66484375 0.0359375 0.096875
0 0.3390625 0.6953125 0.075 0.1140625
0 0.41953125 0.6625 0.034375 0.10390625
0 0.20234375 0.66328125 0.04765625 0.1671875
0 0.1765625 0.6453125 0.0328125 0.15078125
0 0.1375 0.65859375 0.046875 0.14921875
0 0.10859375 0.58984375 0.03203125 0.1203125
0 0.05625 0.56015625 0.034375 0.10078125
0 0.08515625 0.50703125 0.025 0.0421875
0 0.0453125 0.52890625 0.0234375 0.07890625
0 0.01171875 0.51796875 0.0234375 0.09375
0 0.04609375 0.48515625 0.02421875 0.05390625
0 0.071875 0.4703125 0.01484375 0.03515625
0 0.12109375 0.5125 0.0234375 0.0671875
0 0.109375 0.50078125 0.015625 0.046875
0 0.21484375 0.5828125 0.0171875 0.10234375
0 0.5390625 0.50703125 0.0234375 0.0515625
0 0.51484375 0.50546875 0.0234375 0.05546875
0 0.54921875 0.465625 0.0203125 0.03828125
0 0.1265625 0.86875 0.06640625 0.20078125
0 0.9890625 0.4484375 0.0203125 0.075
0 0.83828125 0.41796875 0.0109375 0.0515625
0 0.82890625 0.37421875 0.0078125 0.03046875
0 0.1359375 0.97109375 0.06640625 0.05703125
0 0.52734375 0.4265625 0.0453125 0.06015625
0 0.73046875 0.390625 0.021875 0.0234375
0 0.878125 0.384375 0.0453125 0.03984375
0 0.8734375 0.359375 0.0328125 0.01640625
0 0.8453125 0.4109375 0.021875 0.05390625
0 0.77421875 0.45546875 0.0375 0.0734375
0 0.86875 0.46484375 0.0484375 0.05703125
0 0.98125 0.50234375 0.0375 0.0671875
0 0.6265625 0.515625 0.046875 0.1171875
0 0.5421875 0.38203125 0.0234375 0.03203125
0 0.784375 0.40390625 0.0125 0.02890625
0 0.86015625 0.3390625 0.00859375 0.028125
0 0.8046875 0.36875 0.0140625 0.03828125
0 0.8890625 0.5046875 0.02421875 0.025
0 0.82734375 0.4125 0.01484375 0.05546875
0 0.71328125 0.459375 0.0109375 0.01640625
0 0.86875 0.421875 0.0265625 0.03515625
0 0.80625 0.4125 0.0078125 0.0484375
0 0.82109375 0.37734375 0.0046875 0.01640625
0 0.84140625 0.36171875 0.0203125 0.03203125
0 0.8140625 0.5375 0.028125 0.07578125
0 0.85625 0.50859375 0.0140625 0.01328125
0 0.0171875 0.5203125 0.0265625 0.08046875
0 0.98828125 0.57890625 0.0234375 0.0890625