0 0.83984375 0.825 0.0375 0.140625
0 0.7953125 0.8203125 0.0375 0.140625
0 0.75 0.82421875 0.03203125 0.1390625
0 0.71875 0.80703125 0.02421875 0.1046875
0 0.71015625 0.81015625 0.02734375 0.109375
0 0.69609375 0.82734375 0.02265625 0.13671875
0 0.675 0.834375 0.02890625 0.121875
0 0.65390625 0.82734375 0.02265625 0.13359375
0 0.6359375 0.82265625 0.034375 0.15234375
0 0.60703125 0.82265625 0.02890625 0.1390625
0 0.621875 0.81953125 0.01953125 0.1453125
0 0.96875 0.77890625 0.021875 0.02734375
0 0.7640625 0.7890625 0.01796875 0.04765625
0 0.70234375 0.7609375 0.00703125 0.01875
0 0.68828125 0.784375 0.01171875 0.0203125
0 0.728125 0.7859375 0.00703125 0.02421875