0 0.025 0.55859375 0.05 0.5078125
0 0.14453125 0.45390625 0.1078125 0.653125
0 0.21640625 0.45546875 0.1171875 0.6453125
0 0.3046875 0.45234375 0.13671875 0.6453125
0 0.3703125 0.4765625 0.071875 0.5828125
0 0.46015625 0.49453125 0.15390625 0.5671875
0 0.52734375 0.45703125 0.15546875 0.63828125
0 0.5796875 0.4953125 0.10859375 0.53984375
0 0.628125 0.34140625 0.10859375 0.25859375
0 0.6296875 0.6359375 0.10859375 0.6828125
0 0.68984375 0.47265625 0.0734375 0.5875
0 0.7296875 0.471875 0.10703125 0.58515625
0 0.715625 0.4625 0.11484375 0.56875
0 0.79140625 0.53359375 0.115625 0.4453125
0 0.859375 0.5125 0.18125 0.534375
0 0.275 0.59296875 0.05 0.08359375
0 0.55859375 0.615625 0.02109375 0.03359375
0 0.47734375 0.61328125 0.03984375 0.04296875