0 0.8671875 0.446875 0.03359375 0.10625
0 0.76171875 0.43359375 0.06640625 0.18515625
0 0.70390625 0.4546875 0.08203125 0.20703125
0 0.6328125 0.44140625 0.03671875 0.1359375
0 0.628125 0.4390625 0.02578125 0.1203125
0 0.59921875 0.45 0.06796875 0.20078125
0 0.5703125 0.44921875 0.0265625 0.13828125
0 0.5703125 0.44921875 0.02578125 0.1359375
0 0.53515625 0.453125 0.08046875 0.2296875
0 0.5578125 0.44609375 0.025 0.1171875
0 0.50390625 0.459375 0.0328125 0.18046875
0 0.290625 0.45703125 0.17265625 0.36640625
0 0.603125 0.37265625 0.01171875 0.0171875