0 0.83828125 0.82109375 0.071875 0.2546875
0 0.83828125 0.8125 0.053125 0.23125
0 0.86953125 0.7640625 0.03828125 0.14375
0 0.77109375 0.765625 0.028125 0.096875
0 0.790625 0.75859375 0.025 0.1015625
0 0.72265625 0.7578125 0.02421875 0.1125
0 0.625 0.771875 0.02265625 0.10625
0 0.59921875 0.8078125 0.03984375 0.159375
0 0.58203125 0.8328125 0.02265625 0.0875
0 0.55078125 0.82578125 0.05 0.2015625
0 0.29609375 0.85 0.065625 0.2375
0 0.41171875 0.803125 0.040625 0.175
0 0.45078125 0.79921875 0.04453125 0.1796875
0 0.48203125 0.76484375 0.021875 0.0765625
0 0.50703125 0.77890625 0.02578125 0.1078125
0 0.5234375 0.7609375 0.01796875 0.078125
0 0.53671875 0.75390625 0.01640625 0.0484375
0 0.5765625 0.7703125 0.021875 0.1
0 0.56796875 0.74296875 0.01796875 0.0515625
0 0.58671875 0.74609375 0.0125 0.0515625
0 0.59921875 0.76484375 0.02109375 0.1046875
0 0.22109375 0.87109375 0.06015625 0.2546875
0 0.1671875 0.8375 0.06328125 0.196875
0 0.31640625 0.75859375 0.021875 0.0515625
0 0.47265625 0.74140625 0.43828125 0.0984375
0 0.19453125 0.87890625 0.02109375 0.0828125
0 0.84921875 0.759375 0.03671875 0.15
0 0.70546875 0.7125 0.03046875 0.1
0 0.196875 0.7625 0.025 0.065625
0 0.3578125 0.93203125 0.08828125 0.0578125
0 0.5203125 0.8734375 0.228125 0.096875