0 0.93359375 0.54609375 0.1203125 0.3734375
0 0.96484375 0.3859375 0.0390625 0.11015625
0 0.90703125 0.4296875 0.0421875 0.13125
0 0.875 0.54375 0.06875 0.3265625
0 0.86328125 0.54140625 0.0546875 0.284375
0 0.81484375 0.56015625 0.0765625 0.3875
0 0.75859375 0.590625 0.1140625 0.48125
0 0.73359375 0.40703125 0.0328125 0.06796875
0 0.71171875 0.51796875 0.0421875 0.2703125
0 0.684375 0.3921875 0.034375 0.075
0 0.68046875 0.53515625 0.0546875 0.30546875
0 0.64765625 0.54921875 0.0859375 0.42265625
0 0.6328125 0.48671875 0.053125 0.275
0 0.6 0.54921875 0.053125 0.33828125
0 0.603125 0.40703125 0.05 0.09609375
0 0.55546875 0.5203125 0.0734375 0.2515625
0 0.52265625 0.57421875 0.0296875 0.2984375
0 0.47578125 0.62109375 0.1046875 0.5890625
0 0.4109375 0.58359375 0.084375 0.5
0 0.30859375 0.428125 0.0328125 0.05859375
0 0.284375 0.4703125 0.034375 0.16171875
0 0.259375 0.42109375 0.025 0.06328125
0 0.21640625 0.41640625 0.0265625 0.06328125
0 0.346875 0.428125 0.034375 0.07265625
0 0.37421875 0.428125 0.0328125 0.07265625
0 0.39765625 0.40390625 0.0265625 0.0609375
0 0.08515625 0.453125 0.0296875 0.065625
0 0.03359375 0.4375 0.0203125 0.07734375
0 0.0125 0.43984375 0.015625 0.08203125
0 0.7609375 0.4234375 0.059375 0.02578125
0 0.68984375 0.428125 0.0234375 0.04921875
0 0.446875 0.41328125 0.4375 0.159375
0 0.00390625 0.4390625 0.0078125 0.084375
0 0.0953125 0.428125 0.10625 0.04921875