0 0.15625 0.60078125 0.12890625 0.56171875
0 0.26328125 0.596875 0.10625 0.5390625
0 0.3546875 0.609375 0.0828125 0.475
0 0.36953125 0.56484375 0.07421875 0.48046875
0 0.4234375 0.6046875 0.10390625 0.5328125
0 0.48125 0.5671875 0.0796875 0.4796875
0 0.515625 0.60859375 0.11015625 0.540625
0 0.55390625 0.3953125 0.04296875 0.0921875
0 0.57578125 0.56953125 0.0625 0.50859375
0 0.61875 0.60703125 0.10546875 0.54375
0 0.7171875 0.61484375 0.10546875 0.534375
0 0.8140625 0.6203125 0.1125 0.5453125
0 0.43203125 0.5484375 0.04765625 0.43515625