0 0.0359375 0.7640625 0.071875 0.34453125
0 0.03828125 0.7609375 0.0609375 0.31171875
0 0.10703125 0.7671875 0.06328125 0.32421875
0 0.16796875 0.76328125 0.07421875 0.31875
0 0.2203125 0.77421875 0.0640625 0.2828125
0 0.28203125 0.7734375 0.06796875 0.2703125
0 0.27578125 0.75859375 0.0453125 0.27265625
0 0.33359375 0.765625 0.0859375 0.2859375
0 0.31640625 0.75 0.0375 0.25859375
0 0.35390625 0.73984375 0.065625 0.3203125
0 0.4046875 0.63515625 0.0546875 0.084375
0 0.44140625 0.6671875 0.0265625 0.03125
0 0.4875 0.6546875 0.03984375 0.05
0 0.5359375 0.66015625 0.05234375 0.065625
0 0.55703125 0.66015625 0.03125 0.06875
0 0.57734375 0.684375 0.03203125 0.04453125
0 0.60078125 0.76015625 0.0453125 0.2171875
0 0.63203125 0.76015625 0.0453125 0.2203125
0 0.61953125 0.75546875 0.03671875 0.2171875
0 0.64921875 0.76015625 0.0296875 0.2171875
0 0.684375 0.79453125 0.10703125 0.40703125
0 0.71953125 0.66015625 0.01640625 0.02421875
0 0.74765625 0.759375 0.03125 0.2015625
0 0.78046875 0.76875 0.04296875 0.19296875
0 0.80859375 0.75703125 0.04453125 0.21015625
0 0.84296875 0.7640625 0.04765625 0.19296875
0 0.878125 0.7578125 0.05546875 0.1984375
0 0.89921875 0.75546875 0.02890625 0.18984375
0 0.921875 0.76640625 0.05078125 0.18125
0 0.9671875 0.76875 0.0546875 0.17265625
0 0.9875 0.75859375 0.0234375 0.18984375
0 0.0046875 0.665625 0.009375 0.05
0 0.19921875 0.6671875 0.02890625 0.03828125
0 0.17578125 0.884375 0.0578125 0.0484375
0 0.4453125 0.6515625 0.028125 0.03125
0 0.4953125 0.659375 0.02109375 0.0359375
0 0.58671875 0.6671875 0.01796875 0.03828125
0 0.66796875 0.6546875 0.0203125 0.0359375
0 0.8453125 0.68359375 0.0140625 0.02578125
0 0.8875 0.68203125 0.01640625 0.0296875
0 0.91171875 0.68515625 0.01875 0.04296875
0 0.96015625 0.68046875 0.0796875 0.0671875
0 0.9453125 0.8140625 0.09453125 0.06171875
0 0.35859375 0.628125 0.23671875 0.03984375