0 0.0234375 0.62578125 0.046875 0.04921875
0 0.05078125 0.578125 0.0734375 0.17734375
0 0.1140625 0.54140625 0.0359375 0.16484375
0 0.17265625 0.61015625 0.10078125 0.3890625
0 0.41328125 0.46640625 0.01328125 0.04296875
0 0.41640625 0.490625 0.01875 0.04296875
0 0.42578125 0.4890625 0.01640625 0.04296875
0 0.45859375 0.490625 0.01328125 0.0390625
0 0.453125 0.5 0.0078125 0.0203125
0 0.4421875 0.49296875 0.01328125 0.0390625
0 0.63203125 0.4671875 0.01796875 0.03671875
0 0.61328125 0.49296875 0.01328125 0.0515625
0 0.70078125 0.48046875 0.021875 0.03515625
0 0.73046875 0.47421875 0.04296875 0.0515625
0 0.7640625 0.475 0.0109375 0.04140625
0 0.846875 0.5390625 0.0265625 0.0984375
0 0.97109375 0.5984375 0.05546875 0.19375
0 0.4703125 0.6046875 0.0453125 0.0453125
0 0.521875 0.59140625 0.0203125 0.03515625
0 0.5671875 0.61015625 0.0453125 0.10078125
0 0.5859375 0.66953125 0.06875 0.07578125
0 0.57109375 0.8171875 0.0890625 0.08203125
0 0.4625 0.7390625 0.09453125 0.11484375
0 0.4609375 0.67265625 0.06796875 0.07421875
0 0.15703125 0.3609375 0.01640625 0.059375
0 0.17265625 0.36640625 0.0140625 0.06171875
0 0.2375 0.38984375 0.0140625 0.0640625
0 0.3828125 0.45703125 0.01015625 0.02890625
0 0.57421875 0.49140625 0.04765625 0.0328125
0 0.87578125 0.4734375 0.0609375 0.0328125
0 0.70234375 0.42578125 0.0109375 0.04140625
0 0.6734375 0.4578125 0.00703125 0.01015625
0 0.31328125 0.40234375 0.00859375 0.04765625
0 0.47421875 0.4875 0.01328125 0.03671875