0 0.0421875 0.50078125 0.0375 0.12578125
0 0.08828125 0.4765625 0.0203125 0.065625
0 0.18203125 0.55546875 0.04921875 0.25078125
0 0.17734375 0.56796875 0.0625 0.26953125
0 0.2171875 0.578125 0.08515625 0.28046875
0 0.2703125 0.56796875 0.059375 0.2171875
0 0.23984375 0.48984375 0.0421875 0.14609375
0 0.2625 0.4453125 0.04765625 0.078125
0 0.29140625 0.440625 0.021875 0.04296875
0 0.2796875 0.453125 0.0234375 0.04609375
0 0.20859375 0.45078125 0.0265625 0.05
0 0.303125 0.453125 0.0375 0.075
0 0.31640625 0.56328125 0.0671875 0.2921875
0 0.36328125 0.57890625 0.0875 0.325
0 0.3546875 0.53046875 0.04765625 0.2
0 0.3796875 0.528125 0.03671875 0.20078125
0 0.41875 0.53671875 0.0453125 0.24296875
0 0.42265625 0.565625 0.0328125 0.25078125
0 0.46171875 0.5875 0.078125 0.3171875
0 0.475 0.4578125 0.028125 0.0421875
0 0.49375 0.5359375 0.05859375 0.209375
0 0.503125 0.46796875 0.03359375 0.1078125
0 0.53671875 0.53046875 0.05234375 0.2140625
0 0.56875 0.5671875 0.06328125 0.26796875
0 0.6015625 0.4578125 0.0390625 0.0890625
0 0.6203125 0.5828125 0.0609375 0.328125
0 0.6609375 0.59921875 0.1078125 0.37578125
0 0.6921875 0.64375 0.01484375 0.040625
0 0.690625 0.52734375 0.03203125 0.1703125
0 0.76875 0.5734375 0.08828125 0.2984375
0 0.77109375 0.45 0.025 0.05234375
0 0.934375 0.10546875 0.1109375 0.21015625
0 0.9390625 0.590625 0.1203125 0.40546875
0 0.10546875 0.5140625 0.05625 0.21875
0 0.159375 0.46484375 0.0359375 0.09296875
0 0.13671875 0.446875 0.01875 0.0484375
0 0.1015625 0.4640625 0.0296875 0.0875
0 0.1203125 0.5484375 0.06875 0.24296875
0 0.07890625 0.52109375 0.0421875 0.1953125
0 0.0328125 0.49296875 0.065625 0.13359375
0 0.01875 0.60234375 0.03359375 0.08046875
0 0.24609375 0.43046875 0.096875 0.02578125
0 0.86015625 0.459375 0.275 0.0921875
0 0.7875 0.2859375 0.1296875 0.11171875
0 0.13828125 0.434375 0.0296875 0.040625
0 0.08984375 0.45859375 0.01953125 0.04296875
0 0.53125 0.43515625 0.00859375 0.0125