0 0.0171875 0.71875 0.034375 0.4
0 0.090625 0.721875 0.09921875 0.40703125
0 0.16484375 0.7 0.1125 0.4875
0 0.24453125 0.696875 0.09140625 0.41015625
0 0.31953125 0.70234375 0.096875 0.40625
0 0.40703125 0.696875 0.1046875 0.43671875
0 0.4953125 0.73828125 0.14921875 0.44609375
0 0.528125 0.72578125 0.184375 0.453125
0 0.65078125 0.6734375 0.12578125 0.44609375
0 0.74921875 0.6484375 0.121875 0.46640625
0 0.8359375 0.70234375 0.1296875 0.44140625
0 0.84296875 0.50546875 0.0734375 0.10078125
0 0.92578125 0.659375 0.10703125 0.4265625
0 0.15703125 0.3765625 0.08671875 0.27890625
0 0.22890625 0.38046875 0.07578125 0.34375
0 0.2296875 0.23515625 0.0796875 0.10234375
0 0.31328125 0.35234375 0.09765625 0.33515625
0 0.284375 0.2265625 0.04453125 0.12421875
0 0.3765625 0.33359375 0.06640625 0.35859375
0 0.40390625 0.18515625 0.04140625 0.07734375
0 0.4375 0.328125 0.0765625 0.36015625
0 0.49140625 0.184375 0.06796875 0.09296875
0 0.4953125 0.33515625 0.05234375 0.340625
0 0.5328125 0.32890625 0.0765625 0.35234375
0 0.56640625 0.1859375 0.03671875 0.06953125
0 0.59921875 0.32578125 0.0703125 0.3640625
0 0.60390625 0.32109375 0.08984375 0.3640625
0 0.640625 0.1953125 0.04140625 0.06796875
0 0.68125 0.20859375 0.07578125 0.09453125
0 0.75 0.2171875 0.078125 0.146875