0 0.68828125 0.54375 0.05390625 0.45390625
0 0.20625 0.4390625 0.0609375 0.10859375
0 0.0515625 0.43984375 0.103125 0.28203125
0 0.11953125 0.64609375 0.2390625 0.7046875
0 0.41875 0.50390625 0.3296875 0.98828125
0 0.846875 0.51171875 0.30390625 0.9734375
0 0.63671875 0.58046875 0.1640625 0.83515625
0 0.31796875 0.5171875 0.14921875 0.96171875
0 0.2359375 0.68203125 0.09140625 0.63515625
0 0.171875 0.4859375 0.0859375 0.1171875
0 0.97578125 0.74140625 0.04609375 0.51328125
0 0.71171875 0.64375 0.04296875 0.46171875
0 0.01015625 0.3828125 0.0203125 0.146875