0 0.06953125 0.7828125 0.1390625 0.428125
0 0.08984375 0.5859375 0.0328125 0.05625
0 0.1109375 0.6375 0.06875 0.16875
0 0.14453125 0.64296875 0.040625 0.18828125
0 0.18828125 0.6328125 0.04375 0.14609375
0 0.24609375 0.65 0.05 0.22734375
0 0.27578125 0.7796875 0.14453125 0.4359375
0 0.3296875 0.675 0.0390625 0.23984375
0 0.35546875 0.6921875 0.078125 0.26953125
0 0.36640625 0.56796875 0.025 0.0671875
0 0.57578125 0.63125 0.0828125 0.1984375
0 0.63359375 0.675 0.04375 0.0984375
0 0.81875 0.68671875 0.0984375 0.27109375
0 0.946875 0.6828125 0.090625 0.30078125
0 0.98359375 0.63671875 0.0328125 0.2171875
0 0.4578125 0.65859375 0.021875 0.04375
0 0.0140625 0.7671875 0.028125 0.2484375
0 0.19453125 0.6546875 0.025 0.08125
0 0.43203125 0.58671875 0.0765625 0.0875
0 0.265625 0.5703125 0.1140625 0.02890625
0 0.58671875 0.69453125 0.0265625 0.04765625
0 0.1875 0.56875 0.0109375 0.01484375