0 0.06015625 0.771875 0.1203125 0.3859375
0 0.15234375 0.8140625 0.18203125 0.37109375
0 0.27890625 0.63828125 0.14140625 0.1609375
0 0.29921875 0.80859375 0.2546875 0.3828125
0 0.44453125 0.77890625 0.125 0.3921875
0 0.5171875 0.7796875 0.20859375 0.4359375
0 0.68671875 0.7609375 0.2796875 0.4765625
0 0.91640625 0.784375 0.16328125 0.42890625
0 0.1046875 0.6109375 0.0734375 0.075
0 0.421875 0.590625 0.09296875 0.0984375
0 0.58984375 0.61015625 0.05703125 0.06015625
0 0.2375 0.64453125 0.0953125 0.11875
0 0.61328125 0.61171875 0.03671875 0.0390625
0 0.375 0.61015625 0.08984375 0.1078125
0 0.496875 0.5765625 0.08984375 0.04140625
0 0.2734375 0.5734375 0.03984375 0.03359375