0 0.48125 0.80703125 0.09296875 0.31640625
0 0.8015625 0.6890625 0.09921875 0.2171875
0 0.871875 0.66640625 0.07421875 0.25546875
0 0.94296875 0.6578125 0.09765625 0.26953125
0 0.8328125 0.58359375 0.04140625 0.140625
0 0.7984375 0.59375 0.071875 0.1203125
0 0.75703125 0.5703125 0.03671875 0.0734375
0 0.72265625 0.78671875 0.1078125 0.38984375
0 0.734375 0.61796875 0.06640625 0.15546875
0 0.63515625 0.76484375 0.07421875 0.3296875
0 0.67578125 0.59765625 0.0609375 0.15546875
0 0.53125 0.775 0.09296875 0.33984375
0 0.584375 0.71328125 0.06640625 0.34296875
0 0.63203125 0.59375 0.05234375 0.1234375
0 0.6453125 0.54609375 0.0359375 0.08828125
0 0.578125 0.5671875 0.03671875 0.08359375
0 0.54921875 0.603125 0.0609375 0.165625
0 0.50859375 0.59453125 0.04765625 0.1421875
0 0.46484375 0.60859375 0.05234375 0.17421875
0 0.38984375 0.78515625 0.13125 0.3765625
0 0.44453125 0.578125 0.0375 0.15234375
0 0.40859375 0.5765625 0.06015625 0.15703125
0 0.375 0.65390625 0.0609375 0.27109375
0 0.3296875 0.59765625 0.06640625 0.121875
0 0.31640625 0.76484375 0.10546875 0.34609375
0 0.30859375 0.56484375 0.02421875 0.053125
0 0.28671875 0.6265625 0.04453125 0.1625
0 0.2453125 0.7234375 0.0734375 0.353125
0 0.26171875 0.56875 0.0296875 0.0671875
0 0.21640625 0.58046875 0.03125 0.0734375
0 0.19296875 0.72265625 0.0625 0.37421875
0 0.14921875 0.7453125 0.08203125 0.409375
0 0.11328125 0.58125 0.05078125 0.08828125
0 0.06796875 0.7671875 0.1078125 0.4515625
0 0.23515625 0.534375 0.03671875 0.028125