0 0.8796875 0.728125 0.1875 0.45625
0 0.8515625 0.67109375 0.046875 0.39140625
0 0.81640625 0.696875 0.0953125 0.38125
0 0.75234375 0.66875 0.0765625 0.39140625
0 0.69375 0.66171875 0.065625 0.35625
0 0.64140625 0.53984375 0.0734375 0.1625
0 0.659375 0.721875 0.1 0.29375
0 0.58984375 0.70078125 0.0703125 0.29375
0 0.58359375 0.64453125 0.0703125 0.34765625
0 0.496875 0.69765625 0.11875 0.26640625
0 0.525 0.621875 0.078125 0.33125
0 0.521875 0.61953125 0.071875 0.33125
0 0.4734375 0.55859375 0.0625 0.20859375
0 0.421875 0.63046875 0.078125 0.34375
0 0.40390625 0.50078125 0.0359375 0.08515625
0 0.37421875 0.603125 0.0578125 0.30625
0 0.34921875 0.67734375 0.0984375 0.24609375
0 0.328125 0.55078125 0.065625 0.22265625
0 0.2703125 0.59921875 0.071875 0.33984375
0 0.20859375 0.58515625 0.0890625 0.3625