0 0.15 0.58984375 0.1484375 0.5
0 0.171875 0.63984375 0.11015625 0.4
0 0.25859375 0.5921875 0.09453125 0.5046875
0 0.31328125 0.5453125 0.06796875 0.41015625
0 0.35390625 0.6453125 0.06640625 0.46015625
0 0.3984375 0.62890625 0.1078125 0.4921875
0 0.4046875 0.6296875 0.0859375 0.4546875
0 0.46484375 0.6359375 0.0734375 0.42734375
0 0.5390625 0.68984375 0.10625 0.48984375
0 0.56640625 0.7328125 0.05234375 0.36484375
0 0.61640625 0.7453125 0.0625 0.3453125
0 0.63046875 0.65625 0.10625 0.47734375
0 0.665625 0.675 0.1 0.475
0 0.7015625 0.74765625 0.065625 0.3453125
0 0.7296875 0.6109375 0.0875 0.4921875
0 0.81640625 0.60234375 0.13984375 0.51484375
0 0.840625 0.6796875 0.08359375 0.4296875