0 0.06953125 0.40625 0.13828125 0.57265625
0 0.065625 0.3375 0.13125 0.4625
0 0.1140625 0.3171875 0.0859375 0.40546875
0 0.17890625 0.36484375 0.1078125 0.50390625
0 0.17890625 0.33046875 0.1109375 0.43671875
0 0.23046875 0.18671875 0.0359375 0.0609375
0 0.28828125 0.4234375 0.165625 0.70625
0 0.3328125 0.37890625 0.07578125 0.49296875
0 0.3734375 0.32265625 0.0890625 0.40703125
0 0.4140625 0.2546875 0.0359375 0.19609375
0 0.434375 0.28203125 0.04453125 0.2171875
0 0.4625 0.26953125 0.02890625 0.18203125
0 0.50703125 0.228125 0.03046875 0.0828125
0 0.50546875 0.21953125 0.0171875 0.06875
0 0.54609375 0.22109375 0.059375 0.11953125
0 0.5921875 0.2234375 0.06953125 0.11484375
0 0.62890625 0.2125 0.0359375 0.0796875
0 0.64921875 0.2578125 0.07421875 0.2953125
0 0.6234375 0.25859375 0.29375 0.3796875
0 0.8140625 0.41953125 0.17265625 0.6984375
0 0.8890625 0.309375 0.05234375 0.290625
0 0.94609375 0.31484375 0.0828125 0.34296875
0 0.98046875 0.2765625 0.0390625 0.11953125
0 0.84453125 0.2 0.07578125 0.246875
0 0.93046875 0.81875 0.13828125 0.36171875
0 0.86875 0.71328125 0.20625 0.5734375
0 0.71953125 0.78203125 0.184375 0.43515625
0 0.6 0.7359375 0.2296875 0.528125
0 0.68046875 0.4640625 0.1140625 0.159375
0 0.60234375 0.63671875 0.09765625 0.51015625
0 0.5765625 0.58828125 0.11484375 0.42109375
0 0.55390625 0.515625 0.07109375 0.41328125
0 0.5453125 0.478125 0.0921875 0.34140625
0 0.51484375 0.45390625 0.059375 0.2953125
0 0.50859375 0.43515625 0.0296875 0.2453125
0 0.34609375 0.171875 0.03046875 0.05390625
0 0.1421875 0.17109375 0.02109375 0.02734375
0 0.24765625 0.178125 0.02109375 0.02109375
0 0.33671875 0.1828125 0.02421875 0.02734375
0 0.39765625 0.17578125 0.0203125 0.03203125
0 0.490625 0.19140625 0.0234375 0.04453125
0 0.45546875 0.17578125 0.0171875 0.02265625
0 0.47265625 0.19921875 0.0125 0.02265625
0 0.42421875 0.1953125 0.0125 0.02109375
0 0.45390625 0.3328125 0.0125 0.03984375
0 0.48046875 0.22578125 0.0125 0.03046875
0 0.509375 0.18046875 0.0125 0.015625
0 0.52578125 0.171875 0.0171875 0.0125
0 0.92265625 0.20859375 0.0328125 0.0609375
0 0.9875 0.54375 0.02421875 0.0671875
0 0.49921875 0.334375 0.01953125 0.03671875
0 0.0359375 0.09296875 0.0296875 0.03046875