0 0.13046875 0.41640625 0.01171875 0.05078125
0 0.13203125 0.4234375 0.009375 0.04375
0 0.1421875 0.42109375 0.0109375 0.04375
0 0.15703125 0.40703125 0.0109375 0.01875
0 0.15625 0.4328125 0.015625 0.0453125
0 0.10859375 0.4875 0.02265625 0.07890625
0 0.1015625 0.63671875 0.03984375 0.12109375
0 0.11796875 0.634375 0.03203125 0.12109375
0 0.14375 0.56640625 0.02734375 0.05078125
0 0.20078125 0.7265625 0.121875 0.434375
0 0.2765625 0.728125 0.06796875 0.284375
0 0.965625 0.5484375 0.0578125 0.11328125
0 0.96484375 0.5484375 0.05703125 0.11328125
0 0.88828125 0.56875 0.0703125 0.11875
0 0.8546875 0.5765625 0.0546875 0.13046875
0 0.80625 0.6 0.05234375 0.1046875
0 0.7140625 0.51484375 0.0375 0.109375
0 0.6921875 0.5140625 0.03125 0.12109375
0 0.66328125 0.52578125 0.03125 0.1390625
0 0.48671875 0.553125 0.021875 0.084375
0 0.765625 0.6078125 0.06015625 0.14140625
0 0.73125 0.640625 0.1 0.190625
0 0.63125 0.59921875 0.059375 0.2421875
0 0.57734375 0.75234375 0.11796875 0.47265625
0 0.4875 0.79140625 0.1171875 0.4140625
0 0.3859375 0.65234375 0.19765625 0.6921875
0 0.25546875 0.37890625 0.21796875 0.11953125
0 0.08671875 0.48359375 0.01015625 0.06015625
0 0.15234375 0.63359375 0.06328125 0.1390625
0 0.51796875 0.45546875 0.0984375 0.0609375
0 0.72734375 0.365625 0.54296875 0.11328125
0 0.46640625 0.54453125 0.0203125 0.07734375
0 0.68203125 0.640625 0.06640625 0.159375
0 0.76875 0.55546875 0.02578125 0.040625