0 0.86953125 0.7171875 0.24140625 0.5609375
0 0.8078125 0.6140625 0.20234375 0.51875
0 0.69375 0.6125 0.15 0.50703125
0 0.609375 0.55234375 0.29609375 0.4546875
0 0.52109375 0.59296875 0.15234375 0.49296875
0 0.459375 0.64765625 0.1640625 0.3890625
0 0.4125 0.56796875 0.1171875 0.42265625
0 0.28828125 0.63515625 0.16640625 0.52890625
0 0.109375 0.66640625 0.21875 0.575
0 0.1453125 0.37109375 0.1546875 0.26015625
0 0.2546875 0.50625 0.16640625 0.53515625
0 0.3640625 0.48359375 0.12890625 0.5875
0 0.43984375 0.28125 0.1171875 0.27890625
0 0.54609375 0.2953125 0.17265625 0.2703125
0 0.4890625 0.228125 0.27734375 0.2484375
0 0.55078125 0.4703125 0.18359375 0.61484375
0 0.62265625 0.26015625 0.08984375 0.184375
0 0.68515625 0.30625 0.12734375 0.2328125
0 0.75859375 0.28828125 0.125 0.28828125
0 0.84453125 0.29765625 0.06640625 0.27890625
0 0.9484375 0.49375 0.10234375 0.6953125
0 0.8953125 0.546875 0.1421875 0.69375
0 0.3046875 0.228125 0.0328125 0.05234375
0 0.06484375 0.29140625 0.04765625 0.13828125
0 0.021875 0.31953125 0.04375 0.20234375
0 0.13125 0.1625 0.02734375 0.071875
0 0.2453125 0.1390625 0.025 0.09453125
0 0.2078125 0.159375 0.0265625 0.078125
0 0.14453125 0.053125 0.01875 0.05
0 0.0640625 0.1609375 0.0234375 0.07421875
0 0.0453125 0.165625 0.0265625 0.06640625
0 0.0140625 0.153125 0.02109375 0.09453125
0 0.06015625 0.09296875 0.025 0.0578125
0 0.08515625 0.07421875 0.0203125 0.08046875
0 0.0921875 0.18125 0.0203125 0.0984375
0 0.09921875 0.17265625 0.0234375 0.09609375
0 0.11640625 0.08046875 0.02265625 0.06796875
0 0.1328125 0.11796875 0.02265625 0.05234375
0 0.165625 0.05546875 0.02109375 0.0421875
0 0.88984375 0.0921875 0.02265625 0.0921875
0 0.9796875 0.12421875 0.0234375 0.0921875
0 0.775 0.0984375 0.0203125 0.08046875
0 0.7390625 0.06796875 0.0203125 0.084375
0 0.646875 0.16015625 0.02890625 0.11640625
0 0.25390625 0.2671875 0.0203125 0.09453125
0 0.1734375 0.27265625 0.15625 0.184375
0 0.02734375 0.16328125 0.025 0.06640625
0 0.00546875 0.1359375 0.0109375 0.0921875
0 0.0734375 0.10234375 0.01875 0.04375
0 0.09296875 0.11796875 0.0234375 0.05625
0 0.1 0.10859375 0.02265625 0.0640625
0 0.0484375 0.1234375 0.0171875 0.05390625
0 0.2015625 0.09296875 0.0140625 0.034375
0 0.2296875 0.1453125 0.02109375 0.0703125
0 0.30546875 0.025 0.0265625 0.05
0 0.384375 0.04921875 0.0234375 0.0984375
0 0.41875 0.08046875 0.0203125 0.084375
0 0.43515625 0.0859375 0.01484375 0.0640625
0 0.4484375 0.07734375 0.0171875 0.0421875
0 0.471875 0.07890625 0.02109375 0.05390625
0 0.471875 0.0578125 0.02109375 0.04375
0 0.7046875 0.1515625 0.0234375 0.07421875
0 0.72421875 0.15234375 0.02109375 0.05234375
0 0.74375 0.13515625 0.0203125 0.02578125
0 0.76953125 0.15703125 0.0265625 0.0703125
0 0.78515625 0.17734375 0.025 0.078125
0 0.8125 0.16953125 0.02734375 0.0984375
0 0.79296875 0.10234375 0.02109375 0.0921875
0 0.71171875 0.10859375 0.02109375 0.06015625
0 0.7234375 0.07578125 0.02265625 0.08046875
0 0.62578125 0.1375 0.01875 0.08203125
0 0.6046875 0.096875 0.0234375 0.05390625
0 0.5734375 0.12109375 0.0171875 0.0703125
0 0.55546875 0.0890625 0.02109375 0.05390625
0 0.534375 0.08125 0.0265625 0.0859375
0 0.50078125 0.04609375 0.0265625 0.08828125
0 0.41484375 0.04921875 0.0171875 0.09453125
0 0.9234375 0.03125 0.01875 0.0625
0 0.99140625 0.0890625 0.01484375 0.08984375
0 0.94609375 0.08125 0.02265625 0.03828125
0 0.9484375 0.11484375 0.02109375 0.08203125
0 0.9265625 0.1109375 0.0234375 0.0984375
0 0.9109375 0.09453125 0.0171875 0.0640625
0 0.75703125 0.0390625 0.01875 0.078125
0 0.690625 0.03203125 0.01640625 0.0640625
0 0.1859375 0.15546875 0.02109375 0.08984375
0 0.1171875 0.0703125 0.0265625 0.08046875
0 0.5 0.10625 1 0.2125