0 0.2125 0.2 0.13125 0.2203125
0 0.32734375 0.26484375 0.0796875 0.2078125
0 0.396875 0.228125 0.08828125 0.16484375
0 0.46015625 0.26875 0.0796875 0.2203125
0 0.5453125 0.27109375 0.10703125 0.26796875
0 0.64453125 0.234375 0.103125 0.2203125
0 0.72890625 0.25390625 0.084375 0.2203125
0 0.18828125 0.45078125 0.14609375 0.54609375
0 0.30078125 0.43046875 0.1125 0.428125
0 0.4109375 0.425 0.12734375 0.3015625
0 0.49765625 0.40390625 0.0875 0.2765625
0 0.56640625 0.415625 0.0984375 0.25703125
0 0.65625 0.45 0.08984375 0.33828125
0 0.71640625 0.36171875 0.07890625 0.20546875
0 0.78671875 0.35546875 0.07890625 0.265625
0 0.88125 0.38046875 0.14609375 0.4046875
0 0.240625 0.2484375 0.07890625 0.17578125
0 0.14140625 0.77421875 0.165625 0.44296875
0 0.2859375 0.74921875 0.14609375 0.42421875
0 0.4453125 0.6984375 0.18125 0.59921875
0 0.5078125 0.58125 0.10390625 0.2890625
0 0.60390625 0.67265625 0.1296875 0.48359375
0 0.72734375 0.67890625 0.12578125 0.509375
0 0.77421875 0.58359375 0.0828125 0.38359375
0 0.77734375 0.49921875 0.06015625 0.21015625
0 0.86875 0.590625 0.134375 0.3125