0 0.0953125 0.2234375 0.0484375 0.1703125
0 0.18671875 0.503125 0.16953125 0.78046875
0 0.3328125 0.52734375 0.17265625 0.73984375
0 0.48046875 0.54765625 0.14375 0.6984375
0 0.58828125 0.54453125 0.11015625 0.71953125
0 0.7125 0.5640625 0.1375 0.77265625
0 0.81953125 0.61796875 0.1546875 0.75234375
0 0.85078125 0.503125 0.1640625 0.63046875
0 0.26875 0.31875 0.025 0.11328125
0 0.64453125 0.35859375 0.05546875 0.2390625
0 0.91875 0.36875 0.05390625 0.2546875
0 0.93203125 0.36484375 0.040625 0.23828125
0 0.95859375 0.34609375 0.05 0.25234375
0 0.1578125 0.4765625 0.10859375 0.49375
0 0.4140625 0.378125 0.02265625 0.178125
0 0.40703125 0.303125 0.0265625 0.06484375
0 0.4421875 0.2875 0.03359375 0.06640625
0 0.55625 0.346875 0.03125 0.1578125
0 0.53828125 0.3125 0.01796875 0.0828125
0 0.55234375 0.24453125 0.02265625 0.065625
0 0.7984375 0.284375 0.0359375 0.12421875
0 0.29140625 0.29296875 0.06484375 0.1015625
0 0.38125 0.28125 0.05 0.08984375
0 0.45078125 0.28828125 0.01796875 0.053125
0 0.51796875 0.29453125 0.0453125 0.0640625
0 0.56484375 0.278125 0.01875 0.04453125
0 0.64921875 0.275 0.1046875 0.1296875
0 0.653125 0.4109375 0.0421875 0.1453125
0 0.76796875 0.303125 0.06484375 0.15859375
0 0.825 0.2484375 0.05 0.06328125
0 0.896875 0.25078125 0.04453125 0.0890625
0 0.984375 0.28671875 0.03125 0.10625
0 0.94296875 0.28203125 0.02109375 0.02734375
0 0.965625 0.425 0.06875 0.171875