0 0.8703125 0.7625 0.259375 0.47421875
0 0.625 0.784375 0.20234375 0.43046875
0 0.390625 0.759375 0.221875 0.48046875
0 0.75703125 0.6796875 0.1578125 0.60546875
0 0.7765625 0.4390625 0.2 0.51015625
0 0.61953125 0.28125 0.16640625 0.4078125
0 0.63984375 0.56640625 0.16484375 0.42109375
0 0.4609375 0.6796875 0.3296875 0.640625
0 0.38515625 0.6734375 0.30234375 0.60859375
0 0.23125 0.7140625 0.165625 0.571875
0 0.16953125 0.5765625 0.26328125 0.84609375
0 0.3421875 0.34140625 0.15234375 0.44765625
0 0.47890625 0.30859375 0.13828125 0.4046875