0 0.809375 0.70234375 0.2109375 0.59296875
0 0.63125 0.6390625 0.18671875 0.54375
0 0.98671875 0.49921875 0.0265625 0.13125
0 0.91796875 0.48359375 0.034375 0.12109375
0 0.90234375 0.47109375 0.0203125 0.10078125
0 0.8640625 0.47734375 0.02734375 0.10078125
0 0.734375 0.47578125 0.0234375 0.1171875
0 0.70234375 0.46796875 0.02421875 0.08984375
0 0.58515625 0.4703125 0.0171875 0.08359375
0 0.3359375 0.47421875 0.03359375 0.09609375
0 0.25859375 0.4640625 0.015625 0.05546875
0 0.2640625 0.44140625 0.01328125 0.03046875
0 0.24140625 0.4578125 0.015625 0.06484375
0 0.22421875 0.4546875 0.01796875 0.0703125
0 0.20546875 0.45390625 0.02109375 0.053125
0 0.04296875 0.7265625 0.0859375 0.378125
0 0.165625 0.23203125 0.1140625 0.17265625
0 0.77109375 0.4109375 0.45546875 0.31484375