0 0.1046875 0.41171875 0.01953125 0.053125
0 0.209375 0.415625 0.0109375 0.021875
0 0.03046875 0.47265625 0.02421875 0.090625
0 0.08828125 0.5046875 0.0265625 0.12734375
0 0.1046875 0.51875 0.03984375 0.1546875
0 0.1578125 0.5421875 0.05546875 0.1859375
0 0.253125 0.55078125 0.04921875 0.1796875
0 0.35859375 0.6171875 0.15 0.47421875
0 0.496875 0.66015625 0.159375 0.51796875
0 0.5515625 0.653125 0.1078125 0.49375
0 0.5609375 0.47734375 0.0203125 0.03203125
0 0.56875 0.45703125 0.02578125 0.08359375
0 0.61875 0.46875 0.0265625 0.084375
0 0.68203125 0.66015625 0.125 0.4953125
0 0.759375 0.49375 0.028125 0.09375
0 0.76953125 0.50703125 0.0375 0.08125
0 0.80234375 0.4796875 0.0171875 0.053125
0 0.8 0.50546875 0.01953125 0.053125
0 0.80625 0.49765625 0.025 0.0671875
0 0.82890625 0.67421875 0.1078125 0.45546875
0 0.215625 0.44375 0.02265625 0.01640625
0 0.58046875 0.23515625 0.02265625 0.06328125