0 0.92578125 0.6671875 0.09765625 0.3890625
0 0.85703125 0.68359375 0.07109375 0.3125
0 0.91640625 0.471875 0.08359375 0.1984375
0 0.840625 0.47265625 0.07890625 0.290625
0 0.8015625 0.66171875 0.0703125 0.309375
0 0.78203125 0.48125 0.04609375 0.21640625
0 0.75078125 0.5875 0.06796875 0.4328125
0 0.72421875 0.64453125 0.08984375 0.3546875
0 0.6875 0.5765625 0.0671875 0.41796875
0 0.65859375 0.40703125 0.0484375 0.13125
0 0.63515625 0.5828125 0.06171875 0.40546875
0 0.61015625 0.57421875 0.03828125 0.41484375
0 0.58125 0.5625 0.05625 0.42734375
0 0.54765625 0.578125 0.06015625 0.40703125
0 0.5234375 0.41875 0.0453125 0.165625
0 0.49296875 0.58671875 0.0625 0.4015625
0 0.43046875 0.64296875 0.09921875 0.29609375
0 0.459375 0.46171875 0.05078125 0.25078125
0 0.46015625 0.465625 0.0515625 0.23671875
0 0.415625 0.4625 0.04375 0.2234375
0 0.3796875 0.50234375 0.0671875 0.2203125
0 0.37109375 0.4125 0.059375 0.14921875
0 0.34765625 0.4 0.0296875 0.1015625
0 0.3265625 0.490625 0.05078125 0.21484375
0 0.29609375 0.58125 0.03984375 0.10703125
0 0.28046875 0.49453125 0.05546875 0.22890625
0 0.2921875 0.4 0.04921875 0.13125
0 0.23828125 0.4953125 0.08125 0.23125
0 0.221875 0.4515625 0.078125 0.2203125
0 0.1890625 0.6375 0.06875 0.3
0 0.1953125 0.4328125 0.04296875 0.21484375
0 0.13828125 0.67578125 0.078125 0.28515625
0 0.1375 0.4953125 0.071875 0.2453125
0 0.17109375 0.428125 0.04375 0.15078125
0 0.1375 0.38203125 0.02890625 0.065625
0 0.0671875 0.6734375 0.065625 0.27109375
0 0.0578125 0.58515625 0.06796875 0.43984375
0 0.09453125 0.54375 0.05078125 0.421875
0 0.0296875 0.56328125 0.059375 0.44375
0 0.34296875 0.6546875 0.06328125 0.27265625