0 0.940625 0.88515625 0.11875 0.22890625
0 0.746875 0.890625 0.24375 0.21484375
0 0.44453125 0.88125 0.1578125 0.2375
0 0.07421875 0.859375 0.1484375 0.27734375
0 0.15625 0.88125 0.090625 0.2375
0 0.26171875 0.9125 0.1140625 0.175
0 0.04453125 0.69296875 0.0515625 0.18515625
0 0.08359375 0.678125 0.0359375 0.11015625
0 0.10546875 0.73828125 0.0578125 0.23125
0 0.1203125 0.67890625 0.025 0.15
0 0.09921875 0.621875 0.0265625 0.03515625
0 0.18984375 0.696875 0.0359375 0.15234375
0 0.21796875 0.69296875 0.0328125 0.12265625
0 0.2296875 0.753125 0.065625 0.18984375
0 0.2640625 0.671875 0.021875 0.05234375
0 0.2734375 0.65625 0.021875 0.05859375
0 0.30625 0.6625 0.034375 0.075
0 0.31953125 0.675 0.0140625 0.06640625
0 0.3453125 0.684375 0.03125 0.11015625
0 0.3734375 0.640625 0.025 0.06015625
0 0.39140625 0.703125 0.0640625 0.16484375
0 0.290625 0.77890625 0.0875 0.2875
0 0.36015625 0.87109375 0.0921875 0.19609375
0 0.4125 0.81015625 0.05 0.15
0 0.4171875 0.68203125 0.034375 0.09765625
0 0.43515625 0.65703125 0.0296875 0.04765625
0 0.43671875 0.66484375 0.0265625 0.06640625
0 0.45625 0.64453125 0.0125 0.05234375
0 0.47265625 0.63671875 0.0109375 0.03515625
0 0.4625 0.65703125 0.015625 0.05234375
0 0.48203125 0.64609375 0.0140625 0.0375
0 0.49453125 0.65390625 0.0203125 0.05
0 0.46953125 0.70078125 0.0421875 0.12265625
0 0.490625 0.75859375 0.059375 0.20859375
0 0.5890625 0.85859375 0.134375 0.27890625
0 0.6734375 0.8703125 0.134375 0.259375
0 0.753125 0.68671875 0.03125 0.09375
0 0.734375 0.70390625 0.04375 0.0875
0 0.7125 0.71640625 0.053125 0.12109375
0 0.66640625 0.71328125 0.0546875 0.08125
0 0.61953125 0.68671875 0.0296875 0.06875
0 0.54609375 0.65546875 0.0171875 0.05625
0 0.51796875 0.69453125 0.0359375 0.13515625
0 0.559375 0.64296875 0.01875 0.04375
0 0.553125 0.68203125 0.0375 0.07734375
0 0.5875 0.72421875 0.059375 0.15625
0 0.55625 0.68125 0.034375 0.07890625
0 0.54609375 0.81015625 0.0546875 0.275
0 0.20234375 0.9375 0.1140625 0.125
0 0.009375 0.72109375 0.01875 0.07890625
0 0.5734375 0.62265625 0.3375 0.0875
0 0.78359375 0.67734375 0.0140625 0.09140625