0 0.2 0.6078125 0.11171875 0.21796875
0 0.27265625 0.6 0.065625 0.24375
0 0.3359375 0.596875 0.053125 0.15625
0 0.38203125 0.59140625 0.03828125 0.14921875
0 0.41328125 0.59375 0.04453125 0.16796875
0 0.44453125 0.5953125 0.02578125 0.14296875
0 0.459375 0.59921875 0.04453125 0.1578125
0 0.48203125 0.58828125 0.0359375 0.1640625
0 0.521875 0.60078125 0.04453125 0.1578125
0 0.60625 0.58671875 0.02578125 0.09609375
0 0.63125 0.58359375 0.028125 0.10546875
0 0.65625 0.58046875 0.02734375 0.11171875
0 0.68046875 0.58046875 0.03125 0.11328125
0 0.70390625 0.5828125 0.0296875 0.11640625
0 0.7203125 0.57734375 0.01640625 0.08359375
0 0.740625 0.58125 0.025 0.07890625
0 0.73828125 0.57734375 0.0234375 0.08046875
0 0.76015625 0.57890625 0.02265625 0.07890625
0 0.77734375 0.578125 0.02109375 0.07890625
0 0.7890625 0.571875 0.01484375 0.06640625
0 0.796875 0.5703125 0.015625 0.06484375
0 0.8265625 0.56484375 0.01875 0.04765625
0 0.84765625 0.56875 0.0171875 0.0578125
0 0.69609375 0.60390625 0.00859375 0.0265625