0 0.025 0.4953125 0.05 0.41875
0 0.046875 0.525 0.0734375 0.48828125
0 0.1 0.62109375 0.153125 0.646875
0 0.1859375 0.5046875 0.0984375 0.5078125
0 0.25546875 0.52421875 0.13203125 0.51484375
0 0.31328125 0.403125 0.05234375 0.27578125
0 0.3359375 0.46640625 0.0953125 0.40859375
0 0.41953125 0.5203125 0.17109375 0.503125
0 0.44609375 0.4640625 0.05625 0.37734375
0 0.453125 0.284375 0.0578125 0.125
0 0.50703125 0.4296875 0.071875 0.33671875
0 0.56640625 0.45078125 0.10546875 0.41328125
0 0.615625 0.50078125 0.0984375 0.46171875
0 0.69140625 0.45234375 0.071875 0.36328125
0 0.7296875 0.48515625 0.0859375 0.45546875
0 0.83515625 0.5140625 0.284375 0.971875
0 0.88828125 0.42265625 0.08203125 0.73203125
0 0.975 0.44609375 0.04921875 0.365625
0 0.95546875 0.403125 0.046875 0.309375
0 0.671875 0.36796875 0.0421875 0.14296875
0 0.6546875 0.31953125 0.034375 0.109375
0 0.365625 0.43828125 0.05625 0.31796875
0 0.31640625 0.403125 0.05 0.278125
0 0.040625 0.28046875 0.08125 0.16953125
0 0.19375 0.30703125 0.22265625 0.159375
0 0.18203125 0.61484375 0.08125 0.16484375
0 0.36875 0.3046875 0.09375 0.13828125
0 0.51640625 0.3046875 0.084375 0.10625
0 0.47890625 0.5 0.02265625 0.18203125
0 0.5546875 0.53984375 0.05703125 0.11953125
0 0.5921875 0.27890625 0.02421875 0.05546875
0 0.6125 0.59453125 0.015625 0.04609375
0 0.65546875 0.31484375 0.078125 0.10390625
0 0.73046875 0.29609375 0.04296875 0.0828125
0 0.76875 0.5484375 0.03359375 0.31640625
0 0.921875 0.4625 0.0296875 0.30234375
0 0.9859375 0.49765625 0.02734375 0.27265625
0 0.96484375 0.278125 0.06953125 0.06640625
0 0.15078125 0.93984375 0.20390625 0.11796875