0 0.875 0.615625 0.22578125 0.76796875
0 0.94453125 0.6390625 0.109375 0.71953125
0 0.68984375 0.70546875 0.203125 0.58828125
0 0.60234375 0.70390625 0.125 0.5921875
0 0.509375 0.6859375 0.11640625 0.628125
0 0.39453125 0.7046875 0.16953125 0.58984375
0 0.25 0.67578125 0.1703125 0.64765625
0 0.1390625 0.70234375 0.16875 0.59453125
0 0.084375 0.6609375 0.16875 0.678125
0 0.2015625 0.653125 0.08515625 0.69375
0 0.31796875 0.65859375 0.11171875 0.66875
0 0.4171875 0.66171875 0.12421875 0.6765625
0 0.56328125 0.4109375 0.053125 0.184375
0 0.675 0.41640625 0.125 0.28515625
0 0.7921875 0.4234375 0.053125 0.13828125
0 0.9640625 0.35546875 0.059375 0.08359375
0 0.79140625 0.50703125 0.12109375 0.20078125