0 0.03828125 0.5390625 0.07578125 0.21484375
0 0.12265625 0.61015625 0.14609375 0.325
0 0.22265625 0.58203125 0.11640625 0.2734375
0 0.2703125 0.4875 0.01953125 0.05625
0 0.40546875 0.59921875 0.11875 0.28046875
0 0.4390625 0.60078125 0.2 0.28515625
0 0.37265625 0.51484375 0.04921875 0.11171875
0 0.5265625 0.4859375 0.03203125 0.0390625
0 0.56640625 0.5046875 0.05390625 0.07890625
0 0.61015625 0.49609375 0.02734375 0.0625
0 0.6359375 0.50625 0.046875 0.08046875
0 0.6578125 0.503125 0.04921875 0.0796875
0 0.7171875 0.51171875 0.06171875 0.1140625
0 0.7859375 0.503125 0.0640625 0.0828125
0 0.828125 0.5125 0.05625 0.07578125
0 0.8921875 0.484375 0.0265625 0.04140625
0 0.91875 0.50859375 0.0359375 0.06640625
0 0.515625 0.4796875 0.01953125 0.025
0 0.87578125 0.51171875 0.05078125 0.07734375
0 0.6546875 0.4671875 0.01953125 0.0203125
0 0.6890625 0.5 0.03125 0.07578125
0 0.025 0.5734375 0.05 0.209375
0 0.19296875 0.44921875 0.0875 0.0203125
0 0.25 0.4734375 0.02421875 0.02734375
0 0.2859375 0.48203125 0.0125 0.03515625
0 0.446875 0.4828125 0.0203125 0.03359375
0 0.5421875 0.47265625 0.01953125 0.01796875
0 0.63046875 0.47734375 0.0171875 0.03203125
0 0.90859375 0.4765625 0.0125 0.0125
0 0.61640625 0.1078125 0.078125 0.1875
0 0.63359375 0.44765625 0.0171875 0.025
0 0.60625 0.45 0.0125 0.02734375
0 0.58203125 0.45078125 0.01015625 0.02734375
0 0.5609375 0.45 0.0140625 0.028125