0 0.1953125 0.57265625 0.07421875 0.26953125
0 0.07890625 0.5953125 0.0859375 0.2640625
0 0.278125 0.51171875 0.021875 0.08671875
0 0.31796875 0.51484375 0.028125 0.12265625
0 0.34765625 0.5234375 0.04296875 0.128125
0 0.37578125 0.515625 0.02109375 0.10078125
0 0.3859375 0.51328125 0.0140625 0.096875
0 0.30390625 0.51171875 0.01953125 0.09296875
0 0.26640625 0.51015625 0.0203125 0.06953125
0 0.03125 0.5046875 0.02734375 0.05390625
0 0.253125 0.4796875 0.00625 0.009375
0 0.2875 0.50703125 0.015625 0.06328125
0 0.353125 0.484375 0.0125 0.028125
0 0.3578125 0.48984375 0.009375 0.040625
0 0.65703125 0.5109375 0.4328125 0.978125
0 0.296875 0.4859375 0.00859375 0.02890625
0 0.3296875 0.49140625 0.01171875 0.05234375
0 0.3578125 0.47734375 0.0109375 0.0203125
0 0.3703125 0.48515625 0.00625 0.02109375
0 0.3484375 0.57421875 0.07265625 0.02734375
0 0.20859375 0.7109375 0.05234375 0.04609375
0 0.07890625 0.7046875 0.078125 0.0546875
0 0.23671875 0.47734375 0.00703125 0.01328125