0 0.1484375 0.74765625 0.14765625 0.32421875
0 0.24921875 0.65390625 0.09609375 0.12734375
0 0.3375 0.7421875 0.0953125 0.3140625
0 0.41875 0.75859375 0.10234375 0.2421875
0 0.49375 0.7484375 0.1078125 0.30625
0 0.58671875 0.7546875 0.09609375 0.2828125
0 0.665625 0.76875 0.10390625 0.25546875
0 0.78046875 0.74609375 0.13359375 0.284375
0 0.02421875 0.70078125 0.0484375 0.37109375
0 0.1 0.63359375 0.1203125 0.44453125
0 0.21875 0.60234375 0.06015625 0.140625
0 0.28984375 0.60859375 0.05234375 0.14375
0 0.3421875 0.609375 0.0703125 0.115625
0 0.4484375 0.640625 0.05234375 0.13359375
0 0.54453125 0.6296875 0.0609375 0.11875
0 0.61640625 0.62421875 0.08515625 0.17578125
0 0.68125 0.6203125 0.0546875 0.1140625
0 0.73828125 0.5640625 0.04375 0.06171875
0 0.82109375 0.621875 0.0671875 0.15703125
0 0.8875 0.72890625 0.1125 0.30078125
0 0.97578125 0.65 0.0484375 0.15
0 0.9234375 0.57109375 0.07734375 0.1453125
0 0.940625 0.47421875 0.05859375 0.08203125
0 0.8640625 0.54765625 0.07890625 0.2125
0 0.7984375 0.49296875 0.05859375 0.06015625
0 0.7109375 0.5015625 0.0625 0.1171875
0 0.6578125 0.52734375 0.08125 0.17890625
0 0.5765625 0.53125 0.06015625 0.1859375
0 0.4671875 0.5390625 0.0453125 0.06171875
0 0.39296875 0.59140625 0.09375 0.1890625
0 0.17109375 0.58125 0.06015625 0.1859375
0 0.03046875 0.6296875 0.0609375 0.46640625
0 0.040625 0.4265625 0.08125 0.14375
0 0.0828125 0.40546875 0.04765625 0.0921875
0 0.1890625 0.49140625 0.08984375 0.190625
0 0.1453125 0.43828125 0.05390625 0.11015625
0 0.0984375 0.378125 0.0234375 0.046875
0 0.12734375 0.4046875 0.0375 0.0765625
0 0.19140625 0.4234375 0.075 0.1
0 0.2640625 0.4640625 0.0734375 0.115625
0 0.3234375 0.48125 0.0515625 0.0734375
0 0.3890625 0.46796875 0.07734375 0.08046875
0 0.3 0.43515625 0.03515625 0.10703125
0 0.33984375 0.4171875 0.0375 0.05546875
0 0.4046875 0.44765625 0.04765625 0.0921875
0 0.36328125 0.43828125 0.04375 0.06328125
0 0.45546875 0.47421875 0.08125 0.121875
0 0.428125 0.446875 0.03359375 0.0765625
0 0.5171875 0.54453125 0.05859375 0.18203125
0 0.49453125 0.475 0.0359375 0.08671875
0 0.4828125 0.43515625 0.03359375 0.1
0 0.5171875 0.43828125 0.0265625 0.03984375
0 0.5375 0.44296875 0.0296875 0.0671875
0 0.55078125 0.49765625 0.05859375 0.15234375
0 0.5640625 0.409375 0.0296875 0.046875
0 0.5984375 0.4359375 0.0375 0.08515625
0 0.61484375 0.46484375 0.0421875 0.08046875
0 0.67578125 0.45546875 0.03359375 0.06875
0 0.75546875 0.4515625 0.0609375 0.09375
0 0.8140625 0.42421875 0.05390625 0.06484375
0 0.865625 0.42109375 0.02890625 0.046875
0 0.903125 0.45546875 0.04375 0.0953125
0 0.3234375 0.38828125 0.03125 0.053125
0 0.44609375 0.40234375 0.0296875 0.03828125
0 0.78671875 0.42890625 0.02890625 0.05546875
0 0.8390625 0.4234375 0.02890625 0.05
0 0.24296875 0.43046875 0.04609375 0.0953125
0 0.33125 0.46171875 0.0546875 0.10390625
0 0.9515625 0.39140625 0.09609375 0.03359375
0 0.2609375 0.3890625 0.0453125 0.03515625
0 0.36484375 0.3953125 0.02734375 0.028125
0 0.68671875 0.425 0.10390625 0.053125
0 0.72421875 0.38515625 0.01875 0.028125