0 0.76015625 0.86171875 0.125 0.271875
0 0.64921875 0.9046875 0.09140625 0.18984375
0 0.31484375 0.89765625 0.1125 0.20390625
0 0.20625 0.8734375 0.096875 0.253125
0 0.64921875 0.828125 0.1 0.23984375
0 0.68203125 0.784375 0.07890625 0.271875
0 0.7703125 0.7203125 0.146875 0.2203125
0 0.6515625 0.6546875 0.10703125 0.34609375
0 0.6359375 0.66875 0.13828125 0.30625
0 0.77421875 0.60625 0.103125 0.31171875
0 0.64921875 0.503125 0.09453125 0.1859375
0 0.62578125 0.43828125 0.11171875 0.24765625
0 0.65 0.3171875 0.09140625 0.234375
0 0.62265625 0.196875 0.128125 0.2421875
0 0.640625 0.1171875 0.07265625 0.1140625
0 0.62265625 0.0890625 0.11875 0.178125
0 0.7421875 0.05625 0.121875 0.11171875
0 0.75703125 0.440625 0.06015625 0.178125
0 0.75078125 0.33203125 0.10390625 0.24375
0 0.73515625 0.25 0.096875 0.2640625
0 0.7375 0.1296875 0.103125 0.259375
0 0.3140625 0.76484375 0.11171875 0.27421875
0 0.18671875 0.73828125 0.13671875 0.29609375
0 0.20390625 0.6421875 0.096875 0.15234375
0 0.20546875 0.56171875 0.125 0.23203125
0 0.3203125 0.515625 0.103125 0.28828125
0 0.19921875 0.478125 0.13203125 0.26796875
0 0.31953125 0.3921875 0.11171875 0.25234375
0 0.20078125 0.32109375 0.12109375 0.321875
0 0.225 0.25234375 0.07734375 0.284375
0 0.31484375 0.2 0.103125 0.2203125
0 0.3203125 0.09765625 0.0875 0.1953125
0 0.2390625 0.14375 0.0875 0.2875
0 0.32109375 0.3 0.10625 0.23984375
0 0.2140625 0.36171875 0.05546875 0.09609375
0 0.31640625 0.6546875 0.09921875 0.221875
0 0.31328125 0.77734375 0.10859375 0.30234375
0 0.18515625 0.7953125 0.13125 0.40625
0 0.50546875 0.95703125 0.646875 0.08203125
0 0.63359375 0.0203125 0.084375 0.03984375
0 0.21171875 0.05234375 0.13203125 0.10390625