0 0.8765625 0.54453125 0.09453125 0.4796875
0 0.87890625 0.3390625 0.0796875 0.1625
0 0.80859375 0.28125 0.065625 0.11796875
0 0.81484375 0.50859375 0.10390625 0.49296875
0 0.77890625 0.478125 0.06171875 0.453125
0 0.734375 0.52578125 0.08515625 0.4734375
0 0.7078125 0.4609375 0.04765625 0.4375
0 0.67109375 0.50703125 0.07890625 0.4625
0 0.65234375 0.27578125 0.028125 0.0890625
0 0.646875 0.321875 0.034375 0.1109375
0 0.6109375 0.4953125 0.1015625 0.4890625
0 0.5796875 0.30546875 0.0359375 0.09140625
0 0.56171875 0.2875 0.0703125 0.11796875
0 0.55078125 0.50546875 0.08515625 0.48671875
0 0.509375 0.48203125 0.06640625 0.4359375
0 0.4828125 0.28671875 0.0375 0.1203125
0 0.46171875 0.5140625 0.1 0.4734375
0 0.4359375 0.47890625 0.0796875 0.4640625
0 0.40390625 0.2921875 0.04296875 0.11328125
0 0.378125 0.503125 0.0921875 0.4734375
0 0.33671875 0.478125 0.065625 0.46640625
0 0.29375 0.30859375 0.04921875 0.13359375
0 0.30390625 0.5234375 0.0828125 0.45078125
0 0.27109375 0.478125 0.05234375 0.484375
0 0.2328125 0.51015625 0.0890625 0.4953125
0 0.1953125 0.465625 0.0546875 0.42421875
0 0.165625 0.5046875 0.08515625 0.52421875
0 0.09140625 0.49140625 0.1078125 0.50703125