0 0.0703125 0.5390625 0.140625 0.65625
0 0.253125 0.54453125 0.125 0.4953125
0 0.4453125 0.5390625 0.03671875 0.3546875
0 0.49765625 0.5265625 0.11171875 0.44765625
0 0.71875 0.540625 0.1375 0.53828125
0 0.8703125 0.56328125 0.20078125 0.6890625
0 0.925 0.7453125 0.14921875 0.32421875
0 0.375 0.371875 0.059375 0.18203125
0 0.5375 0.33359375 0.0265625 0.10078125
0 0.5875 0.375 0.03828125 0.15
0 0.61328125 0.35546875 0.04765625 0.10078125
0 0.6046875 0.46875 0.1015625 0.24609375
0 0.61875 0.54296875 0.09609375 0.2953125
0 0.62890625 0.47734375 0.0953125 0.225
0 0.03359375 0.8015625 0.0671875 0.246875
0 0.3453125 0.54765625 0.11796875 0.3484375
0 0.46328125 0.3765625 0.0625 0.18515625
0 0.5140625 0.634375 0.05234375 0.12265625
0 0.5609375 0.3875 0.0265625 0.20703125
0 0.2890625 0.309375 0.06015625 0.078125
0 0.95234375 0.32421875 0.078125 0.15390625
0 0.62421875 0.29921875 0.02890625 0.04296875
0 0.56953125 0.49765625 0.04140625 0.12109375
0 0.61015625 0.41875 0.03515625 0.0640625