0 0.08671875 0.525 0.13359375 0.29921875
0 0.1859375 0.45625 0.0765625 0.23515625
0 0.26328125 0.421875 0.0984375 0.340625
0 0.37109375 0.4859375 0.1234375 0.39609375
0 0.2234375 0.32578125 0.05859375 0.08984375
0 0.43125 0.41953125 0.0875 0.41015625
0 0.49296875 0.4421875 0.115625 0.446875
0 0.5390625 0.30390625 0.05703125 0.1984375
0 0.57421875 0.44140625 0.0890625 0.4078125
0 0.625 0.42734375 0.0828125 0.43125
0 0.67734375 0.3203125 0.125 0.1984375
0 0.67265625 0.45703125 0.13515625 0.4078125
0 0.784375 0.584375 0.16328125 0.82734375
0 0.92109375 0.54921875 0.15546875 0.85
0 0.93515625 0.86484375 0.1078125 0.26953125
0 0.5015625 0.84453125 0.25546875 0.3109375
0 0.4203125 0.85703125 0.1234375 0.2765625