0 0.2765625 0.521875 0.2796875 0.91640625
0 0.08515625 0.5125 0.1375 0.46484375
0 0.94375 0.6296875 0.11015625 0.73828125
0 0.84609375 0.62421875 0.20859375 0.7484375
0 0.77890625 0.60234375 0.1796875 0.79296875
0 0.709375 0.63828125 0.08671875 0.72109375
0 0.5953125 0.634375 0.16328125 0.63125
0 0.5296875 0.54609375 0.11875 0.6390625
0 0.41796875 0.678125 0.13046875 0.24453125
0 0.16953125 0.48671875 0.1234375 0.47890625
0 0.40859375 0.41328125 0.05703125 0.428125
0 0.48125 0.48046875 0.0640625 0.45078125
0 0.89921875 0.209375 0.0921875 0.1484375
0 0.85078125 0.2453125 0.05703125 0.09765625
0 0.621875 0.30703125 0.0828125 0.23203125
0 0.67734375 0.32421875 0.0796875 0.26796875
0 0.578125 0.25078125 0.06875 0.14453125
0 0.303125 0.2546875 0.05703125 0.1390625
0 0.26484375 0.59609375 0.14921875 0.4765625
0 0.3453125 0.4859375 0.11171875 0.52734375
0 0.484375 0.45078125 0.065625 0.40078125