0 0.48046875 0.5859375 0.4 0.58828125
0 0.0265625 0.4359375 0.05234375 0.19140625
0 0.06484375 0.44453125 0.11015625 0.18125
0 0.1265625 0.428125 0.04765625 0.11796875
0 0.2140625 0.4390625 0.1 0.1984375
0 0.278125 0.44921875 0.07265625 0.18125
0 0.35 0.41796875 0.09453125 0.11328125
0 0.771875 0.41640625 0.02734375 0.05390625
0 0.80078125 0.41484375 0.03046875 0.0578125
0 0.865625 0.41640625 0.02890625 0.06328125
0 0.8359375 0.4078125 0.02734375 0.05078125
0 0.95 0.42265625 0.0390625 0.0515625
0 0.1125 0.38203125 0.01875 0.02265625
0 0.9234375 0.4078125 0.146875 0.05078125
0 0.396875 0.39375 0.05390625 0.03984375
0 0.1484375 0.40078125 0.03359375 0.0625