0 0.1234375 0.54609375 0.10078125 0.31484375
0 0.1984375 0.54609375 0.075 0.28125
0 0.2640625 0.5328125 0.078125 0.2921875
0 0.29296875 0.5375 0.115625 0.28203125
0 0.37578125 0.53203125 0.084375 0.2875
0 0.4390625 0.534375 0.06796875 0.2734375
0 0.5078125 0.5265625 0.08203125 0.278125
0 0.5828125 0.52890625 0.09296875 0.27578125
0 0.6578125 0.52890625 0.09453125 0.290625
0 0.71015625 0.52421875 0.06484375 0.26171875
0 0.765625 0.51171875 0.07578125 0.26328125
0 0.84140625 0.54296875 0.08203125 0.22890625
0 0.86875 0.50703125 0.09765625 0.27578125