0 0.93984375 0.68515625 0.0828125 0.23125
0 0.96484375 0.6578125 0.0296875 0.13671875
0 0.99296875 0.64140625 0.0109375 0.11171875
0 0.9890625 0.63359375 0.01875 0.0875
0 0.88046875 0.62890625 0.0234375 0.0921875
0 0.84140625 0.63125 0.0265625 0.0921875
0 0.87109375 0.61875 0.0171875 0.05859375
0 0.796875 0.6703125 0.04375 0.18359375
0 0.6609375 0.71328125 0.08125 0.26484375
0 0.5546875 0.69765625 0.08125 0.22421875
0 0.33828125 0.7171875 0.0578125 0.26015625
0 0.28359375 0.7234375 0.0796875 0.29375
0 0.23046875 0.69375 0.0609375 0.2578125
0 0.16171875 0.68046875 0.0640625 0.1859375
0 0.19296875 0.671875 0.0296875 0.1859375
0 0.134375 0.6640625 0.040625 0.165625
0 0.1515625 0.6 0.028125 0.046875
0 0.06875 0.6671875 0.04375 0.17734375
0 0.028125 0.6578125 0.040625 0.14140625
0 0.3984375 0.65703125 0.03125 0.134375
0 0.1734375 0.6296875 0.346875 0.11171875
0 0.609375 0.6703125 0.1 0.2109375
0 0.7015625 0.64921875 0.06875 0.1953125
0 0.78671875 0.6296875 0.1046875 0.08984375
0 0.9484375 0.6359375 0.0375 0.17265625
0 0.27109375 0.79609375 0.0234375 0.0265625
0 0.23203125 0.4 0.0734375 0.1546875
0 0.90546875 0.65546875 0.0234375 0.1640625
0 0.4546875 0.6640625 0.215625 0.20625
0 0.4546875 0.8609375 0.13125 0.19296875