0 0.51328125 0.56796875 0.0578125 0.28671875
0 0.29765625 0.521875 0.03515625 0.153125
0 0.27734375 0.51796875 0.01953125 0.1109375
0 0.265625 0.5015625 0.00859375 0.02890625
0 0.2390625 0.51640625 0.0171875 0.06875
0 0.21875 0.5125 0.0265625 0.1296875
0 0.18984375 0.5140625 0.0421875 0.13359375
0 0.16796875 0.51328125 0.009375 0.04765625
0 0.153125 0.52734375 0.0140625 0.0609375
0 0.1453125 0.5171875 0.0203125 0.078125
0 0.1234375 0.5125 0.028125 0.103125
0 0.18046875 0.4921875 0.01171875 0.0515625