0 0.01640625 0.56015625 0.02109375 0.07890625
0 0.07421875 0.66171875 0.13046875 0.4078125
0 0.18046875 0.6453125 0.1234375 0.3375
0 0.26328125 0.60546875 0.12734375 0.2953125
0 0.271875 0.64921875 0.1625 0.3828125
0 0.50390625 0.6 0.021875 0.134375
0 0.50859375 0.65234375 0.10234375 0.33515625
0 0.63515625 0.6296875 0.021875 0.10546875
0 0.6484375 0.69609375 0.1109375 0.47734375
0 0.76328125 0.66015625 0.15078125 0.36953125
0 0.71953125 0.61953125 0.0265625 0.14765625
0 0.74296875 0.60625 0.01953125 0.109375
0 0.9578125 0.6234375 0.034375 0.14375
0 0.9859375 0.6171875 0.02578125 0.134375
0 0.496875 0.58046875 0.0125 0.0921875