0 0.075 0.46640625 0.15 0.6359375
0 0.4671875 0.56171875 0.11640625 0.3921875
0 0.540625 0.56171875 0.11640625 0.3921875
0 0.6109375 0.5578125 0.0890625 0.36953125
0 0.6703125 0.54375 0.0765625 0.36015625
0 0.70625 0.5359375 0.04765625 0.3546875
0 0.72578125 0.5125 0.04140625 0.31875
0 0.77265625 0.4984375 0.05 0.2609375
0 0.81484375 0.4734375 0.0578125 0.290625
0 0.80390625 0.421875 0.07265625 0.36796875
0 0.75859375 0.425 0.05234375 0.328125
0 0.859375 0.41171875 0.0484375 0.1859375
0 0.859375 0.4296875 0.0359375 0.15390625
0 0.884375 0.43515625 0.02890625 0.14609375
0 0.89296875 0.4265625 0.0109375 0.159375
0 0.68359375 0.359375 0.03984375 0.0203125