0 0.20390625 0.9015625 0.08515625 0.19609375
0 0.25 0.9296875 0.065625 0.140625
0 0.33125 0.8796875 0.11015625 0.23828125
0 0.38671875 0.91484375 0.10859375 0.16953125
0 0.49453125 0.9125 0.14375 0.175
0 0.6953125 0.88671875 0.1671875 0.22265625
0 0.87109375 0.8671875 0.1921875 0.265625
0 0.059375 0.8859375 0.11875 0.228125
0 0.121875 0.8703125 0.09140625 0.259375
0 0.21171875 0.81171875 0.0484375 0.11015625
0 0.26640625 0.81875 0.05234375 0.13984375
0 0.2453125 0.80390625 0.02734375 0.06640625
0 0.4390625 0.86015625 0.0625 0.153125
0 0.634375 0.8296875 0.04140625 0.12109375
0 0.59375 0.8546875 0.0453125 0.178125
0 0.7953125 0.8828125 0.04375 0.234375
0 0.73828125 0.759375 0.0234375 0.04140625
0 0.65546875 0.80703125 0.04140625 0.13984375
0 0.790625 0.771875 0.03359375 0.06015625
0 0.5515625 0.84453125 0.03515625 0.19140625
0 0.0609375 0.8109375 0.0359375 0.11796875
0 0.15390625 0.83203125 0.0546875 0.16328125
0 0.31171875 0.79140625 0.03359375 0.08515625
0 0.47421875 0.78203125 0.04140625 0.1
0 0.04609375 0.775 0.0921875 0.0828125
0 0.9375 0.81796875 0.12265625 0.1578125
0 0.4203125 0.77734375 0.19375 0.1
0 0.21484375 0.78125 0.1828125 0.0984375
0 0.5828125 0.77890625 0.13515625 0.08984375
0 0.759375 0.778125 0.16640625 0.08828125