0 0.9625 0.60859375 0.07421875 0.46640625
0 0.83515625 0.54765625 0.0859375 0.42890625
0 0.9171875 0.59609375 0.10390625 0.43046875
0 0.834375 0.5453125 0.0875 0.415625
0 0.7734375 0.53046875 0.11171875 0.41953125
0 0.721875 0.559375 0.15078125 0.51953125
0 0.6890625 0.515625 0.07890625 0.36796875
0 0.609375 0.63984375 0.10234375 0.2515625
0 0.6375 0.54921875 0.07109375 0.17109375
0 0.66875 0.4484375 0.05859375 0.325
0 0.62109375 0.44765625 0.0703125 0.31796875
0 0.5859375 0.48203125 0.0875 0.4
0 0.5578125 0.484375 0.06015625 0.43359375
0 0.525 0.4890625 0.08671875 0.475
0 0.465625 0.48125 0.075 0.4484375
0 0.4078125 0.4609375 0.11015625 0.55546875
0 0.3125 0.459375 0.10078125 0.51953125
0 0.2265625 0.46875 0.10546875 0.54296875
0 0.12578125 0.4640625 0.1234375 0.6859375
0 0.09375 0.40703125 0.09296875 0.53046875
0 0.04375 0.315625 0.04921875 0.221875
0 0.01875 0.2859375 0.0375 0.096875
0 0.3328125 0.2734375 0.0296875 0.08046875
0 0.2140625 0.3890625 0.08359375 0.403125
0 0.73125 0.359375 0.0203125 0.05703125
0 0.053125 0.56640625 0.06328125 0.2
0 0.16796875 0.6359375 0.0328125 0.075
0 0.93515625 0.6046875 0.1296875 0.3015625