0 0.11953125 0.665625 0.2390625 0.43359375
0 0.35 0.74296875 0.26484375 0.51328125
0 0.26328125 0.546875 0.27109375 0.3859375
0 0.21484375 0.45234375 0.13515625 0.47578125
0 0.32578125 0.2875 0.07578125 0.1703125
0 0.38203125 0.41953125 0.1109375 0.27890625
0 0.42578125 0.4421875 0.0453125 0.15078125
0 0.45703125 0.61171875 0.1734375 0.56171875
0 0.59140625 0.515625 0.340625 0.96875
0 0.76796875 0.553125 0.10234375 0.50625
0 0.809375 0.50078125 0.07265625 0.38046875
0 0.8390625 0.38671875 0.05078125 0.090625
0 0.859375 0.3875 0.02734375 0.1
0 0.90859375 0.54765625 0.13203125 0.54140625
0 0.959375 0.3953125 0.02578125 0.08984375
0 0.71328125 0.36484375 0.08125 0.16640625
0 0.84609375 0.38515625 0.084375 0.09921875