0 0.90859375 0.54375 0.18125 0.80234375
0 0.69296875 0.55859375 0.421875 0.8796875
0 0.57578125 0.52578125 0.175 0.8203125
0 0.36171875 0.48828125 0.246875 0.8703125
0 0.12421875 0.54609375 0.2484375 0.8984375
0 0.28828125 0.359375 0.08203125 0.1796875
0 0.06015625 0.07421875 0.0921875 0.1484375
0 0.22734375 0.06015625 0.096875 0.1203125
0 0.55390625 0.1296875 0.09453125 0.25859375
0 0.7015625 0.0484375 0.084375 0.096875
0 0.39921875 0.084375 0.08359375 0.16875
0 0.4734375 0.1296875 0.08203125 0.25859375
0 0.61640625 0.05 0.0671875 0.1
0 0.2859375 0.059375 0.071875 0.11875
0 0.13046875 0.06875 0.08046875 0.13671875
0 0.03203125 0.07734375 0.0359375 0.1546875
0 0.96171875 0.621875 0.07578125 0.4125
0 0.875 0.04453125 0.246875 0.0890625