0 0.0203125 0.3515625 0.0375 0.10703125
0 0.0859375 0.359375 0.02734375 0.0390625
0 0.04921875 0.50390625 0.0984375 0.24765625
0 0.09140625 0.5640625 0.14765625 0.3421875
0 0.17578125 0.4140625 0.0765625 0.09609375
0 0.24296875 0.390625 0.0421875 0.0546875
0 0.21171875 0.3453125 0.02421875 0.0609375
0 0.21640625 0.35390625 0.0203125 0.03671875
0 0.26640625 0.3578125 0.021875 0.02890625
0 0.371875 0.3515625 0.0234375 0.0390625
0 0.3484375 0.39765625 0.03828125 0.071875
0 0.3734375 0.41015625 0.04609375 0.06484375
0 0.29765625 0.3921875 0.03828125 0.06015625
0 0.3171875 0.41328125 0.04609375 0.0875
0 0.32109375 0.49375 0.13984375 0.16171875
0 0.428125 0.421875 0.08671875 0.23203125
0 0.4203125 0.52734375 0.07421875 0.16171875
0 0.5109375 0.51328125 0.0796875 0.1953125
0 0.5125 0.421875 0.03515625 0.07578125
0 0.37890625 0.72578125 0.35546875 0.271875
0 0.66640625 0.653125 0.3484375 0.365625
0 0.57734375 0.4375 0.053125 0.08046875
0 0.61015625 0.4515625 0.0546875 0.08046875
0 0.6734375 0.47109375 0.109375 0.29453125
0 0.76640625 0.56328125 0.1234375 0.225
0 0.87109375 0.56484375 0.103125 0.5
0 0.92109375 0.53984375 0.0828125 0.4203125
0 0.70390625 0.30546875 0.034375 0.1
0 0.73203125 0.27734375 0.0359375 0.109375
0 0.71796875 0.225 0.025 0.04921875
0 0.97578125 0.48125 0.0484375 0.2203125
0 0.790625 0.484375 0.07109375 0.09921875
0 0.5140625 0.38203125 0.028125 0.0375
0 0.4640625 0.37421875 0.01171875 0.02734375
0 0.4984375 0.45078125 0.02421875 0.11171875
0 0.46640625 0.475 0.0671875 0.14609375
0 0.2 0.36171875 0.01875 0.02890625
0 0.20625 0.390625 0.04765625 0.04453125
0 0.0234375 0.4015625 0.0390625 0.071875
0 0.775 0.20703125 0.071875 0.046875
0 0.9734375 0.7203125 0.05078125 0.54921875
0 0.928125 0.9390625 0.0421875 0.11171875
0 0.73359375 0.47734375 0.0421875 0.1546875
0 0.6125 0.41796875 0.03203125 0.0546875
0 0.36015625 0.390625 0.07890625 0.078125
0 0.23828125 0.36640625 0.0328125 0.03515625
0 0.103125 0.35625 0.0171875 0.021875
0 0.01875 0.48125 0.0375 0.13125
0 0.53671875 0.40859375 0.03046875 0.05703125
0 0.47578125 0.3515625 0.059375 0.046875
0 0.53125 0.3625 0.02734375 0.03515625