0 0.89375 0.62421875 0.14296875 0.75078125
0 0.79765625 0.65234375 0.13984375 0.69140625
0 0.671875 0.69921875 0.13359375 0.59765625
0 0.56640625 0.6703125 0.13359375 0.65546875
0 0.45703125 0.6859375 0.11328125 0.62421875
0 0.3671875 0.6578125 0.11875 0.6796875
0 0.278125 0.68359375 0.12421875 0.62890625
0 0.18671875 0.6625 0.128125 0.67109375
0 0.0734375 0.5953125 0.146875 0.8046875
0 0.7203125 0.5625 0.10546875 0.55546875
0 0.59609375 0.4234375 0.128125 0.2109375
0 0.678125 0.31875 0.08125 0.20703125
0 0.615625 0.27109375 0.08125 0.18671875
0 0.534375 0.39453125 0.06796875 0.2640625
0 0.46953125 0.38359375 0.08515625 0.2203125
0 0.42890625 0.35078125 0.065625 0.2
0 0.3578125 0.35859375 0.115625 0.246875
0 0.2703125 0.3859375 0.10703125 0.26875
0 0.67265625 0.24765625 0.08671875 0.1796875
0 0.565625 0.27109375 0.04296875 0.16015625
0 0.5203125 0.28125 0.06796875 0.153125
0 0.3484375 0.2859375 0.08671875 0.1796875
0 0.63046875 0.16875 0.05625 0.12421875
0 0.5828125 0.2046875 0.05078125 0.23984375
0 0.54296875 0.20234375 0.03984375 0.12890625
0 0.48203125 0.23359375 0.05234375 0.178125
0 0.41171875 0.246875 0.07734375 0.18671875
0 0.284375 0.2546875 0.09296875 0.25078125
0 0.3625 0.19921875 0.053125 0.14453125
0 0.46796875 0.16875 0.0375 0.09765625
0 0.44375 0.19453125 0.05625 0.13984375
0 0.39296875 0.1875 0.04375 0.16640625
0 0.30078125 0.14453125 0.0921875 0.1734375
0 0.65234375 0.12109375 0.0625 0.13984375
0 0.615625 0.0953125 0.04296875 0.1421875
0 0.55 0.1140625 0.04375 0.0953125
0 0.51171875 0.15546875 0.046875 0.1421875
0 0.509375 0.10546875 0.04765625 0.1046875
0 0.46953125 0.09921875 0.03984375 0.08203125
0 0.43515625 0.11328125 0.04921875 0.0796875
0 0.4125 0.1140625 0.03046875 0.08203125
0 0.365625 0.1140625 0.053125 0.10859375
0 0.303125 0.14921875 0.0890625 0.18203125
0 0.3421875 0.09296875 0.03359375 0.10703125
0 0.3515625 0.05546875 0.03046875 0.0890625
0 0.3984375 0.0640625 0.0375 0.084375
0 0.4046875 0.02578125 0.028125 0.05078125
0 0.43125 0.05859375 0.03828125 0.0640625
0 0.45078125 0.05 0.03203125 0.0953125
0 0.4765625 0.05546875 0.03046875 0.0625
0 0.5 0.03203125 0.0296875 0.0640625
0 0.5296875 0.06328125 0.03828125 0.1265625
0 0.56484375 0.065625 0.0359375 0.06875
0 0.58984375 0.07578125 0.025 0.10234375