0 0.01328125 0.80546875 0.0265625 0.14765625
0 0.05390625 0.725 0.0375 0.25859375
0 0.18046875 0.72421875 0.0546875 0.25625
0 0.2453125 0.73046875 0.03203125 0.18984375
0 0.278125 0.73046875 0.01796875 0.13515625
0 0.29921875 0.72421875 0.0359375 0.18125
0 0.3234375 0.721875 0.01953125 0.11484375
0 0.3421875 0.73125 0.0359375 0.1625
0 0.35859375 0.72734375 0.01640625 0.09609375
0 0.39296875 0.73046875 0.0140625 0.08515625
0 0.40859375 0.725 0.015625 0.09609375
0 0.421875 0.72734375 0.02421875 0.1
0 0.44140625 0.72265625 0.01796875 0.1
0 0.46015625 0.72890625 0.0140625 0.0875
0 0.471875 0.72734375 0.02109375 0.09609375
0 0.503125 0.71015625 0.0109375 0.05390625
0 0.50625 0.73046875 0.01640625 0.08515625
0 0.5296875 0.73046875 0.015625 0.09765625
0 0.5359375 0.696875 0.01015625 0.03984375
0 0.553125 0.728125 0.015625 0.10234375
0 0.56875 0.72890625 0.01875 0.09140625
0 0.60703125 0.75546875 0.0234375 0.05625
0 0.61953125 0.725 0.02421875 0.12109375
0 0.66171875 0.728125 0.021875 0.11875
0 0.6671875 0.74921875 0.01796875 0.08125
0 0.66953125 0.72421875 0.025 0.13125
0 0.68984375 0.725 0.025 0.12890625
0 0.7390625 0.696875 0.0140625 0.07734375
0 0.75234375 0.728125 0.03203125 0.15234375
0 0.771875 0.71328125 0.01875 0.12734375
0 0.78046875 0.71796875 0.0234375 0.11484375
0 0.80234375 0.72265625 0.02890625 0.19609375
0 0.81953125 0.728125 0.02109375 0.16875
0 0.83125 0.73671875 0.025 0.15234375
0 0.846875 0.72578125 0.03203125 0.19765625
0 0.86171875 0.73203125 0.0453125 0.18515625
0 0.88828125 0.709375 0.01640625 0.12265625
0 0.8953125 0.68203125 0.02890625 0.13125
0 0.91875 0.715625 0.01953125 0.15625
0 0.93984375 0.69921875 0.046875 0.15625
0 0.95390625 0.71640625 0.02421875 0.2125
0 0.97890625 0.73046875 0.03828125 0.21875
0 0.984375 0.78046875 0.0296875 0.12734375
0 0.215625 0.74609375 0.02890625 0.15
0 0.26015625 0.72265625 0.02109375 0.17109375
0 0.37890625 0.74453125 0.01875 0.04765625
0 0.4 0.721875 0.00859375 0.02734375
0 0.60234375 0.74453125 0.0109375 0.02734375
0 0.64140625 0.73828125 0.01796875 0.08125
0 0.6625 0.67265625 0.00625 0.01640625
0 0.7078125 0.703125 0.015625 0.07734375
0 0.71953125 0.72734375 0.02109375 0.13359375
0 0.7359375 0.74296875 0.01796875 0.11484375
0 0.7609375 0.68984375 0.01171875 0.07109375
0 0.7859375 0.66484375 0.01171875 0.0375
0 0.7734375 0.77578125 0.0234375 0.03515625
0 0.83359375 0.653125 0.01171875 0.03515625
0 0.9 0.778125 0.02421875 0.08125
0 0.9890625 0.71484375 0.01953125 0.1125