0 0.67890625 0.978125 0.0375 0.0421875
0 0.465625 0.9296875 0.04296875 0.07265625
0 0.3625 0.95 0.02890625 0.025
0 0.3 0.91953125 0.02265625 0.0328125
0 0.32109375 0.90390625 0.02578125 0.04921875
0 0.30859375 0.9234375 0.02578125 0.05234375
0 0.26328125 0.89453125 0.02109375 0.03828125
0 0.27578125 0.890625 0.02265625 0.05
0 0.2171875 0.88984375 0.02578125 0.03671875
0 0.1546875 0.90390625 0.0359375 0.04375
0 0.1484375 0.8890625 0.02890625 0.03125
0 0.17109375 0.890625 0.02421875 0.0515625
0 0.09765625 0.88515625 0.02734375 0.0453125
0 0.1046875 0.86171875 0.04140625 0.0546875
0 0.09140625 0.8484375 0.02578125 0.05546875
0 0.02265625 0.86953125 0.02265625 0.04609375
0 0.05234375 0.86953125 0.02109375 0.04375
0 0.05625 0.88203125 0.02734375 0.0421875
0 0.028125 0.90390625 0.03828125 0.0640625
0 0.040625 0.8484375 0.01875 0.04375
0 0.06484375 0.82578125 0.01875 0.02265625
0 0.06640625 0.8296875 0.015625 0.01640625
0 0.1265625 0.75234375 0.02109375 0.02890625
0 0.29921875 0.775 0.015625 0.0328125
0 0.309375 0.775 0.015625 0.03125
0 0.30390625 0.78046875 0.0171875 0.03046875
0 0.31953125 0.78203125 0.01875 0.03125
0 0.33359375 0.7859375 0.0125 0.03046875
0 0.35390625 0.78515625 0.0140625 0.025
0 0.3890625 0.778125 0.02421875 0.03359375
0 0.42265625 0.7859375 0.02578125 0.0328125
0 0.4546875 0.7609375 0.015625 0.0265625
0 0.4671875 0.76484375 0.0140625 0.0265625
0 0.4796875 0.8 0.02890625 0.0375
0 0.496875 0.78984375 0.02265625 0.03125
0 0.515625 0.80234375 0.02890625 0.03671875
0 0.53203125 0.7578125 0.01875 0.03046875
0 0.52890625 0.771875 0.0140625 0.01953125
0 0.5375 0.7796875 0.0171875 0.02421875
0 0.5453125 0.77890625 0.015625 0.021875
0 0.565625 0.8046875 0.02265625 0.034375
0 0.5890625 0.8 0.02109375 0.0328125
0 0.60625 0.80234375 0.015625 0.03125
0 0.6203125 0.80859375 0.02265625 0.03515625
0 0.628125 0.778125 0.0125 0.028125
0 0.65234375 0.77421875 0.01875 0.021875
0 0.6953125 0.80234375 0.02109375 0.03046875
0 0.753125 0.82109375 0.02265625 0.0375
0 0.828125 0.83046875 0.01875 0.0296875
0 0.72109375 0.78984375 0.015625 0.03359375
0 0.73359375 0.790625 0.01875 0.03515625
0 0.75078125 0.78515625 0.02109375 0.03046875
0 0.746875 0.77265625 0.0140625 0.02109375
0 0.72890625 0.77109375 0.0140625 0.02578125
0 0.7203125 0.77265625 0.0140625 0.025
0 0.7296875 0.78125 0.0171875 0.028125
0 0.10390625 0.7421875 0.0140625 0.02890625
0 0.38359375 0.76796875 0.015625 0.0171875
0 0.5015625 0.73671875 0.0171875 0.028125
0 0.53828125 0.71640625 0.01171875 0.01953125
0 0.54296875 0.72109375 0.01171875 0.02109375
0 0.55703125 0.7140625 0.01171875 0.0203125
0 0.75 0.80625 0.0203125 0.02265625
0 0.50078125 0.96796875 0.0296875 0.0640625
0 0.60703125 0.6953125 0.0515625 0.02578125
0 0.6796875 0.66640625 0.0484375 0.025
0 0.73359375 0.64921875 0.053125 0.021875