0 0.03125 0.93046875 0.06171875 0.1390625
0 0.1078125 0.8734375 0.1 0.25
0 0.175 0.93203125 0.09609375 0.13359375
0 0.11171875 0.73359375 0.0609375 0.13671875
0 0.18984375 0.66640625 0.0640625 0.265625
0 0.2234375 0.621875 0.03515625 0.12890625
0 0.1875 0.56875 0.053125 0.24453125
0 0.16875 0.49609375 0.03515625 0.221875
0 0.2171875 0.50625 0.0296875 0.1484375
0 0.22421875 0.49140625 0.0609375 0.1890625
0 0.240625 0.4703125 0.0421875 0.2203125
0 0.28984375 0.5109375 0.0421875 0.08125
0 0.296875 0.48828125 0.02734375 0.08515625
0 0.3140625 0.45703125 0.0359375 0.15
0 0.2828125 0.37421875 0.0328125 0.1125
0 0.32578125 0.415625 0.0296875 0.17421875
0 0.3640625 0.3390625 0.03984375 0.17109375
0 0.3453125 0.31796875 0.028125 0.1765625
0 0.35625 0.221875 0.034375 0.1140625
0 0.3828125 0.29609375 0.021875 0.16328125
0 0.4015625 0.3 0.0328125 0.16484375
0 0.428125 0.21328125 0.02890625 0.1171875
0 0.4296875 0.2859375 0.0453125 0.103125
0 0.440625 0.1796875 0.02265625 0.065625
0 0.45390625 0.1921875 0.02578125 0.12265625
0 0.49609375 0.16171875 0.021875 0.1078125
0 0.4921875 0.13984375 0.0140625 0.103125
0 0.51171875 0.14453125 0.021875 0.10078125
0 0.534375 0.16015625 0.03671875 0.05390625
0 0.5296875 0.11953125 0.0171875 0.06484375
0 0.55859375 0.1328125 0.02265625 0.040625
0 0.5796875 0.09765625 0.015625 0.071875
0 0.58984375 0.07734375 0.015625 0.05859375
0 0.60078125 0.1421875 0.0203125 0.08359375
0 0.65625 0.06875 0.0140625 0.05390625
0 0.67265625 0.06015625 0.01015625 0.0390625
0 0.709375 0.05546875 0.02109375 0.0453125
0 0.72890625 0.0484375 0.01796875 0.05546875
0 0.76875 0.07265625 0.015625 0.05546875
0 0.78359375 0.065625 0.01328125 0.0421875
0 0.76875 0.11640625 0.01328125 0.05859375
0 0.78203125 0.1578125 0.015625 0.09453125
0 0.7921875 0.15703125 0.02421875 0.103125
0 0.83671875 0.16640625 0.02421875 0.05703125
0 0.825 0.27890625 0.03828125 0.065625
0 0.80234375 0.3953125 0.02734375 0.17578125
0 0.815625 0.3984375 0.0421875 0.19453125
0 0.83515625 0.365625 0.03671875 0.1203125
0 0.884375 0.29921875 0.02421875 0.08828125
0 0.90625 0.3515625 0.0359375 0.1390625
0 0.91640625 0.34453125 0.02734375 0.15859375
0 0.93671875 0.296875 0.03515625 0.12265625
0 0.965625 0.27734375 0.02578125 0.12578125
0 0.9796875 0.25234375 0.03828125 0.1390625
0 0.93671875 0.17578125 0.02421875 0.08671875
0 0.98984375 0.32421875 0.01875 0.146875
0 0.93671875 0.453125 0.0453125 0.20078125
0 0.8625 0.34921875 0.03125 0.06015625
0 0.84453125 0.44140625 0.03515625 0.190625
0 0.878125 0.3828125 0.0390625 0.0796875
0 0.8796875 0.45234375 0.04375 0.16328125
0 0.90703125 0.48515625 0.02421875 0.2171875
0 0.8453125 0.43515625 0.02734375 0.071875
0 0.85078125 0.4734375 0.0328125 0.16484375
0 0.87578125 0.62109375 0.05 0.23828125
0 0.8765625 0.696875 0.040625 0.24921875
0 0.8609375 0.7390625 0.03828125 0.15
0 0.903125 0.840625 0.04375 0.27109375
0 0.965625 0.8546875 0.034375 0.23984375
0 0.9421875 0.83984375 0.06484375 0.14375
0 0.9296875 0.91328125 0.07265625 0.15859375
0 0.9453125 0.940625 0.0609375 0.115625
0 0.6234375 0.12734375 0.01875 0.075
0 0.6296875 0.16328125 0.02421875 0.1015625
0 0.653125 0.1578125 0.025 0.08515625
0 0.64375 0.19453125 0.02890625 0.1140625
0 0.67578125 0.15390625 0.02265625 0.09453125
0 0.690625 0.1171875 0.02265625 0.04765625
0 0.7453125 0.12109375 0.021875 0.04765625
0 0.75390625 0.1765625 0.02421875 0.1015625
0 0.734375 0.17265625 0.02265625 0.09921875
0 0.7140625 0.1703125 0.02421875 0.103125
0 0.70078125 0.178125 0.01796875 0.08984375
0 0.6875 0.140625 0.025 0.0390625
0 0.68671875 0.2015625 0.02734375 0.109375
0 0.66171875 0.16953125 0.021875 0.08671875
0 0.6625 0.25703125 0.0328125 0.13359375
0 0.6328125 0.27734375 0.040625 0.1015625
0 0.51328125 0.36484375 0.0421875 0.18125
0 0.5515625 0.42109375 0.046875 0.19765625
0 0.56953125 0.3828125 0.03515625 0.18125
0 0.6 0.40078125 0.04609375 0.19609375
0 0.63125 0.38671875 0.0390625 0.1828125
0 0.75703125 0.40625 0.04375 0.1828125
0 0.490625 0.5765625 0.0578125 0.24453125
0 0.571875 0.634375 0.06875 0.1890625
0 0.45546875 0.80234375 0.08125 0.290625
0 0.57265625 0.83046875 0.071875 0.31171875
0 0.3421875 0.2046875 0.01796875 0.06171875
0 0.8375 0.22109375 0.025 0.04609375
0 0.9125 0.15390625 0.01875 0.05234375
0 0.91328125 0.1953125 0.01171875 0.040625
0 0.93828125 0.17578125 0.025 0.08984375
0 0.90390625 0.2640625 0.02578125 0.06328125
0 0.9046875 0.6390625 0.053125 0.109375
0 0.90625 0.65703125 0.040625 0.1015625
0 0.92421875 0.78671875 0.0328125 0.1109375
0 0.515625 0.18125 0.015625 0.0421875
0 0.44375 0.246875 0.02109375 0.103125
0 0.17109375 0.7359375 0.04375 0.1078125
0 0.0078125 0.59765625 0.01484375 0.2203125
0 0.28984375 0.35546875 0.0859375 0.1796875
0 0.26328125 0.5046875 0.03671875 0.12109375
0 0.39375 0.23046875 0.06484375 0.1125
0 0.44921875 0.21171875 0.01171875 0.02421875
0 0.4796875 0.16796875 0.04375 0.13203125
0 0.43828125 0.13984375 0.0421875 0.0671875
0 0.50078125 0.1015625 0.01171875 0.02109375
0 0.51875 0.13203125 0.01796875 0.075
0 0.540625 0.1203125 0.025 0.078125
0 0.6453125 0.10859375 0.034375 0.06171875
0 0.68671875 0.10234375 0.05078125 0.0734375
0 0.6484375 0.21171875 0.00703125 0.02109375
0 0.7296875 0.128125 0.03671875 0.13046875
0 0.75703125 0.09609375 0.0203125 0.1078125
0 0.815625 0.12421875 0.05234375 0.16484375
0 0.7828125 0.14140625 0.0171875 0.09453125
0 0.86875 0.1796875 0.0546875 0.0328125
0 0.975 0.1578125 0.05 0.09765625
0 0.9453125 0.1421875 0.01015625 0.02109375
0 0.92109375 0.21875 0.028125 0.1203125
0 0.9453125 0.27734375 0.02265625 0.13203125
0 0.846875 0.28203125 0.0859375 0.09921875
0 0.86875 0.421875 0.03125 0.10625
0 0.871875 0.528125 0.06015625 0.109375
0 0.86328125 0.628125 0.04609375 0.078125
0 0.89921875 0.75 0.07578125 0.15703125
0 0.959375 0.8390625 0.03828125 0.103125
0 0.9328125 0.9296875 0.134375 0.140625
0 0.0984375 0.68046875 0.02890625 0.065625
0 0.5796875 0.06796875 0.009375 0.01953125
0 0.87265625 0.1375 0.028125 0.05546875
0 0.43515625 0.034375 0.009375 0.01796875
0 0.9046875 0.1953125 0.00703125 0.05234375