0 0.81484375 0.90546875 0.153125 0.1875
0 0.67265625 0.8453125 0.0875 0.06015625
0 0.65 0.82578125 0.06328125 0.06640625
0 0.56015625 0.9 0.0875 0.171875
0 0.4828125 0.840625 0.0296875 0.06484375
0 0.48125 0.84375 0.03203125 0.07265625
0 0.5734375 0.80546875 0.0390625 0.0375
0 0.56796875 0.79609375 0.0203125 0.03046875
0 0.53359375 0.815625 0.034375 0.08984375
0 0.3765625 0.7875 0.02265625 0.040625
0 0.35859375 0.7921875 0.01953125 0.03515625
0 0.33359375 0.8015625 0.0421875 0.0703125
0 0.38046875 0.834375 0.0765625 0.07265625
0 0.36875 0.846875 0.08671875 0.075
0 0.271875 0.83125 0.06640625 0.1328125
0 0.16328125 0.83671875 0.05859375 0.15078125
0 0.18828125 0.85859375 0.096875 0.21328125
0 0.4609375 0.80078125 0.22734375 0.06953125
0 0.46640625 0.49453125 0.05390625 0.0328125
0 0.4375 0.640625 0.0296875 0.03671875