0 0.05234375 0.58203125 0.1046875 0.8359375
0 0.1140625 0.575 0.2140625 0.84609375
0 0.23671875 0.3171875 0.15625 0.26640625
0 0.27265625 0.63984375 0.1921875 0.71640625
0 0.3515625 0.29609375 0.12734375 0.3265625
0 0.44296875 0.609375 0.1765625 0.765625
0 0.496875 0.52890625 0.1890625 0.9421875
0 0.58671875 0.6109375 0.1765625 0.775
0 0.63515625 0.55859375 0.1046875 0.8828125
0 0.7296875 0.6171875 0.18125 0.765625
0 0.7484375 0.24921875 0.1078125 0.32265625
0 0.82890625 0.58359375 0.1625 0.82890625
0 0.925 0.58828125 0.14765625 0.8234375
0 0.8640625 0.284375 0.0359375 0.13359375
0 0.97265625 0.26796875 0.0453125 0.1203125
0 0.78515625 0.4265625 0.0796875 0.121875