0 0.078125 0.56015625 0.15625 0.87578125
0 0.16640625 0.57265625 0.1390625 0.8546875
0 0.246875 0.63515625 0.19140625 0.72578125
0 0.30390625 0.28828125 0.09375 0.28671875
0 0.31171875 0.5953125 0.284375 0.71875
0 0.45859375 0.27734375 0.1609375 0.39140625
0 0.4984375 0.625 0.153125 0.75
0 0.57890625 0.39765625 0.1109375 0.4671875
0 0.6390625 0.6203125 0.18671875 0.75625
0 0.7140625 0.3296875 0.096875 0.3375
0 0.76875 0.6296875 0.15546875 0.73671875
0 0.81875 0.26015625 0.13515625 0.36796875
0 0.90546875 0.5640625 0.18671875 0.86796875
0 0.9625 0.19609375 0.0546875 0.0921875
0 0.8390625 0.13359375 0.078125 0.11875
0 0.7203125 0.18046875 0.06484375 0.0578125