0 0.8671875 0.6640625 0.14453125 0.66875
0 0.71171875 0.671875 0.1859375 0.64140625
0 0.50390625 0.64140625 0.165625 0.68203125
0 0.60078125 0.61015625 0.0921875 0.49921875
0 0.553125 0.3828125 0.04296875 0.10078125
0 0.42734375 0.621875 0.10234375 0.49921875
0 0.4078125 0.5890625 0.078125 0.40859375
0 0.459375 0.36875 0.034375 0.04375
0 0.46015625 0.3703125 0.03203125 0.046875
0 0.36875 0.5515625 0.09296875 0.4203125
0 0.153125 0.378125 0.0171875 0.05703125
0 0.16953125 0.384375 0.01640625 0.065625
0 0.1828125 0.3953125 0.025 0.09375
0 0.18671875 0.42109375 0.01953125 0.06328125
0 0.20546875 0.3984375 0.0203125 0.090625
0 0.21875 0.40234375 0.021875 0.096875
0 0.22734375 0.3953125 0.0125 0.08203125
0 0.23515625 0.45234375 0.0171875 0.05546875
0 0.23515625 0.40859375 0.0234375 0.0671875
0 0.240625 0.4078125 0.0328125 0.121875
0 0.2640625 0.415625 0.0328125 0.13203125
0 0.1765625 0.359375 0.06640625 0.021875
0 0.25625 0.44765625 0.00625 0.0484375