0 0.18046875 0.59375 0.1421875 0.4515625
0 0.20625 0.79140625 0.134375 0.29609375
0 0.38046875 0.7734375 0.16640625 0.28828125
0 0.29453125 0.603125 0.05859375 0.17109375
0 0.384375 0.62734375 0.06953125 0.0875
0 0.3984375 0.5890625 0.059375 0.08125
0 0.46328125 0.62265625 0.03984375 0.0734375
0 0.51171875 0.70390625 0.1203125 0.26484375
0 0.7328125 0.5921875 0.03984375 0.20234375
0 0.75 0.60625 0.06328125 0.24921875
0 0.784375 0.57421875 0.034375 0.18515625
0 0.80390625 0.521875 0.03828125 0.084375
0 0.84140625 0.6671875 0.109375 0.39375
0 0.9046875 0.61328125 0.0703125 0.31015625