0 0.90625 0.69375 0.1875 0.575
0 0.82265625 0.746875 0.1109375 0.50625
0 0.72265625 0.74921875 0.1171875 0.49765625
0 0.6125 0.71953125 0.209375 0.55625
0 0.7640625 0.53984375 0.096875 0.26640625
0 0.51328125 0.71484375 0.1296875 0.56640625
0 0.40234375 0.7203125 0.1390625 0.559375
0 0.3484375 0.48828125 0.103125 0.27734375
0 0.27890625 0.725 0.2109375 0.54609375
0 0.26796875 0.5875 0.2078125 0.29609375
0 0.10234375 0.70859375 0.2046875 0.57890625
0 0.0140625 0.63671875 0.028125 0.46484375
0 0.4703125 0.52890625 0.0375 0.1125