0 0.128125 0.47109375 0.0375 0.15703125
0 0.26796875 0.4984375 0.040625 0.15078125
0 0.28359375 0.4875 0.01796875 0.14765625
0 0.29140625 0.49296875 0.02265625 0.13671875
0 0.3125 0.4921875 0.03828125 0.153125
0 0.3296875 0.4453125 0.0203125 0.0625
0 0.3546875 0.4875 0.03984375 0.14765625
0 0.34453125 0.4453125 0.0171875 0.059375
0 0.36328125 0.47109375 0.01328125 0.09765625
0 0.38203125 0.48515625 0.025 0.128125
0 0.4078125 0.4765625 0.02265625 0.12265625
0 0.42734375 0.4796875 0.03359375 0.13671875
0 0.409375 0.4640625 0.02265625 0.0953125
0 0.43359375 0.4625 0.021875 0.09609375
0 0.44375 0.459375 0.02265625 0.09765625
0 0.4546875 0.4234375 0.01640625 0.04296875
0 0.4703125 0.4375 0.0296875 0.05703125
0 0.48828125 0.43515625 0.02265625 0.0546875
0 0.496875 0.440625 0.01875 0.0453125
0 0.6984375 0.44296875 0.02421875 0.0546875
0 0.72578125 0.428125 0.021875 0.0328125
0 0.51875 0.4640625 0.03125 0.1390625
0 0.59296875 0.44921875 0.02265625 0.07578125
0 0.575 0.43515625 0.01953125 0.04296875
0 0.6375 0.4515625 0.02109375 0.06484375
0 0.61875 0.4625 0.021875 0.09375
0 0.64921875 0.43046875 0.01953125 0.03984375
0 0.66328125 0.44453125 0.0234375 0.07578125
0 0.9609375 0.4296875 0.07734375 0.0453125
0 0.3046875 0.41796875 0.01640625 0.02890625
0 0.578125 0.4625 0.190625 0.13359375
0 0.7921875 0.45390625 0.2390625 0.0984375