0 0.71171875 0.5640625 0.115625 0.25390625
0 0.63125 0.54765625 0.053125 0.19375
0 0.61328125 0.7140625 0.07890625 0.39453125
0 0.54375 0.70390625 0.0859375 0.42421875
0 0.44921875 0.7234375 0.0671875 0.43125
0 0.4046875 0.7375 0.0828125 0.45078125
0 0.36171875 0.5375 0.0703125 0.16171875
0 0.31875 0.52421875 0.0859375 0.209375
0 0.25625 0.59296875 0.0828125 0.3375
0 0.18203125 0.60546875 0.08984375 0.36953125
0 0.1578125 0.4890625 0.07265625 0.26484375
0 0.22578125 0.4796875 0.06484375 0.25546875
0 0.29765625 0.38359375 0.05625 0.22734375
0 0.35234375 0.4 0.08828125 0.3625
0 0.1578125 0.41953125 0.08671875 0.4265625
0 0.209375 0.3484375 0.0390625 0.15625
0 0.25703125 0.34296875 0.0578125 0.18828125
0 0.428125 0.38203125 0.08125 0.2875
0 0.459375 0.43984375 0.04609375 0.3
0 0.48984375 0.45390625 0.046875 0.34609375
0 0.5453125 0.4296875 0.0609375 0.26640625