0 0.971875 0.41015625 0.05625 0.4734375
0 0.9578125 0.453125 0.0328125 0.3671875
0 0.915625 0.41171875 0.08046875 0.4625
0 0.8609375 0.43203125 0.0734375 0.35078125
0 0.84453125 0.34453125 0.04453125 0.1109375
0 0.85078125 0.2984375 0.03984375 0.07890625
0 0.80390625 0.41875 0.0453125 0.35078125
0 0.76640625 0.43046875 0.0625 0.35703125
0 0.75234375 0.378125 0.034375 0.22890625
0 0.71875 0.43359375 0.06328125 0.33671875
0 0.7046875 0.39296875 0.03046875 0.18671875
0 0.66640625 0.43984375 0.078125 0.31640625
0 0.60078125 0.434375 0.05859375 0.278125
0 0.553125 0.45078125 0.0484375 0.2453125
0 0.52890625 0.45703125 0.03046875 0.2328125
0 0.540625 0.378125 0.0203125 0.06875
0 0.5125 0.446875 0.03671875 0.1859375
0 0.46875 0.446875 0.03984375 0.23203125
0 0.4875 0.45703125 0.0265625 0.20234375
0 0.4453125 0.4484375 0.03671875 0.221875
0 0.41953125 0.46328125 0.0421875 0.178125
0 0.39921875 0.45234375 0.03125 0.19375
0 0.3828125 0.44765625 0.02890625 0.15859375
0 0.36484375 0.4546875 0.03046875 0.18203125
0 0.30859375 0.4640625 0.0390625 0.14296875
0 0.278125 0.45859375 0.02890625 0.1203125
0 0.828125 0.32109375 0.01875 0.06328125
0 0.73125 0.315625 0.02734375 0.0421875
0 0.51875 0.39296875 0.02265625 0.11171875
0 0.384375 0.44765625 0.03046875 0.159375
0 0.34609375 0.421875 0.015625 0.04921875
0 0.3265625 0.40859375 0.0109375 0.015625
0 0.35390625 0.43046875 0.01328125 0.08828125
0 0.30546875 0.41328125 0.0125 0.0296875
0 0.29296875 0.4234375 0.0125 0.03359375
0 0.26875 0.425 0.01171875 0.0171875
0 0.26015625 0.43046875 0.0109375 0.01640625
0 0.25078125 0.46796875 0.01484375 0.09765625
0 0.24609375 0.4328125 0.01328125 0.04921875
0 0.234375 0.465625 0.02265625 0.0953125
0 0.61015625 0.31875 0.01796875 0.0234375
0 0.4359375 0.38125 0.01171875 0.0171875
0 0.33984375 0.3953125 0.0109375 0.009375
0 0.29921875 0.4125 0.00546875 0.0140625
0 0.26953125 0.4125 0.0125 0.0125
0 0.2421875 0.42734375 0.00625 0.0078125