0 0.90625 0.62578125 0.0671875 0.38125
0 0.79609375 0.475 0.01796875 0.0875
0 0.80703125 0.62109375 0.034375 0.17890625
0 0.62421875 0.59765625 0.0375 0.25390625
0 0.6 0.61015625 0.03203125 0.08359375
0 0.62734375 0.559375 0.04140625 0.17734375
0 0.66171875 0.509375 0.0140625 0.06015625
0 0.65078125 0.50078125 0.0109375 0.03984375
0 0.59609375 0.51328125 0.0140625 0.06484375
0 0.5859375 0.52421875 0.01171875 0.04765625
0 0.55703125 0.578125 0.0671875 0.21484375
0 0.53515625 0.50703125 0.0140625 0.05625
0 0.5234375 0.50859375 0.0109375 0.05859375
0 0.4578125 0.61328125 0.06484375 0.25234375
0 0.484375 0.57890625 0.04765625 0.25
0 0.36796875 0.62578125 0.05703125 0.28515625
0 0.43984375 0.55078125 0.0234375 0.15625
0 0.5078125 0.53125 0.025 0.10859375
0 0.5203125 0.53046875 0.01875 0.09375
0 0.3984375 0.628125 0.03984375 0.25625
0 0.32890625 0.56796875 0.04609375 0.20234375
0 0.36015625 0.57265625 0.0390625 0.175
0 0.39140625 0.509375 0.02578125 0.07265625
0 0.27578125 0.52578125 0.02734375 0.07734375
0 0.2703125 0.57109375 0.04140625 0.17109375
0 0.2421875 0.571875 0.0328125 0.16484375
0 0.1953125 0.55546875 0.0421875 0.15234375
0 0.2125 0.56875 0.02578125 0.15859375
0 0.21484375 0.52578125 0.02734375 0.09375
0 0.09140625 0.57421875 0.0484375 0.24375
0 0.06953125 0.534375 0.028125 0.16484375
0 0.1453125 0.46484375 0.01640625 0.0875
0 0.1375 0.4625 0.0109375 0.06640625
0 0.153125 0.46015625 0.01328125 0.075
0 0.16015625 0.459375 0.01328125 0.07265625
0 0.775 0.50390625 0.1171875 0.2
0 0.0796875 0.05390625 0.159375 0.1078125
0 0.3484375 0.54453125 0.17734375 0.17265625