0 0.85078125 0.6640625 0.29296875 0.67109375
0 0.59921875 0.5640625 0.37421875 0.51953125
0 0.52421875 0.52109375 0.2484375 0.434375
0 0.2046875 0.4765625 0.25859375 0.35234375
0 0.190625 0.64765625 0.38125 0.7046875
0 0.36953125 0.425 0.13515625 0.26953125
0 0.365625 0.4421875 0.13125 0.33984375
0 0.26796875 0.33046875 0.12109375 0.509375
0 0.14921875 0.34921875 0.10625 0.19375
0 0.18671875 0.2765625 0.05625 0.21171875
0 0.0734375 0.2 0.08125 0.2
0 0.13515625 0.2 0.05 0.13203125
0 0.15703125 0.2203125 0.03828125 0.07890625
0 0.23359375 0.23984375 0.0453125 0.2109375
0 0.65078125 0.35703125 0.69765625 0.46171875
0 0.01953125 0.22890625 0.0390625 0.12421875