0 0.69453125 0.68125 0.17109375 0.55703125
0 0.63359375 0.60859375 0.1203125 0.50390625
0 0.6296875 0.396875 0.08203125 0.14296875
0 0.68671875 0.37890625 0.03828125 0.0546875
0 0.70625 0.60078125 0.14765625 0.4359375
0 0.78359375 0.42109375 0.16640625 0.5375
0 0.52890625 0.51328125 0.10703125 0.38828125
0 0.44375 0.546875 0.125 0.45078125
0 0.32890625 0.5390625 0.134375 0.484375
0 0.23515625 0.55234375 0.1234375 0.43515625
0 0.39765625 0.3921875 0.05234375 0.11484375
0 0.30390625 0.41796875 0.1109375 0.4453125
0 0.440625 0.66015625 0.08046875 0.109375