0 0.26015625 0.6625 0.5203125 0.66875
0 0.07109375 0.48359375 0.1421875 0.559375
0 0.14296875 0.3203125 0.053125 0.06875
0 0.20625 0.33046875 0.02890625 0.040625
0 0.25234375 0.3515625 0.07578125 0.234375
0 0.31875 0.31796875 0.04375 0.19375
0 0.35078125 0.28671875 0.05 0.15234375
0 0.353125 0.56015625 0.1609375 0.50078125
0 0.41953125 0.35234375 0.08046875 0.13359375
0 0.46875 0.33515625 0.07265625 0.1546875
0 0.51015625 0.26953125 0.046875 0.10078125
0 0.60625 0.5453125 0.20625 0.69453125
0 0.54921875 0.23125 0.040625 0.06640625
0 0.5984375 0.2171875 0.0453125 0.08203125
0 0.7203125 0.53359375 0.1109375 0.503125
0 0.7703125 0.4828125 0.07578125 0.39765625
0 0.7984375 0.45625 0.096875 0.38671875
0 0.82109375 0.3046875 0.0609375 0.109375
0 0.878125 0.309375 0.05 0.0734375
0 0.88984375 0.50546875 0.13046875 0.5421875
0 0.9421875 0.48203125 0.06796875 0.4
0 0.96484375 0.28359375 0.0421875 0.11171875
0 0.9609375 0.28515625 0.0453125 0.10546875
0 0.06328125 0.440625 0.12578125 0.27109375
0 0.59609375 0.28359375 0.12734375 0.1890625
0 0.58984375 0.640625 0.16953125 0.24921875
0 0.78671875 0.2828125 0.2578125 0.1484375