0 0.94453125 0.4359375 0.06953125 0.1765625
0 0.7953125 0.725 0.409375 0.5296875
0 0.73671875 0.66484375 0.36796875 0.43671875
0 0.6640625 0.6234375 0.3046875 0.37109375
0 0.61796875 0.57265625 0.21953125 0.303125
0 0.8203125 0.4 0.03984375 0.09296875
0 0.78046875 0.40234375 0.04375 0.09296875
0 0.63046875 0.37265625 0.10390625 0.103125
0 0.5546875 0.43359375 0.096875 0.21640625
0 0.49296875 0.46171875 0.08984375 0.25234375
0 0.44609375 0.40703125 0.0390625 0.1359375
0 0.4078125 0.415625 0.05390625 0.1265625
0 0.35703125 0.42109375 0.07265625 0.1515625
0 0.28828125 0.3828125 0.05390625 0.0828125
0 0.20234375 0.52265625 0.15859375 0.20546875
0 0.215625 0.41796875 0.128125 0.225
0 0.1484375 0.55078125 0.22421875 0.2171875
0 0.19296875 0.5921875 0.31171875 0.29921875
0 0.14453125 0.5953125 0.21640625 0.27734375
0 0.6296875 0.5484375 0.21171875 0.26640625
0 0.925 0.88671875 0.14921875 0.221875
0 0.7703125 0.9453125 0.1515625 0.109375
0 0.44296875 0.49921875 0.0515625 0.0875
0 0.36484375 0.353125 0.0359375 0.040625
0 0.33515625 0.36953125 0.01875 0.0390625
0 0.3046875 0.35625 0.02734375 0.04609375
0 0.31328125 0.48984375 0.12421875 0.12578125
0 0.096875 0.85 0.19375 0.3