0 0.3546875 0.69609375 0.10078125 0.4515625
0 0.09921875 0.79765625 0.06953125 0.1171875
0 0.0625 0.6953125 0.08046875 0.371875
0 0.14765625 0.653125 0.03984375 0.165625
0 0.25390625 0.5921875 0.01640625 0.03671875
0 0.2828125 0.64296875 0.0265625 0.1203125
0 0.37890625 0.63203125 0.02109375 0.11328125
0 0.39609375 0.634375 0.02421875 0.13359375
0 0.428125 0.6125 0.025 0.05078125
0 0.41953125 0.596875 0.01171875 0.03984375
0 0.71640625 0.80546875 0.02265625 0.0515625
0 0.73203125 0.815625 0.021875 0.0328125
0 0.00390625 0.61640625 0.00703125 0.05625
0 0.0203125 0.60703125 0.0171875 0.0546875
0 0.1 0.634375 0.03671875 0.03671875
0 0.21171875 0.571875 0.0421875 0.03984375
0 0.67734375 0.596875 0.1796875 0.0234375
0 0.934375 0.671875 0.03203125 0.02734375
0 0.94140625 0.590625 0.09140625 0.02109375
0 0.02265625 0.6265625 0.01015625 0.02265625
0 0.5078125 0.48359375 0.25859375 0.8109375
0 0.315625 0.62265625 0.12578125 0.375
0 0.44453125 0.9296875 0.065625 0.08125