0 0.88046875 0.75234375 0.159375 0.44296875
0 0.84609375 0.7484375 0.0875 0.42734375
0 0.7765625 0.7546875 0.09296875 0.4125
0 0.7046875 0.7640625 0.07578125 0.396875
0 0.64296875 0.76484375 0.06484375 0.41484375
0 0.5890625 0.76328125 0.0625 0.42578125
0 0.525 0.771875 0.09453125 0.4140625
0 0.4484375 0.7671875 0.10234375 0.4640625
0 0.37109375 0.77265625 0.1046875 0.4484375
0 0.284375 0.76328125 0.0953125 0.4734375
0 0.18515625 0.765625 0.1203125 0.46796875
0 0.09765625 0.78671875 0.103125 0.42578125