0 0.7484375 0.14140625 0.02109375 0.08359375
0 0.66484375 0.11796875 0.021875 0.0859375
0 0.98515625 0.35078125 0.021875 0.03203125
0 0.928125 0.34609375 0.02578125 0.046875
0 0.875 0.36328125 0.0296875 0.0625
0 0.89375 0.425 0.04296875 0.075
0 0.7828125 0.42265625 0.0234375 0.0734375
0 0.75625 0.42734375 0.02265625 0.06796875
0 0.740625 0.428125 0.02421875 0.096875
0 0.7046875 0.4328125 0.021875 0.05390625
0 0.75390625 0.3640625 0.0265625 0.06640625
0 0.446875 0.37265625 0.03203125 0.0625
0 0.06875 0.44453125 0.01953125 0.0640625
0 0.23984375 0.59609375 0.028125 0.0859375
0 0.2171875 0.578125 0.0234375 0.053125
0 0.23359375 0.675 0.075 0.15
0 0.03125 0.67734375 0.0625 0.1984375
0 0.1 0.62109375 0.08359375 0.375
0 0.10859375 0.45234375 0.0203125 0.059375
0 0.13125 0.4484375 0.01953125 0.05859375
0 0.15 0.61796875 0.12109375 0.4140625
0 0.1984375 0.55390625 0.02109375 0.078125
0 0.1421875 0.59140625 0.0234375 0.0890625
0 0.0515625 0.59609375 0.028125 0.09453125
0 0.0875 0.66875 0.05390625 0.14296875
0 0.309375 0.6453125 0.12421875 0.2515625
0 0.2953125 0.646875 0.11015625 0.375
0 0.35390625 0.65078125 0.0328125 0.18203125
0 0.365625 0.63203125 0.03203125 0.19140625
0 0.3859375 0.64375 0.0359375 0.1984375
0 0.4 0.64375 0.02421875 0.2015625
0 0.4296875 0.6125 0.0546875 0.375
0 0.4484375 0.68359375 0.02109375 0.1140625
0 0.4734375 0.484375 0.02890625 0.084375
0 0.64453125 0.62734375 0.071875 0.3984375
0 0.5546875 0.6234375 0.284375 0.753125
0 0.74765625 0.546875 0.0421875 0.153125
0 0.85625 0.6921875 0.05859375 0.15703125
0 0.959375 0.64375 0.03671875 0.07890625
0 0.95 0.63359375 0.0234375 0.08046875
0 0.9296875 0.66640625 0.02578125 0.128125
0 0.59375 0.634375 0.04453125 0.0765625
0 0.5828125 0.61015625 0.01796875 0.065625
0 0.60859375 0.625 0.0265625 0.06953125
0 0.6140625 0.60390625 0.0140625 0.05
0 0.68671875 0.67734375 0.0578125 0.165625
0 0.8125 0.68671875 0.040625 0.15703125
0 0.965625 0.49296875 0.03359375 0.0859375
0 0.878125 0.6265625 0.02265625 0.06640625
0 0.9015625 0.6421875 0.0234375 0.090625
0 0.909375 0.51328125 0.02578125 0.059375
0 0.86953125 0.5359375 0.0234375 0.071875
0 0.94375 0.50546875 0.0203125 0.078125
0 0.5125 0.759375 0.040625 0.15859375
0 0.70859375 0.13359375 0.0515625 0.04453125
0 0.62265625 0.36328125 0.0328125 0.0375
0 0.009375 0.73125 0.01875 0.22109375
0 0.70078125 0.5796875 0.0546875 0.06796875
0 0.028125 0.48828125 0.05546875 0.16796875
0 0.89140625 0.55859375 0.215625 0.1390625
0 0.071875 0.56640625 0.02890625 0.1109375
0 0.134375 0.546875 0.02578125 0.04140625