0 0.225 0.734375 0.1296875 0.41484375
0 0.2109375 0.728125 0.1171875 0.3828125
0 0.26953125 0.6890625 0.0734375 0.4078125
0 0.3390625 0.7125 0.08984375 0.38125
0 0.38984375 0.70703125 0.0953125 0.4015625
0 0.4359375 0.7265625 0.0796875 0.41640625
0 0.4953125 0.7234375 0.0671875 0.39296875
0 0.5765625 0.72421875 0.12265625 0.43125
0 0.65703125 0.74140625 0.10625 0.4734375
0 0.7296875 0.73359375 0.0953125 0.4234375
0 0.4640625 0.50390625 0.03359375 0.03515625
0 0.44296875 0.95390625 0.76640625 0.0921875