0 0.025 0.78203125 0.05 0.2515625
0 0.1234375 0.771875 0.09453125 0.2703125
0 0.30859375 0.5546875 0.01875 0.1203125
0 0.3875 0.54375 0.040625 0.17578125
0 0.46484375 0.66796875 0.06328125 0.28125
0 0.5421875 0.66640625 0.0625 0.2609375
0 0.51875 0.609375 0.03828125 0.16171875
0 0.5890625 0.621875 0.05625 0.20390625
0 0.6515625 0.7546875 0.09375 0.30625
0 0.7515625 0.7421875 0.075 0.3125
0 0.81171875 0.746875 0.0578125 0.31015625
0 0.8015625 0.64921875 0.05 0.20703125
0 0.6984375 0.5765625 0.03984375 0.1640625
0 0.65390625 0.55703125 0.0390625 0.11875
0 0.67265625 0.5484375 0.03046875 0.13671875
0 0.61953125 0.5515625 0.03515625 0.1109375
0 0.58359375 0.51875 0.034375 0.071875
0 0.52734375 0.5109375 0.03828125 0.0671875
0 0.5484375 0.52578125 0.03515625 0.1125
0 0.5 0.5484375 0.034375 0.17109375
0 0.4671875 0.53203125 0.04765625 0.0953125
0 0.40390625 0.54453125 0.034375 0.15703125
0 0.43125 0.5421875 0.0359375 0.1484375
0 0.41875 0.496875 0.015625 0.08046875
0 0.459375 0.49609375 0.0359375 0.0875
0 0.44609375 0.46875 0.021875 0.0640625
0 0.4828125 0.4765625 0.021875 0.0609375
0 0.49453125 0.4421875 0.0203125 0.0453125
0 0.51875 0.465625 0.0265625 0.05546875
0 0.52109375 0.446875 0.028125 0.0453125
0 0.50703125 0.440625 0.01640625 0.046875
0 0.503125 0.41875 0.01484375 0.034375
0 0.546875 0.45234375 0.0234375 0.0484375
0 0.5484375 0.4578125 0.02265625 0.040625
0 0.56328125 0.45078125 0.0125 0.02578125
0 0.57265625 0.49140625 0.01875 0.096875
0 0.61484375 0.4921875 0.03125 0.08359375
0 0.63671875 0.51796875 0.02734375 0.08046875
0 0.68671875 0.4875 0.03203125 0.0828125
0 0.66640625 0.4625 0.02109375 0.04921875
0 0.65390625 0.4578125 0.0234375 0.05234375
0 0.64375 0.48359375 0.015625 0.040625
0 0.6 0.46015625 0.0203125 0.04375
0 0.61328125 0.415625 0.01875 0.03203125
0 0.59375 0.4265625 0.01640625 0.053125
0 0.575 0.4125 0.01796875 0.02734375
0 0.54609375 0.4125 0.01640625 0.02734375
0 0.5125 0.41171875 0.0140625 0.025
0 0.52734375 0.41875 0.01328125 0.01875
0 0.47421875 0.4515625 0.01875 0.046875
0 0.82109375 0.81875 0.059375 0.1765625
0 0.81953125 0.76015625 0.06171875 0.29609375
0 0.63125 0.47734375 0.01328125 0.015625
0 0.56328125 0.4109375 0.27890625 0.11484375
0 0.94453125 0.5890625 0.08671875 0.1484375