0 0.5125 0.86328125 0.03828125 0.12890625
0 0.5640625 0.85078125 0.03359375 0.09921875
0 0.55 0.80625 0.0234375 0.0828125
0 0.51015625 0.7890625 0.02734375 0.06171875
0 0.5140625 0.8390625 0.03203125 0.11875
0 0.57265625 0.77578125 0.03515625 0.1140625
0 0.628125 0.77890625 0.03984375 0.12890625
0 0.67421875 0.796875 0.03828125 0.1359375
0 0.709375 0.74453125 0.04765625 0.1078125
0 0.646875 0.74140625 0.03046875 0.1015625
0 0.32109375 0.93046875 0.05859375 0.12734375
0 0.353125 0.91328125 0.04296875 0.14375
0 0.3453125 0.84296875 0.03671875 0.046875
0 0.33125 0.8390625 0.03046875 0.0890625
0 0.2828125 0.81796875 0.04140625 0.11015625
0 0.3140625 0.8125 0.03828125 0.12109375
0 0.34921875 0.7828125 0.04140625 0.1125
0 0.3828125 0.771875 0.03515625 0.125
0 0.25078125 0.80625 0.03203125 0.11640625
0 0.26484375 0.75859375 0.03515625 0.06328125
0 0.50234375 0.684375 0.02734375 0.09765625
0 0.56015625 0.70234375 0.02890625 0.09921875
0 0.3796875 0.73828125 0.03828125 0.11640625
0 0.4328125 0.7234375 0.03046875 0.09921875
0 0.30703125 0.74375 0.03046875 0.071875
0 0.3046875 0.75078125 0.02890625 0.11640625
0 0.34453125 0.71328125 0.04140625 0.10390625
0 0.33984375 0.703125 0.021875 0.084375
0 0.41640625 0.709375 0.0203125 0.09765625
0 0.403125 0.70625 0.021875 0.0953125
0 0.44921875 0.690625 0.03203125 0.1015625
0 0.30078125 0.64609375 0.02734375 0.08046875
0 0.3203125 0.6421875 0.021875 0.084375
0 0.6171875 0.71953125 0.03515625 0.10390625
0 0.61953125 0.684375 0.0234375 0.06328125
0 0.615625 0.68515625 0.02578125 0.10390625
0 0.58515625 0.69921875 0.03359375 0.0890625
0 0.71640625 0.65078125 0.0234375 0.084375
0 0.6859375 0.5421875 0.02578125 0.03828125
0 0.11953125 0.63046875 0.02734375 0.10390625
0 0.0953125 0.65234375 0.02890625 0.1015625
0 0.5484375 0.64609375 0.03984375 0.0890625
0 0.58203125 0.63203125 0.0203125 0.06953125
0 0.58046875 0.55625 0.0203125 0.0359375
0 0.5984375 0.55546875 0.01875 0.0421875
0 0.9203125 0.85625 0.04140625 0.13984375
0 0.97578125 0.80625 0.04609375 0.1375
0 0.28125 0.94140625 0.0796875 0.11640625
0 0.38671875 0.67265625 0.0140625 0.03203125
0 0.334375 0.640625 0.0171875 0.040625
0 0.5078125 0.60703125 0.44765625 0.15859375
0 0.50625 0.396875 0.44765625 0.0828125
0 0.47265625 0.10078125 0.9453125 0.2015625
0 0.8015625 0.67265625 0.14609375 0.65078125
0 0.9359375 0.6453125 0.128125 0.259375
0 0.1421875 0.58984375 0.284375 0.58671875