0 0.0734375 0.328125 0.084375 0.10546875
0 0.0421875 0.23515625 0.084375 0.22265625
0 0.1171875 0.2328125 0.10703125 0.296875
0 0.196875 0.3 0.14453125 0.1828125
0 0.27265625 0.6578125 0.54453125 0.68125
0 0.403125 0.38671875 0.21015625 0.6671875
0 0.54453125 0.63828125 0.234375 0.27265625
0 0.69765625 0.5015625 0.253125 0.36171875
0 0.83359375 0.40859375 0.24296875 0.33828125
0 0.9265625 0.353125 0.146875 0.296875
0 0.33125 0.44921875 0.05859375 0.32265625
0 0.5 0.43671875 0.04453125 0.18125
0 0.16953125 0.23984375 0.02265625 0.10703125