0 0.6078125 0.90234375 0.01015625 0.046875
0 0.61796875 0.890625 0.0078125 0.0484375
0 0.5484375 0.89453125 0.0078125 0.02265625
0 0.5625 0.88828125 0.00703125 0.01640625
0 0.39921875 0.89765625 0.00859375 0.03515625
0 0.41640625 0.8921875 0.00703125 0.02109375
0 0.396875 0.8875 0.00625 0.0171875
0 0.39375 0.8984375 0.00546875 0.028125
0 0.2953125 0.89765625 0.00859375 0.02890625
0 0.2859375 0.9 0.0078125 0.0296875
0 0.3078125 0.89609375 0.00703125 0.0265625
0 0.1234375 0.89453125 0.00703125 0.03046875
0 0.1203125 0.89375 0.00703125 0.02734375
0 0.140625 0.8953125 0.01015625 0.02890625
0 0.15078125 0.890625 0.0046875 0.02109375
0 0.53359375 0.89375 0.009375 0.02109375
0 0.271875 0.88828125 0.01875 0.021875
0 0.2375 0.88671875 0.00703125 0.01015625
0 0.25234375 0.8859375 0.00703125 0.0078125