0 0.803125 0.73359375 0.390625 0.53125
0 0.14921875 0.67890625 0.2921875 0.63984375
0 0.34765625 0.64765625 0.4890625 0.56015625
0 0.0578125 0.4515625 0.115625 0.315625
0 0.08671875 0.4125 0.11328125 0.25078125
0 0.2453125 0.33984375 0.11328125 0.1203125
0 0.32421875 0.38046875 0.11328125 0.16875
0 0.40859375 0.35078125 0.08203125 0.159375
0 0.48984375 0.359375 0.0921875 0.16015625
0 0.40859375 0.340625 0.28203125 0.134375
0 0.78515625 0.34375 0.09375 0.13125
0 0.36171875 0.9109375 0.2953125 0.04296875
0 0.12421875 0.53359375 0.16796875 0.0828125