0 0.0328125 0.52578125 0.065625 0.3453125
0 0.11171875 0.534375 0.0890625 0.365625
0 0.2453125 0.534375 0.09453125 0.3828125
0 0.2984375 0.5 0.05859375 0.3578125
0 0.340625 0.50703125 0.06328125 0.29296875
0 0.40859375 0.4921875 0.08203125 0.35078125
0 0.4515625 0.515625 0.0625 0.28671875
0 0.45234375 0.5 0.08828125 0.29453125
0 0.51015625 0.52109375 0.03828125 0.33359375
0 0.5453125 0.49765625 0.07421875 0.33203125
0 0.58359375 0.48828125 0.0390625 0.34140625
0 0.6 0.4828125 0.0484375 0.24296875
0 0.6234375 0.50078125 0.0796875 0.30234375
0 0.684375 0.50234375 0.08828125 0.36171875
0 0.7828125 0.53125 0.08828125 0.3359375
0 0.0234375 0.81015625 0.046875 0.159375
0 0.04765625 0.76015625 0.0515625 0.17265625
0 0.1046875 0.81484375 0.09375 0.19453125
0 0.0390625 0.91953125 0.078125 0.159375
0 0.10078125 0.9015625 0.08203125 0.196875
0 0.09921875 0.9640625 0.0609375 0.071875
0 0.14609375 0.75546875 0.0640625 0.20703125
0 0.246875 0.96953125 0.0625 0.0609375
0 0.209375 0.740625 0.06171875 0.21171875
0 0.19609375 0.76640625 0.07109375 0.1359375
0 0.18203125 0.834375 0.0734375 0.1828125
0 0.209375 0.86796875 0.07890625 0.16640625
0 0.1875 0.89609375 0.109375 0.2078125
0 0.2609375 0.74765625 0.05234375 0.184375
0 0.32265625 0.6609375 0.0359375 0.05234375
0 0.28515625 0.77265625 0.07734375 0.2015625
0 0.328125 0.7421875 0.03671875 0.13203125
0 0.29296875 0.8546875 0.0875 0.1828125
0 0.29765625 0.91796875 0.08125 0.1640625
0 0.35078125 0.790625 0.05 0.17734375
0 0.39140625 0.73984375 0.046875 0.1421875
0 0.43046875 0.68046875 0.046875 0.1171875
0 0.37578125 0.91953125 0.08203125 0.1609375
0 0.4125 0.90078125 0.06171875 0.19765625
0 0.4296875 0.85546875 0.071875 0.19453125
0 0.4171875 0.75 0.0609375 0.11953125
0 0.47265625 0.7109375 0.07734375 0.1328125
0 0.48828125 0.67109375 0.04140625 0.0953125
0 0.5328125 0.6890625 0.0453125 0.10625
0 0.5578125 0.67421875 0.03515625 0.059375
0 0.596875 0.7015625 0.04609375 0.109375
0 0.6109375 0.65234375 0.03515625 0.103125
0 0.63984375 0.684375 0.0609375 0.1203125
0 0.6578125 0.67734375 0.0390625 0.1296875
0 0.47109375 0.8125 0.07109375 0.22109375
0 0.52578125 0.7703125 0.0609375 0.15546875
0 0.5828125 0.72890625 0.059375 0.1265625
0 0.64765625 0.725 0.0328125 0.09453125
0 0.64140625 0.78203125 0.06640625 0.16015625
0 0.57265625 0.83828125 0.090625 0.2140625
0 0.4796875 0.915625 0.10390625 0.1671875
0 0.53828125 0.90078125 0.0421875 0.10078125
0 0.55703125 0.946875 0.06171875 0.10625
0 0.4671875 0.9796875 0.0640625 0.040625
0 0.62890625 0.925 0.084375 0.15
0 0.6875 0.87734375 0.06484375 0.15234375
0 0.7109375 0.96328125 0.071875 0.07265625
0 0.7765625 0.95234375 0.06796875 0.0953125
0 0.82421875 0.92109375 0.07265625 0.1578125
0 0.896875 0.9265625 0.065625 0.14609375
0 0.70703125 0.67421875 0.065625 0.12421875
0 0.7640625 0.67890625 0.05 0.17109375
0 0.7109375 0.7078125 0.0609375 0.12109375
0 0.7546875 0.725 0.046875 0.13125
0 0.728125 0.784375 0.08046875 0.22578125
0 0.76328125 0.89140625 0.06328125 0.21015625
0 0.821875 0.81484375 0.0734375 0.15234375
0 0.796875 0.7484375 0.05078125 0.1125
0 0.821875 0.6984375 0.05078125 0.1140625
0 0.840625 0.678125 0.03125 0.08671875
0 0.86875 0.76015625 0.059375 0.159375
0 0.89375 0.6828125 0.046875 0.1203125
0 0.92109375 0.753125 0.059375 0.13671875
0 0.96640625 0.728125 0.0671875 0.165625
0 0.9125 0.80078125 0.04609375 0.103125
0 0.95625 0.9046875 0.0640625 0.184375
0 0.978125 0.8265625 0.04375 0.171875
0 0.01484375 0.71484375 0.0296875 0.03046875
0 0.73671875 0.61484375 0.0265625 0.04375
0 0.03046875 0.98671875 0.0609375 0.02578125
0 0.89765625 0.83671875 0.05078125 0.0453125
0 0.93125 0.98046875 0.13671875 0.0359375