0 0.028125 0.2953125 0.04765625 0.2265625
0 0.03203125 0.36796875 0.04296875 0.24453125
0 0.0546875 0.19921875 0.03125 0.08515625
0 0.10625 0.2171875 0.0546875 0.11875
0 0.071875 0.35234375 0.0796875 0.346875
0 0.10859375 0.3578125 0.05390625 0.2734375
0 0.1515625 0.23515625 0.053125 0.15078125
0 0.19375 0.4578125 0.1375 0.63125
0 0.23125 0.271875 0.05390625 0.1890625
0 0.30546875 0.43046875 0.12890625 0.653125
0 0.4484375 0.5890625 0.27421875 0.81875
0 0.33671875 0.321875 0.071875 0.3015625
0 0.5421875 0.403125 0.109375 0.52578125
0 0.6609375 0.534375 0.23046875 0.89296875
0 0.71953125 0.48125 0.07109375 0.61328125
0 0.80625 0.465625 0.13671875 0.62109375
0 0.01015625 0.225 0.0203125 0.06328125
0 0.49765625 0.27578125 0.04375 0.20078125
0 0.4734375 0.43515625 0.0796875 0.52734375
0 0.3640625 0.221875 0.065625 0.1921875
0 0.12109375 0.209375 0.03125 0.05859375
0 0.14765625 0.19375 0.0234375 0.0421875
0 0.2703125 0.209375 0.0546875 0.05
0 0.54609375 0.89609375 0.4296875 0.2046875
0 0.371875 0.190625 0.021875 0.05546875
0 0.04140625 0.2 0.01640625 0.03046875