0 0.2125 0.59140625 0.13125 0.24765625
0 0.27734375 0.53515625 0.0609375 0.13828125
0 0.3859375 0.58671875 0.07578125 0.24921875
0 0.4421875 0.59140625 0.06796875 0.24375
0 0.503125 0.6109375 0.09296875 0.21875
0 0.51171875 0.615625 0.08515625 0.22734375
0 0.5703125 0.60859375 0.0671875 0.2421875
0 0.6296875 0.61953125 0.065625 0.26015625
0 0.66328125 0.6109375 0.0609375 0.2546875
0 0.69921875 0.6203125 0.06328125 0.26171875
0 0.74921875 0.603125 0.08203125 0.31015625
0 0.81796875 0.6296875 0.09765625 0.33125
0 0.94921875 0.57265625 0.1 0.4390625
0 0.92734375 0.521875 0.04765625 0.196875
0 0.87890625 0.46875 0.10234375 0.31328125
0 0.79921875 0.41875 0.07890625 0.2421875
0 0.74375 0.49609375 0.08671875 0.2828125
0 0.7171875 0.40234375 0.03671875 0.10234375
0 0.671875 0.459375 0.07734375 0.16328125
0 0.6734375 0.3859375 0.05703125 0.1484375
0 0.603125 0.471875 0.07109375 0.18828125
0 0.61640625 0.38203125 0.06875 0.12890625
0 0.55703125 0.45078125 0.05234375 0.21328125
0 0.52734375 0.56484375 0.04765625 0.20078125
0 0.50703125 0.45 0.06015625 0.12890625
0 0.52734375 0.4078125 0.0296875 0.109375
0 0.478125 0.4578125 0.059375 0.23125
0 0.446875 0.39609375 0.0359375 0.11796875
0 0.415625 0.43515625 0.0640625 0.196875
0 0.378125 0.4625 0.0671875 0.1828125
0 0.34765625 0.37890625 0.03125 0.0953125
0 0.33515625 0.39453125 0.03828125 0.1078125
0 0.31953125 0.48515625 0.075 0.27421875
0 0.28828125 0.371875 0.03125 0.084375
0 0.26015625 0.4796875 0.07265625 0.31015625
0 0.1953125 0.4625 0.03203125 0.096875
0 0.23125 0.371875 0.03671875 0.10546875
0 0.1921875 0.3796875 0.0828125 0.13984375
0 0.121875 0.521875 0.146875 0.4265625
0 0.0734375 0.4890625 0.14296875 0.4734375
0 0.29296875 0.6703125 0.11015625 0.15078125