0 0.0796875 0.5234375 0.15859375 0.953125
0 0.1640625 0.6390625 0.2375 0.715625
0 0.1578125 0.39296875 0.18203125 0.48984375
0 0.25625 0.60546875 0.15 0.7890625
0 0.4046875 0.61015625 0.20234375 0.7796875
0 0.60625 0.6265625 0.1609375 0.74296875
0 0.725 0.62578125 0.0859375 0.7484375
0 0.86328125 0.59140625 0.2640625 0.8171875
0 0.42421875 0.34296875 0.05546875 0.14140625
0 0.2625 0.46171875 0.4875 0.61015625
0 0.70625 0.425 0.07890625 0.35
0 0.59921875 0.89765625 0.2609375 0.1015625
0 0.9296875 0.57734375 0.13984375 0.83828125
0 0.60546875 0.25 0.0796875 0.0796875