0 0.88125 0.696875 0.23515625 0.60234375
0 0.86328125 0.740625 0.19921875 0.51875
0 0.75703125 0.7609375 0.140625 0.475
0 0.615625 0.76875 0.1203125 0.46171875
0 0.64296875 0.6234375 0.06171875 0.2375
0 0.57734375 0.6921875 0.05390625 0.34296875
0 0.48046875 0.64765625 0.06640625 0.3359375
0 0.43203125 0.5390625 0.0359375 0.165625
0 0.33046875 0.6953125 0.2421875 0.609375
0 0.16875 0.64140625 0.1796875 0.45859375
0 0.1359375 0.6453125 0.0734375 0.29609375
0 0.41171875 0.546875 0.02265625 0.10859375
0 0.37421875 0.546875 0.0203125 0.090625
0 0.3875 0.54296875 0.015625 0.06328125
0 0.4984375 0.50859375 0.06875 0.05859375
0 0.33046875 0.58984375 0.0265625 0.071875