0 0.0296875 0.734375 0.04296875 0.14296875
0 0.003125 0.721875 0.00625 0.0296875
0 0.0125 0.74375 0.021875 0.11015625
0 0.0546875 0.7390625 0.0203125 0.1015625
0 0.078125 0.734375 0.03828125 0.11328125
0 0.06640625 0.74375 0.01640625 0.084375
0 0.09296875 0.73828125 0.01796875 0.08515625
0 0.1078125 0.7328125 0.03125 0.090625
0 0.12265625 0.73203125 0.01875 0.08828125
0 0.12578125 0.73125 0.0234375 0.0875
0 0.21328125 0.6859375 0.015625 0.0546875
0 0.5296875 0.2328125 0.034375 0.12109375
0 0.5328125 0.21640625 0.02265625 0.0875
0 0.97890625 0.5359375 0.04140625 0.184375
0 0.06796875 0.734375 0.1359375 0.090625
0 0.7484375 0.30546875 0.0453125 0.0828125
0 0.9515625 0.53359375 0.09375 0.19921875
0 0.59609375 0.55625 0.10859375 0.12890625
0 0.17265625 0.70546875 0.046875 0.01875