0 0.73046875 0.78984375 0.03671875 0.37109375
0 0.70078125 0.7953125 0.0765625 0.38203125
0 0.63125 0.7828125 0.065625 0.3625
0 0.603125 0.85859375 0.10703125 0.27734375
0 0.5234375 0.84296875 0.071875 0.3140625
0 0.48984375 0.76953125 0.03828125 0.246875
0 0.4578125 0.80234375 0.065625 0.38984375
0 0.4265625 0.77578125 0.040625 0.24453125
0 0.37109375 0.81015625 0.05078125 0.3625
0 0.34140625 0.8046875 0.04921875 0.384375
0 0.275 0.80390625 0.0859375 0.3875
0 0.24375 0.80234375 0.0421875 0.36796875
0 0.20859375 0.80234375 0.065625 0.38984375
0 0.17734375 0.7734375 0.034375 0.27734375
0 0.11796875 0.803125 0.0890625 0.39375
0 0.365625 0.79296875 0.04453125 0.33203125
0 0.55703125 0.68828125 0.04296875 0.15078125
0 0.5953125 0.684375 0.03828125 0.13203125
0 0.5703125 0.6828125 0.021875 0.1125
0 0.28203125 0.7984375 0.06171875 0.33828125
0 0.08828125 0.68984375 0.04453125 0.159375
0 0.1625 0.65546875 0.08125 0.09609375
0 0.3734375 0.89140625 0.0125 0.025
0 0.31796875 0.90546875 0.0125 0.04140625
0 0.50703125 0.66484375 0.08984375 0.11015625
0 0.6015625 0.65546875 0.0453125 0.0796875
0 0.56953125 0.67890625 0.02109375 0.13203125
0 0.34765625 0.6453125 0.01328125 0.04921875
0 0.15859375 0.73203125 0.01015625 0.06328125