0 0.04140625 0.90703125 0.05 0.1859375
0 0.13515625 0.91953125 0.1234375 0.159375
0 0.240625 0.92265625 0.0859375 0.153125
0 0.1578125 0.8484375 0.03828125 0.10703125
0 0.15625 0.7796875 0.03046875 0.04921875
0 0.26015625 0.7796875 0.071875 0.096875
0 0.2859375 0.78203125 0.02890625 0.0484375
0 0.4671875 0.7859375 0.03125 0.09296875
0 0.48984375 0.75546875 0.02578125 0.04375
0 0.51953125 0.7515625 0.04140625 0.065625
0 0.51328125 0.79921875 0.03984375 0.0734375
0 0.5234375 0.77890625 0.02421875 0.05859375
0 0.49375 0.80234375 0.03125 0.06484375
0 0.55234375 0.7578125 0.02265625 0.0578125
0 0.5703125 0.74765625 0.01875 0.053125
0 0.57109375 0.72578125 0.0234375 0.0453125
0 0.58828125 0.73359375 0.0140625 0.0296875
0 0.6046875 0.75625 0.02578125 0.07890625
0 0.58359375 0.78984375 0.04921875 0.0984375
0 0.61796875 0.78203125 0.02890625 0.078125
0 0.63046875 0.7828125 0.04140625 0.09140625
0 0.66015625 0.7609375 0.03359375 0.0859375
0 0.6453125 0.8078125 0.040625 0.078125
0 0.66015625 0.8375 0.06328125 0.10234375
0 0.6875 0.86015625 0.03828125 0.15390625
0 0.665625 0.9015625 0.078125 0.196875
0 0.72890625 0.734375 0.021875 0.0625
0 0.70703125 0.7921875 0.0359375 0.08671875
0 0.7078125 0.859375 0.03125 0.16640625
0 0.7359375 0.8703125 0.078125 0.21015625
0 0.7140625 0.75078125 0.03046875 0.05078125
0 0.75078125 0.92109375 0.08984375 0.15703125
0 0.82265625 0.8921875 0.09453125 0.21328125
0 0.909375 0.94765625 0.078125 0.1046875
0 0.9234375 0.93203125 0.0625 0.1359375
0 0.93359375 0.9171875 0.0921875 0.1453125
0 0.89765625 0.86953125 0.07890625 0.084375
0 0.934375 0.82265625 0.03671875 0.05625
0 0.88828125 0.8859375 0.0484375 0.20234375
0 0.83984375 0.83046875 0.03515625 0.0890625
0 0.77421875 0.83515625 0.03828125 0.10625
0 0.77578125 0.815625 0.05390625 0.10078125
0 0.78046875 0.775 0.0265625 0.07109375
0 0.80078125 0.78359375 0.03203125 0.07734375
0 0.8421875 0.78046875 0.0359375 0.11875
0 0.815625 0.7328125 0.021875 0.04296875
0 0.86796875 0.76015625 0.028125 0.07890625
0 0.88359375 0.759375 0.02421875 0.05625
0 0.88828125 0.775 0.034375 0.07109375
0 0.91484375 0.79453125 0.040625 0.09921875
0 0.9375 0.7625 0.02734375 0.07734375
0 0.94453125 0.7984375 0.0140625 0.07109375
0 0.9296875 0.7390625 0.0171875 0.04609375
0 0.89609375 0.725 0.01875 0.040625
0 0.90703125 0.71953125 0.01484375 0.0484375
0 0.321875 0.9078125 0.05859375 0.18359375
0 0.36171875 0.93046875 0.0421875 0.13828125
0 0.41171875 0.95625 0.04921875 0.0875
0 0.47109375 0.9578125 0.0640625 0.084375
0 0.0359375 0.8484375 0.071875 0.30234375
0 0.1234375 0.75546875 0.05859375 0.0953125
0 0.33125 0.76640625 0.16328125 0.1234375
0 0.4375 0.76875 0.0421875 0.11328125
0 0.478125 0.75625 0.0125 0.03359375
0 0.55859375 0.81328125 0.05546875 0.053125
0 0.55859375 0.74609375 0.01796875 0.07109375
0 0.65703125 0.7609375 0.03046875 0.02421875
0 0.746875 0.73359375 0.0328125 0.11640625
0 0.69921875 0.7421875 0.01875 0.04765625
0 0.9765625 0.93828125 0.046875 0.1234375
0 0.82109375 0.76796875 0.0328125 0.04453125
0 0.9125 0.7390625 0.03046875 0.05
0 0.88203125 0.72734375 0.025 0.01953125
0 0.78203125 0.71171875 0.0390625 0.06796875
0 0.8359375 0.70625 0.06796875 0.0734375
0 0.93125 0.71484375 0.0375 0.08671875
0 0.89140625 0.69765625 0.04375 0.04140625
0 0.6234375 0.703125 0.03125 0.06015625
0 0.34921875 0.88984375 0.0140625 0.06953125
0 0.5171875 0.9546875 0.0734375 0.090625
0 0.603125 0.953125 0.03203125 0.08984375
0 0.16171875 0.38046875 0.06171875 0.22421875
0 0.13671875 0.61953125 0.04375 0.034375
0 0.4859375 0.196875 0.0375 0.17578125