0 0.26640625 0.4453125 0.2609375 0.81796875
0 0.1421875 0.33046875 0.1296875 0.44296875
0 0.3796875 0.39921875 0.11875 0.58125
0 0.525 0.2984375 0.0578125 0.26953125
0 0.3859375 0.34140625 0.075 0.45234375
0 0.12109375 0.3015625 0.1109375 0.415625
0 0.64296875 0.21484375 0.065625 0.140625
0 0.684375 0.21171875 0.04453125 0.15859375
0 0.74296875 0.2203125 0.0640625 0.15078125
0 0.93515625 0.34140625 0.12890625 0.56640625
0 0.0453125 0.49921875 0.08984375 0.30859375
0 0.334375 0.1515625 0.04140625 0.078125
0 0.54296875 0.2515625 0.034375 0.14453125
0 0.56171875 0.21796875 0.021875 0.10625
0 0.9390625 0.4765625 0.11875 0.484375
0 0.7203125 0.26875 0.0328125 0.05390625
0 0.65859375 0.26171875 0.03515625 0.053125
0 0.0546875 0.27265625 0.04453125 0.165625
0 0.18671875 0.1921875 0.03125 0.04453125
0 0.31015625 0.16796875 0.02265625 0.040625
0 0.95078125 0.67421875 0.09765625 0.4875
0 0.984375 0.21015625 0.03125 0.2875
0 0.87421875 0.36484375 0.053125 0.35
0 0.7796875 0.19609375 0.03046875 0.09140625
0 0.71640625 0.20390625 0.03125 0.06796875
0 0.49609375 0.259375 0.0234375 0.14375