0 0.4125 0.70234375 0.021875 0.09765625
0 0.446875 0.73125 0.03203125 0.15859375
0 0.465625 0.721875 0.01953125 0.10234375
0 0.47890625 0.69765625 0.01640625 0.0921875
0 0.4859375 0.68671875 0.0140625 0.0875
0 0.53046875 0.69453125 0.015625 0.0828125
0 0.5515625 0.7015625 0.01953125 0.09296875
0 0.5578125 0.6984375 0.0140625 0.09296875
0 0.58828125 0.70703125 0.021875 0.06953125
0 0.625 0.71796875 0.04296875 0.17890625
0 0.42578125 0.7046875 0.015625 0.09609375
0 0.43203125 0.73828125 0.01328125 0.04609375
0 0.46484375 0.68515625 0.0171875 0.090625
0 0.54453125 0.7015625 0.021875 0.0875
0 0.434375 0.69453125 0.015625 0.07421875
0 0.603125 0.70703125 0.0234375 0.07421875