0 0.9625 0.8546875 0.0609375 0.14609375
0 0.940625 0.875 0.03125 0.2328125
0 0.809375 0.8328125 0.0625 0.10546875
0 0.86796875 0.83359375 0.05390625 0.115625
0 0.78046875 0.8140625 0.04375 0.10859375
0 0.73359375 0.82890625 0.0375 0.0875
0 0.66328125 0.8296875 0.0390625 0.12421875
0 0.56171875 0.909375 0.075 0.18125
0 0.6375 0.92890625 0.078125 0.1421875
0 0.46640625 0.9328125 0.07109375 0.134375
0 0.51640625 0.890625 0.071875 0.121875
0 0.30078125 0.940625 0.0921875 0.11875
0 0.32578125 0.9203125 0.0515625 0.15703125
0 0.396875 0.86640625 0.0921875 0.134375
0 0.36171875 0.88671875 0.04375 0.1890625
0 0.43828125 0.88125 0.0484375 0.14609375
0 0.4734375 0.82421875 0.040625 0.08203125
0 0.525 0.82578125 0.04765625 0.10234375
0 0.59140625 0.8734375 0.06171875 0.15078125
0 0.78984375 0.88984375 0.04296875 0.06328125
0 0.825 0.89765625 0.0390625 0.134375
0 0.3453125 0.84375 0.03125 0.115625
0 0.24140625 0.91328125 0.07421875 0.16953125
0 0.1859375 0.92578125 0.1078125 0.14765625
0 0.09375 0.9328125 0.0875 0.13203125
0 0.034375 0.84296875 0.03515625 0.10078125
0 0.090625 0.83828125 0.0265625 0.08359375
0 0.1609375 0.76015625 0.025 0.05
0 0.2109375 0.77265625 0.0171875 0.08359375
0 0.16015625 0.86640625 0.0796875 0.12578125
0 0.0203125 0.83359375 0.025 0.0890625
0 0.615625 0.90234375 0.0421875 0.1921875
0 0.19609375 0.95 0.0921875 0.09921875
0 0.7484375 0.86328125 0.05546875 0.0984375
0 0.93046875 0.85234375 0.01953125 0.190625
0 0.6109375 0.640625 0.1203125 0.06015625
0 0.4703125 0.76796875 0.35 0.14765625
0 0.2265625 0.80859375 0.1390625 0.16875
0 0.0390625 0.93515625 0.078125 0.1296875
0 0.771875 0.778125 0.25390625 0.11015625
0 0.80859375 0.9484375 0.3828125 0.1
0 0.45625 0.94453125 0.203125 0.1109375
0 0.0890625 0.8 0.02421875 0.0421875