0 0.08203125 0.865625 0.1140625 0.2640625
0 0.0125 0.70390625 0.02421875 0.18671875
0 0.04453125 0.70078125 0.053125 0.18515625
0 0.0703125 0.60078125 0.028125 0.10703125
0 0.1046875 0.603125 0.01796875 0.09375
0 0.09921875 0.5984375 0.0234375 0.0875
0 0.1234375 0.58359375 0.021875 0.04140625
0 0.15 0.60625 0.015625 0.0953125
0 0.1453125 0.58671875 0.02109375 0.071875
0 0.1703125 0.58828125 0.02109375 0.10703125
0 0.1875 0.5921875 0.01875 0.0875
0 0.19375 0.5921875 0.0234375 0.09921875
0 0.21015625 0.584375 0.01796875 0.09921875
0 0.221875 0.5625 0.0140625 0.04375
0 0.221875 0.62109375 0.0203125 0.109375
0 0.23671875 0.55234375 0.015625 0.03203125
0 0.2390625 0.59921875 0.015625 0.08515625
0 0.253125 0.58671875 0.0234375 0.0875
0 0.2859375 0.58828125 0.01640625 0.06796875
0 0.27578125 0.5796875 0.01640625 0.05
0 0.35 0.528125 0.0109375 0.04609375
0 0.35859375 0.52109375 0.0078125 0.03984375
0 0.74375 0.55078125 0.01640625 0.0796875
0 0.7609375 0.5515625 0.015625 0.07734375
0 0.803125 0.5390625 0.01796875 0.071875
0 0.82734375 0.54765625 0.0234375 0.07734375
0 0.84609375 0.5578125 0.01640625 0.06171875
0 0.9359375 0.56796875 0.01640625 0.08515625
0 0.94765625 0.56171875 0.015625 0.08125
0 0.11875 0.675 0.0421875 0.1375
0 0.88203125 0.3296875 0.2359375 0.115625
0 0.01796875 0.5625 0.034375 0.10703125
0 0.1453125 0.54140625 0.028125 0.04609375
0 0.2609375 0.6171875 0.0125 0.065625
0 0.265625 0.5171875 0.1578125 0.059375
0 0.61640625 0.5171875 0.10703125 0.0515625
0 0.71953125 0.5171875 0.028125 0.03203125
0 0.76640625 0.5375 0.04296875 0.065625
0 0.81640625 0.51796875 0.0140625 0.04609375
0 0.85859375 0.5328125 0.0453125 0.05546875
0 0.903125 0.525 0.04453125 0.0796875
0 0.975 0.5609375 0.05 0.096875