0 0.01796875 0.88125 0.03515625 0.20625
0 0.140625 0.78984375 0.10390625 0.23125
0 0.47265625 0.640625 0.0734375 0.10625
0 0.4375 0.64453125 0.04140625 0.109375
0 0.3953125 0.64921875 0.08125 0.109375
0 0.3359375 0.646875 0.04921875 0.1171875
0 0.29765625 0.64765625 0.04765625 0.0921875
0 0.25546875 0.640625 0.05703125 0.10625
0 0.2234375 0.64921875 0.04609375 0.08984375
0 0.1859375 0.64375 0.0359375 0.10390625
0 0.04296875 0.6453125 0.065625 0.103125
0 0.10390625 0.646875 0.0515625 0.09609375
0 0.1296875 0.65078125 0.0375 0.0859375
0 0.09921875 0.646875 0.04921875 0.096875
0 0.75703125 0.77734375 0.03359375 0.07421875
0 0.990625 0.7828125 0.01875 0.075
0 0.5828125 0.95 0.07421875 0.1
0 0.69609375 0.9296875 0.05 0.1390625
0 0.61953125 0.9203125 0.0453125 0.1578125
0 0.6453125 0.91328125 0.0359375 0.15703125
0 0.73125 0.91640625 0.04921875 0.1671875
0 0.7625 0.92890625 0.03515625 0.1421875
0 0.78125 0.92109375 0.034375 0.1578125
0 0.81796875 0.8875 0.04140625 0.09296875
0 0.8890625 0.9453125 0.0515625 0.1078125
0 0.85625 0.93046875 0.0375 0.1390625
0 0.93203125 0.9265625 0.0390625 0.1453125
0 0.96875 0.90234375 0.0484375 0.10703125
0 0.675 0.8953125 0.0359375 0.15234375
0 0.99140625 0.903125 0.0171875 0.1046875
0 0.55625 0.8953125 0.03828125 0.13984375
0 0.54921875 0.84921875 0.02890625 0.06484375
0 0.53203125 0.87734375 0.0375 0.13203125
0 0.19140625 0.64375 0.03828125 0.10234375
0 0.14765625 0.61015625 0.0234375 0.03203125
0 0.22421875 0.65078125 0.034375 0.08828125
0 0.59453125 0.89140625 0.03125 0.1171875
0 0.70625 0.86484375 0.034375 0.0640625
0 0.9015625 0.909375 0.03359375 0.07265625
0 0.8203125 0.97578125 0.05546875 0.04765625
0 0.83046875 0.95859375 0.05234375 0.0828125
0 0.9453125 0.86484375 0.02421875 0.0390625
0 0.8578125 0.884375 0.053125 0.06328125
0 0.8703125 0.8625 0.02890625 0.053125
0 0.9046875 0.87578125 0.03828125 0.08203125
0 0.8546875 0.84921875 0.01796875 0.02265625
0 0.8171875 0.88671875 0.0375 0.08984375
0 0.7734375 0.83984375 0.0203125 0.01875
0 0.75078125 0.8453125 0.03515625 0.03984375
0 0.6046875 0.84609375 0.04140625 0.04609375
0 0.5171875 0.82421875 0.009375 0.0328125
0 0.54140625 0.81484375 0.01796875 0.02890625
0 0.57421875 0.834375 0.021875 0.034375
0 0.97109375 0.8421875 0.04921875 0.084375
0 0.99140625 0.82265625 0.0171875 0.0609375
0 0.97734375 0.84296875 0.0375 0.08203125
0 0.9453125 0.81484375 0.034375 0.03203125
0 0.94375 0.8015625 0.02421875 0.0328125
0 0.9453125 0.86484375 0.02421875 0.0421875
0 0.9421875 0.83828125 0.02890625 0.0359375
0 0.2921875 0.61015625 0.034375 0.03125
0 0.09609375 0.6125 0.01484375 0.02109375
0 0.1984375 0.63203125 0.0140625 0.0296875
0 0.6 0.80859375 0.125 0.0546875
0 0.64375 0.85234375 0.03828125 0.034375
0 0.86484375 0.8234375 0.11796875 0.07890625
0 0.734375 0.8171875 0.14375 0.059375
0 0.93671875 0.634375 0.1109375 0.046875
0 0.65703125 0.3328125 0.11171875 0.0859375