0 0.10390625 0.77734375 0.2078125 0.44140625
0 0.23984375 0.73046875 0.19765625 0.53515625
0 0.3890625 0.8234375 0.1171875 0.35
0 0.4765625 0.8921875 0.0875 0.21171875
0 0.60390625 0.8 0.1828125 0.396875
0 0.3328125 0.76484375 0.07890625 0.45703125
0 0.43515625 0.7765625 0.0671875 0.346875
0 0.49609375 0.734375 0.0921875 0.35859375
0 0.55234375 0.72578125 0.0546875 0.33203125
0 0.68984375 0.78671875 0.06015625 0.346875
0 0.74140625 0.7421875 0.0703125 0.28515625
0 0.79765625 0.7171875 0.1171875 0.378125
0 0.88671875 0.6578125 0.07109375 0.16171875
0 0.6734375 0.6328125 0.09375 0.16796875
0 0.1453125 0.60859375 0.05625 0.21328125
0 0.20390625 0.565625 0.0453125 0.09140625
0 0.39765625 0.61796875 0.06015625 0.096875
0 0.1078125 0.52734375 0.03359375 0.0515625
0 0.08828125 0.54609375 0.04375 0.0515625
0 0.0234375 0.5578125 0.04609375 0.1453125
0 0.6171875 0.625 0.0390625 0.046875
0 0.6171875 0.6015625 0.06015625 0.08671875
0 0.846875 0.83984375 0.30625 0.31640625
0 0.01953125 0.63984375 0.0390625 0.23671875
0 0.89296875 0.5625 0.2140625 0.2484375
0 0.56953125 0.578125 0.4359375 0.0765625
0 0.17578125 0.52578125 0.3515625 0.1515625