0 0.93984375 0.91875 0.1171875 0.15859375
0 0.571875 0.94765625 0.0703125 0.10078125
0 0.49375 0.9453125 0.09296875 0.10625
0 0.35859375 0.88046875 0.1 0.23828125
0 0.21484375 0.71875 0.084375 0.2796875
0 0.07890625 0.31953125 0.0328125 0.10234375
0 0.13515625 0.30078125 0.0328125 0.13984375
0 0.05078125 0.40703125 0.05 0.16171875
0 0.09453125 0.43515625 0.02890625 0.128125
0 0.27421875 0.546875 0.04609375 0.23671875
0 0.28828125 0.56484375 0.05703125 0.2328125
0 0.44453125 0.50625 0.0625 0.2046875
0 0.534375 0.4203125 0.03984375 0.15078125
0 0.6046875 0.53359375 0.05859375 0.1765625
0 0.5671875 0.52109375 0.04609375 0.15234375
0 0.45390625 0.7171875 0.0875 0.3015625
0 0.37890625 0.659375 0.09140625 0.2234375
0 0.5375 0.671875 0.0640625 0.2828125
0 0.66796875 0.5640625 0.05 0.14140625
0 0.5875 0.7828125 0.103125 0.21796875
0 0.8375 0.61015625 0.0296875 0.18828125
0 0.90390625 0.353125 0.0484375 0.11328125
0 0.8890625 0.53515625 0.0671875 0.2140625
0 0.93828125 0.5421875 0.0625 0.2046875
0 0.9125 0.4046875 0.0375 0.06875
0 0.4125 0.83984375 0.08828125 0.3203125
0 0.05390625 0.69453125 0.1078125 0.3015625
0 0.16796875 0.39765625 0.15 0.41875
0 0.47265625 0.28671875 0.45703125 0.20859375
0 0.5140625 0.5015625 0.38828125 0.21796875
0 0.28203125 0.4203125 0.07578125 0.05
0 0.840625 0.3875 0.07265625 0.290625
0 0.96796875 0.440625 0.06171875 0.30390625