0 0.134375 0.68046875 0.203125 0.459375
0 0.23203125 0.64296875 0.11328125 0.39765625
0 0.12890625 0.653125 0.09921875 0.4296875
0 0.0765625 0.60078125 0.1078125 0.4125
0 0.5171875 0.50078125 0.02109375 0.07109375
0 0.55859375 0.50546875 0.0203125 0.0640625
0 0.5984375 0.54296875 0.04375 0.15078125
0 0.653125 0.56875 0.07890625 0.27734375
0 0.77109375 0.5359375 0.02890625 0.10078125
0 0.81484375 0.521875 0.03828125 0.10703125
0 0.8578125 0.5390625 0.03671875 0.1234375
0 0.9328125 0.62734375 0.13359375 0.5640625
0 0.7375 0.5140625 0.03125 0.0765625
0 0.896875 0.51171875 0.034375 0.0671875
0 0.03046875 0.5046875 0.0609375 0.15546875
0 0.19765625 0.51328125 0.0578125 0.15703125
0 0.409375 0.46953125 0.040625 0.0359375
0 0.53359375 0.49609375 0.0234375 0.06796875
0 0.57421875 0.49921875 0.02890625 0.065625
0 0.6140625 0.49765625 0.0375 0.065625
0 0.7046875 0.51171875 0.06484375 0.0796875
0 0.77734375 0.50703125 0.06875 0.075
0 0.8390625 0.50859375 0.04140625 0.08359375
0 0.8796875 0.14140625 0.146875 0.2828125
0 0.5578125 0.3125 0.06171875 0.11796875
0 0.3 0.38046875 0.046875 0.07109375
0 0.16875 0.37265625 0.04140625 0.10859375
0 0.08984375 0.38828125 0.025 0.07734375
0 0.2609375 0.38828125 0.0234375 0.053125
0 0.87734375 0.5359375 0.01875 0.09765625
0 0.47109375 0.3984375 0.06015625 0.03359375
0 0.378125 0.428125 0.02265625 0.04609375