0 0.11484375 0.55 0.05 0.07109375
0 0.20546875 0.5546875 0.04296875 0.053125
0 0.18359375 0.5140625 0.02578125 0.03671875
0 0.2109375 0.515625 0.02890625 0.04296875
0 0.29453125 0.54453125 0.03984375 0.028125
0 0.5 0.51953125 0.02421875 0.034375
0 0.46484375 0.52421875 0.0125 0.01640625
0 0.5265625 0.55703125 0.01640625 0.02421875
0 0.56875 0.55859375 0.02421875 0.028125
0 0.6625 0.51953125 0.01953125 0.046875
0 0.66171875 0.5265625 0.02109375 0.0328125
0 0.68203125 0.528125 0.01953125 0.04453125
0 0.77421875 0.53984375 0.02734375 0.04296875
0 0.80234375 0.5671875 0.02890625 0.09375
0 0.83671875 0.546875 0.02421875 0.03671875
0 0.159375 0.7578125 0.184375 0.1828125
0 0.79921875 0.6890625 0.09921875 0.11796875
0 0.00390625 0.57421875 0.0078125 0.04296875