0 0.971875 0.72265625 0.053125 0.19375
0 0.978125 0.72109375 0.040625 0.18203125
0 0.82578125 0.7328125 0.0703125 0.178125
0 0.8359375 0.72890625 0.040625 0.19765625
0 0.85 0.74375 0.0875 0.21171875
0 0.7671875 0.73984375 0.040625 0.23984375
0 0.7453125 0.77578125 0.084375 0.26015625
0 0.63515625 0.76328125 0.0765625 0.25
0 0.5921875 0.7890625 0.096875 0.2578125
0 0.5078125 0.7359375 0.0625 0.2
0 0.47421875 0.759375 0.0765625 0.28984375
0 0.37734375 0.78671875 0.0734375 0.2578125
0 0.30703125 0.76484375 0.0671875 0.25
0 0.26328125 0.771875 0.0703125 0.27578125
0 0.2265625 0.7671875 0.0625 0.25390625
0 0.19296875 0.796875 0.1359375 0.28984375
0 0.14375 0.725 0.065625 0.20234375
0 0.0984375 0.73828125 0.05 0.24375
0 0.021875 0.7890625 0.04375 0.265625
0 0.04921875 0.775 0.0546875 0.2140625
0 0.065625 0.68125 0.040625 0.134375
0 0.91015625 0.715625 0.0859375 0.1640625
0 0.95859375 0.6828125 0.0171875 0.08984375
0 0.91328125 0.82734375 0.0765625 0.04609375
0 0.821875 0.84921875 0.1 0.021875
0 0.81640625 0.8890625 0.1078125 0.02578125
0 0.69296875 0.74375 0.0484375 0.11171875
0 0.54453125 0.7671875 0.0296875 0.1421875
0 0.56484375 0.88671875 0.1546875 0.02578125
0 0.42578125 0.88984375 0.0640625 0.04765625
0 0.32265625 0.87421875 0.0796875 0.071875
0 0.2625 0.65703125 0.040625 0.06171875
0 0.08359375 0.88828125 0.1359375 0.06015625
0 0.0296875 0.66796875 0.040625 0.06796875