0 0.0921875 0.48203125 0.15234375 0.696875
0 0.178125 0.446875 0.09140625 0.675
0 0.2046875 0.546875 0.14375 0.64609375
0 0.29296875 0.534375 0.12109375 0.6109375
0 0.26640625 0.2046875 0.10234375 0.26796875
0 0.3453125 0.4296875 0.08671875 0.70078125
0 0.4046875 0.18125 0.0765625 0.18671875
0 0.4609375 0.4921875 0.08984375 0.66796875
0 0.40546875 0.53828125 0.13515625 0.59765625
0 0.53515625 0.5515625 0.17265625 0.67265625
0 0.525 0.165625 0.0953125 0.221875
0 0.58125 0.4546875 0.0828125 0.67265625
0 0.64140625 0.4265625 0.0796875 0.7078125
0 0.64375 0.53984375 0.1421875 0.6921875
0 0.75625 0.58046875 0.18515625 0.7296875
0 0.7140625 0.1765625 0.0953125 0.18203125
0 0.79765625 0.51171875 0.10859375 0.76015625
0 0.90078125 0.5859375 0.1953125 0.75390625