0 0.1734375 0.75859375 0.134375 0.384375
0 0.221875 0.71953125 0.06953125 0.32421875
0 0.28125 0.71484375 0.08359375 0.29375
0 0.34765625 0.6890625 0.09765625 0.278125
0 0.425 0.6203125 0.10625 0.16328125
0 0.45078125 0.790625 0.18671875 0.2796875
0 0.50859375 0.60859375 0.11015625 0.1890625
0 0.5515625 0.59296875 0.06640625 0.13515625
0 0.6125 0.553125 0.0734375 0.07265625
0 0.6875 0.6078125 0.1078125 0.18515625
0 0.621875 0.6265625 0.1203125 0.16171875
0 0.75625 0.60546875 0.071875 0.165625
0 0.8328125 0.66796875 0.11171875 0.29375
0 0.56015625 0.7390625 0.1359375 0.24765625
0 0.65859375 0.71796875 0.11015625 0.18359375
0 0.79296875 0.809375 0.22890625 0.3578125
0 0.94609375 0.53046875 0.03125 0.05703125
0 0.9234375 0.56953125 0.146875 0.0234375
0 0.68828125 0.52734375 0.10625 0.0390625