0 0.04375 0.89375 0.0875 0.2109375
0 0.08203125 0.89609375 0.1640625 0.20625
0 0.21328125 0.903125 0.075 0.1921875
0 0.19140625 0.8875 0.0703125 0.2140625
0 0.3703125 0.90078125 0.12890625 0.196875
0 0.084375 0.765625 0.08046875 0.11015625
0 0.140625 0.7609375 0.06953125 0.109375
0 0.184375 0.77421875 0.08046875 0.12109375
0 0.278125 0.78359375 0.05859375 0.1234375
0 0.27734375 0.7671875 0.08046875 0.1140625
0 0.24609375 0.73671875 0.078125 0.12421875
0 0.2046875 0.7296875 0.0453125 0.0734375
0 0.39609375 0.76484375 0.07265625 0.11640625
0 0.4 0.771875 0.0796875 0.10546875
0 0.4703125 0.7671875 0.071875 0.1265625
0 0.590625 0.728125 0.03515625 0.06796875
0 0.60859375 0.76640625 0.0453125 0.10078125
0 0.640625 0.76875 0.04453125 0.11953125
0 0.59140625 0.78359375 0.07734375 0.1390625
0 0.67109375 0.759375 0.07890625 0.0859375
0 0.68671875 0.73359375 0.06015625 0.06796875
0 0.671875 0.7140625 0.05078125 0.0515625
0 0.65703125 0.89375 0.11015625 0.2125
0 0.6703125 0.90859375 0.128125 0.1828125
0 0.7078125 0.890625 0.05 0.1828125
0 0.7796875 0.8828125 0.1296875 0.1828125
0 0.95625 0.90859375 0.0875 0.1828125
0 0.0171875 0.7 0.034375 0.059375
0 0.034375 0.7015625 0.034375 0.0578125
0 0.03671875 0.675 0.02109375 0.03125
0 0.053125 0.6921875 0.02265625 0.06328125
0 0.07265625 0.6984375 0.0328125 0.06328125
0 0.01796875 0.65078125 0.02421875 0.03125
0 0.02265625 0.65 0.01484375 0.0328125
0 0.00859375 0.6375 0.01171875 0.02734375
0 0.26640625 0.68203125 0.0375 0.071875
0 0.2390625 0.67421875 0.02890625 0.065625
0 0.14375 0.7125 0.02109375 0.05546875
0 0.28828125 0.84140625 0.30703125 0.3171875
0 0.10390625 0.68125 0.02890625 0.0765625
0 0.09765625 0.67265625 0.025 0.06796875
0 0.14609375 0.67109375 0.02421875 0.03203125
0 0.34765625 0.66171875 0.02265625 0.06015625
0 0.3734375 0.646875 0.025 0.04921875
0 0.35703125 0.63671875 0.0140625 0.0203125
0 0.33671875 0.62109375 0.0125 0.01015625
0 0.45859375 0.609375 0.01953125 0.0171875
0 0.4921875 0.58515625 0.0125 0.028125
0 0.478125 0.5890625 0.01171875 0.02734375
0 0.4484375 0.58515625 0.0171875 0.0234375
0 0.44140625 0.5828125 0.0125 0.02890625
0 0.43203125 0.5859375 0.01640625 0.02734375
0 0.421875 0.5828125 0.01328125 0.01640625
0 0.40859375 0.6125 0.01640625 0.03515625
0 0.41796875 0.61015625 0.015625 0.0296875
0 0.40546875 0.6296875 0.01171875 0.0375
0 0.39765625 0.62890625 0.0140625 0.0421875
0 0.38984375 0.625 0.0109375 0.034375
0 0.8 0.70625 0.04296875 0.09375
0 0.7765625 0.6875 0.02734375 0.071875
0 0.803125 0.6640625 0.034375 0.0328125
0 0.82578125 0.671875 0.02890625 0.071875
0 0.83984375 0.71484375 0.06171875 0.0609375
0 0.84296875 0.69921875 0.04609375 0.04296875
0 0.878125 0.71328125 0.0328125 0.059375
0 0.8734375 0.690625 0.02578125 0.01953125
0 0.9203125 0.6953125 0.02421875 0.08125
0 0.96015625 0.6890625 0.03515625 0.08203125
0 0.98671875 0.6890625 0.02578125 0.0765625
0 0.72421875 0.6625 0.0359375 0.059375
0 0.6515625 0.6515625 0.028125 0.04609375
0 0.6390625 0.64765625 0.01484375 0.03359375
0 0.6921875 0.6390625 0.0265625 0.02734375
0 0.68046875 0.6484375 0.025 0.05390625
0 0.8625 0.67265625 0.0296875 0.053125
0 0.00859375 0.97421875 0.01640625 0.02421875
0 0.99375 0.86640625 0.0125 0.04296875
0 0.01015625 0.66640625 0.0203125 0.0484375
0 0.47734375 0.6109375 0.9515625 0.1546875