0 0.04765625 0.15546875 0.0640625 0.16875
0 0.0125 0.10234375 0.02421875 0.146875
0 0.125 0.47578125 0.17265625 0.91484375
0 0.2078125 0.14453125 0.059375 0.103125
0 0.19296875 0.0609375 0.05546875 0.121875
0 0.24375 0.06328125 0.04375 0.1265625
0 0.2890625 0.04609375 0.0421875 0.0921875
0 0.32109375 0.06953125 0.0609375 0.125
0 0.32265625 0.1015625 0.05234375 0.0765625
0 0.24609375 0.49375 0.19296875 0.8640625
0 0.35234375 0.26953125 0.21875 0.41171875
0 0.43515625 0.4125 0.22109375 0.64765625
0 0.54375 0.28125 0.084375 0.45703125
0 0.59453125 0.41640625 0.14765625 0.5609375
0 0.7171875 0.52578125 0.3890625 0.89140625
0 0.79296875 0.490625 0.2859375 0.9640625
0 0.3828125 0.6359375 0.25234375 0.6875
0 0.3828125 0.678125 0.25 0.59375
0 0.540625 0.69765625 0.19375 0.60078125
0 0.33203125 0.07421875 0.04375 0.12734375
0 0.434375 0.07890625 0.03359375 0.1578125
0 0.49921875 0.07109375 0.07421875 0.14140625
0 0.54375 0.04453125 0.05546875 0.08515625
0 0.6203125 0.08984375 0.1 0.1796875
0 0.7984375 0.16171875 0.06875 0.3015625
0 0.86484375 0.0484375 0.04375 0.09609375
0 0.9578125 0.25859375 0.084375 0.125
0 0.934375 0.06015625 0.04375 0.11953125
0 0.90625 0.13671875 0.0671875 0.20859375
0 0.66796875 0.0890625 0.0625 0.178125
0 0.009375 0.221875 0.01875 0.165625
0 0.04921875 0.02578125 0.08046875 0.05078125
0 0.096875 0.134375 0.0328125 0.0796875
0 0.1703125 0.1453125 0.02421875 0.0765625
0 0.15234375 0.04453125 0.040625 0.0890625
0 0.859375 0.09609375 0.034375 0.0328125
0 0.9640625 0.10078125 0.0703125 0.2015625
0 0.90546875 0.16640625 0.046875 0.11796875
0 0.9890625 0.24609375 0.0203125 0.078125