0 0.11875 0.6078125 0.0875 0.36484375
0 0.196875 0.60390625 0.07890625 0.35703125
0 0.26875 0.60390625 0.078125 0.34609375
0 0.33671875 0.59765625 0.071875 0.3515625
0 0.396875 0.60703125 0.065625 0.33046875
0 0.46015625 0.584375 0.09765625 0.390625
0 0.5328125 0.60234375 0.071875 0.35
0 0.6015625 0.60390625 0.07421875 0.34140625
0 0.6625 0.603125 0.0765625 0.33828125
0 0.71953125 0.5984375 0.065625 0.3421875
0 0.7828125 0.5953125 0.08515625 0.34609375
0 0.95078125 0.48125 0.03203125 0.1
0 0.9234375 0.48515625 0.028125 0.1078125
0 0.903125 0.47578125 0.03203125 0.08984375
0 0.88125 0.4734375 0.0296875 0.084375
0 0.8625 0.47109375 0.05 0.078125
0 0.84453125 0.459375 0.021875 0.05703125
0 0.6421875 0.446875 0.03515625 0.09609375
0 0.5046875 0.440625 0.0296875 0.0953125
0 0.4828125 0.4265625 0.0234375 0.06875
0 0.4828125 0.39453125 0.025 0.04921875
0 0.46953125 0.384375 0.0140625 0.0296875
0 0.45234375 0.40625 0.02421875 0.0859375
0 0.4328125 0.42578125 0.01953125 0.078125
0 0.39375 0.42578125 0.028125 0.08359375
0 0.371875 0.425 0.0234375 0.0765625
0 0.38125 0.396875 0.0109375 0.01328125
0 0.3546875 0.409375 0.0296875 0.07421875
0 0.33828125 0.4078125 0.01875 0.04296875
0 0.35625 0.38828125 0.02734375 0.04140625
0 0.32109375 0.43125 0.0296875 0.1015625
0 0.33359375 0.384375 0.0125 0.01953125
0 0.3 0.43125 0.03046875 0.115625
0 0.315625 0.390625 0.0171875 0.04921875
0 0.39375 0.42265625 0.02734375 0.07421875