0 0.3515625 0.66953125 0.03984375 0.24375
0 0.3734375 0.68046875 0.0703125 0.28359375
0 0.4578125 0.73203125 0.05859375 0.32265625
0 0.534375 0.746875 0.11875 0.503125
0 0.44921875 0.58984375 0.04609375 0.0953125
0 0.6046875 0.6078125 0.02265625 0.1125
0 0.6234375 0.6015625 0.03125 0.1140625
0 0.6765625 0.66328125 0.0609375 0.25703125
0 0.703125 0.62109375 0.04375 0.1953125
0 0.7828125 0.74765625 0.15859375 0.50078125
0 0.96953125 0.73984375 0.05859375 0.515625
0 0.50859375 0.634375 0.0625 0.18359375
0 0.5671875 0.71875 0.0453125 0.34921875
0 0.584375 0.5875 0.0390625 0.1015625
0 0.1859375 0.43046875 0.0484375 0.0921875
0 0.23984375 0.63203125 0.0453125 0.14296875
0 0.1640625 0.61796875 0.01640625 0.05078125
0 0.5484375 0.63828125 0.17109375 0.20234375
0 0.5734375 0.52265625 0.03359375 0.03203125