0 0.10078125 0.77421875 0.2015625 0.38203125
0 0.36328125 0.78203125 0.1859375 0.4015625
0 0.378125 0.78359375 0.18359375 0.30703125
0 0.5546875 0.80625 0.1203125 0.2796875
0 0.68359375 0.803125 0.18515625 0.3578125
0 0.79765625 0.65625 0.0546875 0.109375
0 0.49765625 0.6578125 0.0609375 0.1296875
0 0.52890625 0.62734375 0.03203125 0.0765625
0 0.5875 0.6390625 0.03828125 0.11640625
0 0.60859375 0.6453125 0.04921875 0.1078125
0 0.55078125 0.62734375 0.02265625 0.06015625
0 0.5609375 0.6296875 0.02421875 0.06484375
0 0.65390625 0.6109375 0.03671875 0.040625
0 0.62890625 0.6328125 0.01875 0.0625
0 0.71484375 0.61484375 0.02734375 0.03125
0 0.74765625 0.6171875 0.021875 0.05
0 0.7296875 0.6140625 0.01484375 0.0375
0 0.7578125 0.6046875 0.0125 0.03046875
0 0.703125 0.68984375 0.07109375 0.1765625
0 0.034375 0.7390625 0.06875 0.225
0 0.6984375 0.59921875 0.13515625 0.03515625
0 0.453125 0.62421875 0.06875 0.0703125
0 0.71875 0.6546875 0.0375 0.07734375