0 0.02734375 0.74609375 0.0546875 0.5078125
0 0.06953125 0.7515625 0.1265625 0.49609375
0 0.11640625 0.70234375 0.0296875 0.23828125
0 0.259375 0.65625 0.2796875 0.68203125
0 0.6203125 0.51328125 0.51796875 0.9734375
0 0.86953125 0.74140625 0.13828125 0.51484375
0 0.1859375 0.85390625 0.05078125 0.19765625
0 0.540625 0.290625 0.09921875 0.1640625
0 0.04453125 0.73046875 0.065625 0.415625
0 0.91484375 0.7671875 0.04921875 0.38984375
0 0.125 0.60625 0.0265625 0.040625
0 0.10078125 0.8921875 0.2015625 0.215625
0 0.028125 0.66484375 0.04375 0.24140625
0 0.91640625 0.9375 0.1671875 0.12421875