0 0.7921875 0.709375 0.00703125 0.02578125
0 0.78359375 0.70546875 0.0078125 0.021875
0 0.7765625 0.7015625 0.00625 0.0140625
0 0.69609375 0.696875 0.00546875 0.01171875
0 0.68984375 0.70234375 0.00703125 0.02109375
0 0.68203125 0.70078125 0.0078125 0.025
0 0.878125 0.771875 0.01015625 0.03359375
0 0.99375 0.771875 0.009375 0.0265625
0 0.96953125 0.77734375 0.009375 0.034375
0 0.97734375 0.77890625 0.00625 0.03359375
0 0.97734375 0.8859375 0.009375 0.0453125
0 0.9640625 0.88828125 0.01328125 0.046875
0 0.83984375 0.934375 0.01875 0.06171875
0 0.84609375 0.86953125 0.01015625 0.04609375
0 0.8484375 0.83828125 0.0125 0.0296875
0 0.8109375 0.87421875 0.01796875 0.046875
0 0.8234375 0.8328125 0.01015625 0.0203125
0 0.825 0.88125 0.009375 0.04375
0 0.83046875 0.87578125 0.01015625 0.0421875
0 0.8359375 0.87109375 0.01015625 0.04609375
0 0.7875 0.9265625 0.01328125 0.04921875
0 0.79453125 0.925 0.0078125 0.0546875
0 0.8125 0.9234375 0.0140625 0.06484375
0 0.78359375 0.77109375 0.009375 0.03203125
0 0.7640625 0.77109375 0.01015625 0.03359375
0 0.753125 0.8 0.01484375 0.03828125
0 0.74609375 0.7984375 0.01328125 0.0359375
0 0.69453125 0.8078125 0.01171875 0.03515625
0 0.70390625 0.80546875 0.0125 0.03671875
0 0.68671875 0.79375 0.01015625 0.03515625
0 0.67734375 0.77890625 0.0078125 0.03359375
0 0.68515625 0.8625 0.01015625 0.03203125
0 0.67265625 0.859375 0.0109375 0.0234375
0 0.71484375 0.90703125 0.02265625 0.040625
0 0.678125 0.940625 0.0203125 0.0515625
0 0.66171875 0.9421875 0.01796875 0.05703125
0 0.60625 0.925 0.01640625 0.0453125
0 0.5921875 0.925 0.01484375 0.0453125
0 0.475 0.77265625 0.00703125 0.03203125
0 0.58359375 0.88671875 0.01328125 0.04375
0 0.56875 0.8828125 0.01953125 0.04453125
0 0.52421875 0.86953125 0.01875 0.034375
0 0.51328125 0.92578125 0.034375 0.0375
0 0.48515625 0.93828125 0.0203125 0.05
0 0.459375 0.93515625 0.01796875 0.04296875
0 0.465625 0.92578125 0.0125 0.0296875
0 0.46953125 0.92265625 0.01484375 0.03046875
0 0.45859375 0.87578125 0.0140625 0.04296875
0 0.440625 0.815625 0.0109375 0.034375
0 0.415625 0.83671875 0.009375 0.034375
0 0.4109375 0.83203125 0.00625 0.034375
0 0.94765625 0.50390625 0.0109375 0.0375
0 0.3328125 0.9125 0.009375 0.04609375
0 0.32734375 0.909375 0.0109375 0.04609375
0 0.31640625 0.91171875 0.0046875 0.04296875
0 0.31875 0.9125 0.0109375 0.04453125
0 0.075 0.9609375 0.02421875 0.065625
0 0.0671875 0.93046875 0.00625 0.00703125
0 0.0671875 0.96328125 0.01484375 0.0515625
0 0.05546875 0.96015625 0.01484375 0.06328125
0 0.05234375 0.9296875 0.00703125 0.02265625
0 0.04609375 0.96328125 0.01953125 0.07109375
0 0.03515625 0.9640625 0.01328125 0.07109375
0 0.01796875 0.97265625 0.02734375 0.05390625
0 0.7375 0.6984375 0.06875 0.025
0 0.66875 0.69921875 0.01171875 0.0234375
0 0.98203125 0.8265625 0.02734375 0.059375
0 0.828125 0.84375 0.01015625 0.0265625
0 0.8046875 0.915625 0.00625 0.03671875
0 0.8203125 0.915625 0.00625 0.02109375
0 0.709375 0.771875 0.09765625 0.04140625
0 0.66796875 0.80234375 0.01484375 0.0203125
0 0.725 0.93515625 0.0265625 0.0703125
0 0.4765625 0.9046875 0.01328125 0.0390625
0 0.9171875 0.4515625 0.028125 0.05625
0 0.5921875 0.37890625 0.03125 0.10703125
0 0.54921875 0.46953125 0.02421875 0.04609375
0 0.9203125 0.8515625 0.025 0.0640625