0 0.0390625 0.56015625 0.075 0.0703125
0 0.15234375 0.6765625 0.1640625 0.465625
0 0.33203125 0.6453125 0.0703125 0.37265625
0 0.36796875 0.66171875 0.16484375 0.48203125
0 0.403125 0.6453125 0.09453125 0.39765625
0 0.478125 0.6546875 0.1 0.3828125
0 0.44609375 0.62890625 0.03671875 0.3
0 0.48203125 0.61640625 0.07734375 0.38359375
0 0.5 0.48359375 0.0125 0.025
0 0.5359375 0.60703125 0.05859375 0.328125
0 0.58046875 0.65234375 0.1140625 0.4015625
0 0.584375 0.6125 0.08125 0.35234375
0 0.61796875 0.58359375 0.05703125 0.3140625
0 0.6296875 0.46875 0.02421875 0.03125
0 0.6515625 0.63671875 0.10234375 0.409375
0 0.70546875 0.584375 0.0640625 0.325
0 0.7421875 0.62109375 0.109375 0.321875
0 0.734375 0.59296875 0.09140625 0.28671875
0 0.78125 0.59609375 0.06796875 0.321875
0 0.83046875 0.60078125 0.05 0.27890625
0 0.83046875 0.50078125 0.03515625 0.021875
0 0.884375 0.59296875 0.08984375 0.3328125
0 0.92890625 0.61015625 0.0890625 0.30859375
0 0.97578125 0.534375 0.04765625 0.14609375
0 0.54296875 0.48671875 0.021875 0.025
0 0.746875 0.4671875 0.01328125 0.02265625
0 0.94453125 0.4796875 0.10625 0.06171875
0 0.4203125 0.87109375 0.253125 0.075
0 0.4546875 0.80234375 0.18515625 0.0671875
0 0.75859375 0.78515625 0.17265625 0.12890625
0 0.609375 0.81015625 0.1265625 0.11796875
0 0.91875 0.75859375 0.0703125 0.02578125
0 0.63046875 0.46953125 0.02890625 0.03984375