0 0.05859375 0.6234375 0.05234375 0.203125
0 0.06328125 0.6125 0.07890625 0.23984375
0 0.08359375 0.59140625 0.01875 0.1703125
0 0.1109375 0.6015625 0.08984375 0.221875
0 0.2125 0.59765625 0.04921875 0.19765625
0 0.321875 0.6078125 0.0546875 0.234375
0 0.346875 0.61640625 0.025 0.16875
0 0.365625 0.58671875 0.03125 0.1984375
0 0.41171875 0.63515625 0.0984375 0.278125
0 0.44296875 0.5875 0.0421875 0.15546875
0 0.4546875 0.521875 0.02734375 0.0625
0 0.578125 0.60859375 0.03984375 0.19453125
0 0.59375 0.61015625 0.04765625 0.2171875
0 0.62734375 0.62890625 0.06796875 0.22265625
0 0.6234375 0.65 0.09921875 0.22734375
0 0.6578125 0.55 0.0390625 0.1203125
0 0.66875 0.62734375 0.05859375 0.203125
0 0.71796875 0.61640625 0.0296875 0.19453125
0 0.7078125 0.61015625 0.0609375 0.22890625
0 0.97421875 0.65 0.05 0.225
0 0.965625 0.7046875 0.01875 0.0375
0 0.99375 0.71640625 0.0125 0.0578125
0 0.5484375 0.53515625 0.02109375 0.02578125