0 0.02890625 0.66015625 0.0578125 0.2703125
0 0.04140625 0.5546875 0.03984375 0.09609375
0 0.05859375 0.75625 0.05703125 0.3484375
0 0.1203125 0.753125 0.10234375 0.4828125
0 0.16328125 0.55234375 0.03046875 0.10546875
0 0.18984375 0.528125 0.02421875 0.053125
0 0.215625 0.5515625 0.028125 0.10859375
0 0.209375 0.734375 0.1078125 0.37265625
0 0.32265625 0.640625 0.05 0.221875
0 0.40703125 0.571875 0.03203125 0.1125
0 0.48125 0.6125 0.0515625 0.159375
0 0.9140625 0.553125 0.01328125 0.06171875
0 0.9328125 0.55546875 0.01953125 0.065625
0 0.9609375 0.54453125 0.01171875 0.03046875
0 0.0109375 0.74765625 0.02109375 0.3265625
0 0.21640625 0.35 0.025 0.05390625
0 0.1140625 0.51015625 0.04140625 0.02734375
0 0.2390625 0.490625 0.03125 0.015625
0 0.47890625 0.54140625 0.02890625 0.05078125
0 0.97109375 0.5390625 0.0109375 0.015625