0 0.05703125 0.659375 0.1140625 0.68125
0 0.05 0.3953125 0.0515625 0.10859375
0 0.11015625 0.65 0.121875 0.69765625
0 0.17265625 0.659375 0.1078125 0.68125
0 0.24296875 0.40703125 0.06328125 0.11640625
0 0.3234375 0.4703125 0.0890625 0.1625
0 0.3921875 0.50234375 0.396875 0.9953125
0 0.49765625 0.46328125 0.19375 0.271875
0 0.6078125 0.45390625 0.065625 0.18984375
0 0.67734375 0.69453125 0.2484375 0.6109375
0 0.72734375 0.37265625 0.18359375 0.38984375
0 0.70625 0.34375 0.0453125 0.10390625
0 0.82265625 0.4875 0.1703125 0.27421875
0 0.83671875 0.72578125 0.2421875 0.5484375
0 0.87890625 0.38359375 0.06015625 0.10703125
0 0.9484375 0.4421875 0.1 0.25078125
0 0.94921875 0.33125 0.10078125 0.1859375
0 0.915625 0.82421875 0.1671875 0.35078125
0 0.72578125 0.20703125 0.0109375 0.05234375
0 0.74375 0.20859375 0.01171875 0.04140625
0 0.76015625 0.20546875 0.009375 0.0484375
0 0.77265625 0.20546875 0.0109375 0.046875
0 0.78515625 0.19453125 0.00859375 0.02578125
0 0.8140625 0.3265625 0.00625 0.02265625
0 0.81875 0.32734375 0.0078125 0.0265625
0 0.82421875 0.3359375 0.00859375 0.02890625
0 0.38515625 0.33359375 0.02421875 0.05703125
0 0.36328125 0.33125 0.0265625 0.05234375
0 0.5921875 0.3546875 0.8109375 0.196875
0 0.72109375 0.20703125 0.0296875 0.053125