0 0.00859375 0.515625 0.0171875 0.10546875
0 0.01796875 0.53671875 0.0296875 0.10703125
0 0.04921875 0.55390625 0.0484375 0.13671875
0 0.0890625 0.54375 0.040625 0.1390625
0 0.11640625 0.51875 0.0234375 0.071875
0 0.1453125 0.60703125 0.1 0.28828125
0 0.22265625 0.59609375 0.0859375 0.2484375
0 0.14765625 0.48125 0.0453125 0.04921875
0 0.18515625 0.5546875 0.0390625 0.17421875
0 0.25390625 0.49921875 0.0234375 0.04453125
0 0.2859375 0.5578125 0.04375 0.1765625
0 0.32734375 0.56015625 0.0671875 0.2171875
0 0.365625 0.5109375 0.034375 0.10546875
0 0.38203125 0.50859375 0.0203125 0.0828125
0 0.39765625 0.5125 0.0265625 0.08515625
0 0.4109375 0.5125 0.021875 0.08515625
0 0.42421875 0.5125 0.0203125 0.08515625
0 0.453125 0.53671875 0.040625 0.1609375
0 0.44296875 0.52421875 0.0203125 0.109375
0 0.4734375 0.52421875 0.028125 0.1140625
0 0.49296875 0.5078125 0.0265625 0.0984375
0 0.61875 0.640625 0.44375 0.6328125
0 0.94609375 0.77890625 0.1046875 0.43828125
0 0.971875 0.51015625 0.05625 0.18828125
0 0.93984375 0.5109375 0.0328125 0.1453125
0 0.86796875 0.50859375 0.0359375 0.1546875
0 0.90078125 0.496875 0.0328125 0.11171875
0 0.83515625 0.503125 0.0296875 0.09375
0 0.9140625 0.50078125 0.021875 0.07578125
0 0.89609375 0.5078125 0.0296875 0.071875
0 0.84453125 0.4921875 0.0171875 0.07578125
0 0.79609375 0.50078125 0.0359375 0.08046875
0 0.8109375 0.50234375 0.021875 0.0734375
0 0.80078125 0.49921875 0.0109375 0.0625
0 0.82265625 0.48203125 0.0140625 0.03828125
0 0.828125 0.49765625 0.0125 0.06953125
0 0.52109375 0.5078125 0.0546875 0.09375
0 0.35546875 0.20703125 0.0578125 0.1859375
0 0.43359375 0.15625 0.0921875 0.3
0 0.51171875 0.17890625 0.0171875 0.0625
0 0.3078125 0.25625 0.0375 0.06953125