0 0.08125 0.884375 0.0484375 0.05703125
0 0.09140625 0.8578125 0.01953125 0.03046875
0 0.1296875 0.89765625 0.04296875 0.11484375
0 0.2078125 0.925 0.125 0.15
0 0.38359375 0.915625 0.12890625 0.16796875
0 0.590625 0.875 0.0265625 0.0671875
0 0.6640625 0.88828125 0.05078125 0.08671875
0 0.70078125 0.88125 0.02734375 0.06328125
0 0.77109375 0.87421875 0.03046875 0.06171875
0 0.7359375 0.91328125 0.1203125 0.171875
0 0.79765625 0.91953125 0.0625 0.1546875
0 0.8484375 0.88359375 0.0390625 0.08203125
0 0.88203125 0.921875 0.0671875 0.153125
0 0.95234375 0.92265625 0.08046875 0.15390625
0 0.99140625 0.8578125 0.01328125 0.028125
0 0.9703125 0.859375 0.01640625 0.0296875
0 0.87109375 0.8609375 0.01640625 0.03125
0 0.41875 0.6109375 0.01328125 0.04609375
0 0.46875 0.61015625 0.02109375 0.05859375
0 0.41640625 0.42578125 0.0203125 0.04609375
0 0.91796875 0.8671875 0.02109375 0.015625
0 0.5671875 0.87421875 0.03671875 0.04296875
0 0.90234375 0.85234375 0.01015625 0.0375
0 0.09140625 0.50859375 0.0265625 0.0375