0 0.0109375 0.471875 0.01875 0.0703125
0 0.02578125 0.4828125 0.01875 0.0484375
0 0.03046875 0.46640625 0.01640625 0.05703125
0 0.33203125 0.65859375 0.16796875 0.453125
0 0.471875 0.68671875 0.14296875 0.6234375
0 0.6171875 0.68203125 0.14296875 0.53984375
0 0.5859375 0.5421875 0.03203125 0.30859375
0 0.6625 0.46640625 0.03984375 0.0796875
0 0.6703125 0.45703125 0.03359375 0.11328125
0 0.765625 0.6828125 0.115625 0.51171875
0 0.753125 0.46953125 0.05234375 0.171875
0 0.7859375 0.44140625 0.04453125 0.08984375
0 0.83515625 0.59296875 0.04140625 0.1765625
0 0.86015625 0.5796875 0.0578125 0.203125
0 0.88359375 0.465625 0.034375 0.0984375
0 0.9140625 0.546875 0.0796875 0.33671875
0 0.97734375 0.55859375 0.04296875 0.2765625
0 0.978125 0.54453125 0.04140625 0.2953125
0 0.8109375 0.59609375 0.065625 0.30859375
0 0.1015625 0.44296875 0.0125 0.01015625
0 0.18203125 0.3890625 0.0859375 0.128125
0 0.0390625 0.4703125 0.078125 0.0703125
0 0.603125 0.47109375 0.05078125 0.1515625
0 0.65546875 0.225 0.0359375 0.06640625