0 0.69609375 0.59609375 0.1078125 0.365625
0 0.53203125 0.5796875 0.06640625 0.2796875
0 0.46328125 0.603125 0.08984375 0.30625
0 0.7890625 0.52890625 0.07734375 0.40078125
0 0.6078125 0.40703125 0.0984375 0.2046875
0 0.4859375 0.39453125 0.07890625 0.31015625
0 0.41796875 0.48359375 0.07578125 0.42109375
0 0.35703125 0.47578125 0.07265625 0.44140625
0 0.71640625 0.4390625 0.078125 0.2390625
0 0.5265625 0.35625 0.06796875 0.271875
0 0.0859375 0.65 0.171875 0.496875
0 0.11875 0.525 0.146875 0.6109375
0 0.21484375 0.48671875 0.10234375 0.52578125
0 0.29453125 0.46640625 0.08125 0.53359375
0 0.67890625 0.4484375 0.04609375 0.278125
0 0.1578125 0.27421875 0.06171875 0.15078125
0 0.24921875 0.265625 0.05703125 0.115625
0 0.36640625 0.284375 0.06640625 0.140625
0 0.409375 0.2765625 0.0546875 0.1515625
0 0.44921875 0.28359375 0.05390625 0.13515625
0 0.57578125 0.3890625 0.04609375 0.2109375
0 0.59765625 0.3203125 0.03515625 0.08359375
0 0.6515625 0.34375 0.04140625 0.14453125
0 0.65078125 0.4921875 0.0359375 0.33046875
0 0.73671875 0.48203125 0.07578125 0.434375