0 0.88515625 0.61875 0.16953125 0.76015625
0 0.8640625 0.59296875 0.1015625 0.67734375
0 0.815625 0.609375 0.08515625 0.56015625
0 0.7578125 0.58046875 0.10859375 0.57109375
0 0.67265625 0.56484375 0.1125 0.53984375
0 0.63828125 0.56171875 0.0625 0.49140625
0 0.5875 0.6015625 0.1515625 0.65546875
0 0.4875 0.67265625 0.14609375 0.5625
0 0.37265625 0.61484375 0.18984375 0.76875
0 0.25625 0.72734375 0.109375 0.44453125
0 0.29921875 0.5484375 0.04921875 0.4265625
0 0.24765625 0.56171875 0.09453125 0.45390625
0 0.1484375 0.57734375 0.08828125 0.48828125
0 0.084375 0.59375 0.11328125 0.546875