0 0.0265625 0.58125 0.0484375 0.1765625
0 0.0625 0.60625 0.034375 0.19765625
0 0.0984375 0.72109375 0.09609375 0.46953125
0 0.1109375 0.70625 0.06171875 0.44453125
0 0.12890625 0.71484375 0.04765625 0.3765625
0 0.20625 0.70234375 0.1078125 0.4859375
0 0.2328125 0.7125 0.05546875 0.334375
0 0.278125 0.6875 0.0640625 0.35546875
0 0.3046875 0.68984375 0.04609375 0.321875
0 0.33125 0.68828125 0.04296875 0.278125
0 0.3625 0.68984375 0.05 0.271875
0 0.38125 0.61171875 0.04765625 0.23359375
0 0.41796875 0.6328125 0.05 0.2421875
0 0.45234375 0.6484375 0.0390625 0.23125
0 0.46328125 0.684375 0.0578125 0.2609375
0 0.50703125 0.68203125 0.03671875 0.23984375
0 0.5375 0.65546875 0.0625 0.2296875
0 0.5734375 0.6546875 0.04140625 0.23125
0 0.603125 0.65234375 0.05078125 0.2234375
0 0.62109375 0.65078125 0.0390625 0.22734375
0 0.65703125 0.5640625 0.02265625 0.06328125
0 0.68671875 0.6453125 0.06484375 0.38984375
0 0.71875 0.63984375 0.04609375 0.29453125
0 0.85546875 0.62421875 0.0375 0.25859375
0 0.94765625 0.61875 0.0546875 0.23984375
0 0.32578125 0.54296875 0.04375 0.16015625
0 0.35 0.52734375 0.028125 0.09453125
0 0.4375 0.52109375 0.0328125 0.128125
0 0.21875 0.48203125 0.0328125 0.06328125
0 0.640625 0.65234375 0.0296875 0.23125
0 0.40390625 0.509375 0.02578125 0.09296875
0 0.42265625 0.53359375 0.040625 0.09453125
0 0.471875 0.55546875 0.028125 0.06328125
0 0.28125 0.50625 0.0484375 0.0859375
0 0.26953125 0.4609375 0.02578125 0.06328125
0 0.30625 0.4796875 0.028125 0.0671875
0 0.23515625 0.4484375 0.0203125 0.0421875
0 0.28359375 0.4796875 0.04140625 0.0671875
0 0.38671875 0.509375 0.0390625 0.08828125
0 0.153125 0.684375 0.02734375 0.265625
0 0.26953125 0.503125 0.04296875 0.04609375
0 0.33046875 0.4734375 0.02109375 0.04609375
0 0.1828125 0.2390625 0.04375 0.11171875
0 0.3796875 0.2875 0.0328125 0.10703125
0 0.778125 0.2140625 0.0890625 0.42734375