0 0.534375 0.64140625 0.07578125 0.3796875
0 0.5953125 0.6515625 0.08203125 0.43359375
0 0.71015625 0.5390625 0.04453125 0.18828125
0 0.7265625 0.53203125 0.03125 0.1796875
0 0.75 0.52109375 0.03984375 0.175
0 0.778125 0.540625 0.053125 0.175
0 0.8140625 0.54140625 0.034375 0.21015625
0 0.86015625 0.54140625 0.0640625 0.21015625
0 0.8796875 0.55859375 0.0765625 0.20703125
0 0.971875 0.540625 0.05546875 0.21796875
0 0.965625 0.47265625 0.021875 0.08203125
0 0.509375 0.5234375 0.01640625 0.046875
0 0.546875 0.446875 0.015625 0.03984375
0 0.646875 0.4984375 0.065625 0.1296875
0 0.6953125 0.5921875 0.0125 0.0515625
0 0.71328125 0.45703125 0.01328125 0.03359375
0 0.7421875 0.47421875 0.01328125 0.03828125
0 0.7890625 0.471875 0.021875 0.06328125
0 0.76796875 0.45 0.02109375 0.0265625
0 0.80859375 0.45078125 0.01328125 0.028125
0 0.8375 0.50390625 0.02890625 0.128125
0 0.97421875 0.48046875 0.00859375 0.06796875
0 0.89765625 0.4640625 0.015625 0.05859375