0 0.221875 0.76328125 0.0171875 0.084375
0 0.2515625 0.74453125 0.0171875 0.0953125
0 0.3046875 0.71875 0.021875 0.0484375
0 0.3171875 0.759375 0.01484375 0.08828125
0 0.3296875 0.75859375 0.01875 0.09375
0 0.37734375 0.7625 0.0140625 0.08203125
0 0.38984375 0.7546875 0.02734375 0.1046875
0 0.40546875 0.75390625 0.015625 0.0765625
0 0.4203125 0.728125 0.015625 0.0375
0 0.43046875 0.75390625 0.01484375 0.09140625
0 0.4390625 0.76484375 0.0171875 0.08828125
0 0.44453125 0.75078125 0.01796875 0.09765625
0 0.45078125 0.7671875 0.01484375 0.084375
0 0.45703125 0.759375 0.0140625 0.084375
0 0.4609375 0.7578125 0.01484375 0.084375
0 0.48359375 0.7609375 0.02421875 0.0953125
0 0.49296875 0.75078125 0.01796875 0.09765625
0 0.228125 0.8125 0.021875 0.06015625
0 0.4015625 0.753125 0.20703125 0.09375
0 0.33046875 0.025 0.0703125 0.05
0 0.72890625 0.09453125 0.0328125 0.065625
0 0.53203125 0.06796875 0.07890625 0.0546875
0 0.69453125 0.31484375 0.2671875 0.05625