0 0.04921875 0.50078125 0.0984375 0.99765625
0 0.075 0.475 0.078125 0.8296875
0 0.1609375 0.40625 0.12890625 0.81171875
0 0.10625 0.15 0.04140625 0.140625
0 0.1796875 0.48359375 0.1421875 0.85078125
0 0.26953125 0.42109375 0.12265625 0.8421875
0 0.37109375 0.44375 0.1515625 0.8875
0 0.46171875 0.41328125 0.08046875 0.78828125
0 0.57265625 0.4484375 0.07109375 0.8703125
0 0.63515625 0.49921875 0.17734375 0.99765625
0 0.70625 0.478125 0.090625 0.87890625
0 0.753125 0.13828125 0.09453125 0.2765625
0 0.82421875 0.49765625 0.175 0.9953125
0 0.87890625 0.43828125 0.09140625 0.87265625
0 0.9296875 0.490625 0.13828125 0.915625
0 0.12265625 0.1109375 0.01640625 0.03671875
0 0.24296875 0.07265625 0.040625 0.1015625
0 0.56484375 0.3703125 0.0921875 0.740625
0 0.43125 0.40703125 0.11171875 0.8140625
0 0.31328125 0.24765625 0.08828125 0.49453125