0 0.25390625 0.75078125 0.32734375 0.4984375
0 0.52421875 0.6734375 0.2171875 0.653125
0 0.66484375 0.69453125 0.1421875 0.6109375
0 0.8359375 0.64453125 0.2875 0.7109375
0 0.36640625 0.71796875 0.16171875 0.521875
0 0.14296875 0.6109375 0.1 0.3359375
0 0.2765625 0.4546875 0.07421875 0.1375
0 0.38671875 0.4796875 0.09453125 0.259375
0 0.46875 0.45078125 0.0890625 0.19453125
0 0.6078125 0.4328125 0.0796875 0.18046875
0 0.7359375 0.471875 0.10859375 0.16640625
0 0.5625 0.39140625 0.0453125 0.11796875
0 0.43203125 0.43515625 0.04453125 0.15703125
0 0.48046875 0.4375 0.06484375 0.165625
0 0.33046875 0.4 0.05546875 0.11953125
0 0.25625 0.43359375 0.0609375 0.13984375
0 0.240625 0.42109375 0.05078125 0.1390625
0 0.18046875 0.43828125 0.0296875 0.1421875
0 0.3625 0.39296875 0.0359375 0.0765625
0 0.43046875 0.353125 0.03359375 0.0390625
0 0.6796875 0.3984375 0.0921875 0.065625
0 0.528125 0.34765625 0.02890625 0.01953125
0 0.19921875 0.3859375 0.0703125 0.0828125
0 0.3046875 0.36796875 0.1390625 0.05546875
0 0.3890625 0.346875 0.02890625 0.02578125
0 0.45703125 0.34453125 0.03125 0.0265625