0 0.02109375 0.08671875 0.01484375 0.05
0 0.02578125 0.0796875 0.009375 0.0484375
0 0.03125 0.0859375 0.0125 0.0484375
0 0.040625 0.08515625 0.0125 0.05
0 0.0453125 0.0296875 0.01328125 0.0515625
0 0.06484375 0.046875 0.01171875 0.046875
0 0.096875 0.0421875 0.01328125 0.053125
0 0.03203125 0.2546875 0.0125 0.0515625
0 0.05 0.228125 0.01796875 0.05703125
0 0.1484375 0.15625 0.01640625 0.0515625
0 0.20625 0.17734375 0.01796875 0.03515625
0 0.278125 0.25703125 0.01484375 0.06015625
0 0.36640625 0.14453125 0.015625 0.05390625
0 0.38203125 0.1421875 0.01640625 0.0265625
0 0.5671875 0.22890625 0.01328125 0.053125
0 0.63125 0.109375 0.01328125 0.01875
0 0.64609375 0.1296875 0.01328125 0.05390625
0 0.6609375 0.1265625 0.01328125 0.05390625
0 0.66171875 0.171875 0.01484375 0.04375
0 0.74296875 0.11328125 0.015625 0.04140625
0 0.81640625 0.13515625 0.01484375 0.0296875
0 0.921875 0.10859375 0.0125 0.04140625
0 0.084375 0.38203125 0.02109375 0.06328125
0 0.09765625 0.45078125 0.01875 0.06328125
0 0.23515625 0.35625 0.021875 0.06171875
0 0.2578125 0.35234375 0.01953125 0.05390625
0 0.296875 0.34921875 0.02265625 0.05859375
0 0.73046875 0.340625 0.01953125 0.03359375
0 0.73046875 0.375 0.01875 0.05859375
0 0.8125 0.36796875 0.01328125 0.05859375
0 0.884375 0.42265625 0.01328125 0.05703125
0 0.9015625 0.4109375 0.01015625 0.046875
0 0.91171875 0.4171875 0.01640625 0.06015625
0 0.925 0.41484375 0.01875 0.06171875
0 0.00859375 0.56328125 0.015625 0.0671875
0 0.0484375 0.63515625 0.02265625 0.0671875
0 0.11640625 0.6390625 0.01796875 0.06484375
0 0.09921875 0.71328125 0.01953125 0.071875
0 0.10703125 0.7078125 0.01640625 0.06328125
0 0.16015625 0.709375 0.01953125 0.06171875
0 0.19921875 0.7171875 0.01875 0.06484375
0 0.021875 0.80234375 0.02265625 0.0765625
0 0.0109375 0.8421875 0.01328125 0.071875
0 0.0375 0.83984375 0.01875 0.0703125
0 0.06015625 0.79140625 0.02265625 0.065625
0 0.0703125 0.7890625 0.01875 0.06484375
0 0.0375 0.90078125 0.021875 0.0453125
0 0.00546875 0.95625 0.0109375 0.053125
0 0.03515625 0.9640625 0.02265625 0.071875
0 0.040625 0.94296875 0.021875 0.0703125
0 0.0890625 0.94921875 0.02265625 0.08046875
0 0.24140625 0.7328125 0.01796875 0.06171875
0 0.25 0.80390625 0.01875 0.06875
0 0.26171875 0.7609375 0.01484375 0.0671875
0 0.27734375 0.7546875 0.02734375 0.065625
0 0.303125 0.76171875 0.02109375 0.065625
0 0.35859375 0.8125 0.01875 0.0703125
0 0.44140625 0.83046875 0.01953125 0.06875
0 0.48359375 0.84375 0.01953125 0.06328125
0 0.553125 0.88671875 0.01640625 0.025
0 0.77421875 0.8359375 0.0125 0.04140625
0 0.78671875 0.82421875 0.02578125 0.0703125
0 0.803125 0.509375 0.01328125 0.065625
0 0.784375 0.5109375 0.01875 0.065625
0 0.73203125 0.51328125 0.02109375 0.05546875
0 0.75 0.4828125 0.01640625 0.06328125
0 0.75859375 0.48046875 0.01796875 0.05703125
0 0.73984375 0.48125 0.01015625 0.05
0 0.70859375 0.48515625 0.0125 0.05546875
0 0.6921875 0.490625 0.01328125 0.05390625
0 0.68125 0.4875 0.01640625 0.06015625
0 0.66875 0.4890625 0.021875 0.06015625
0 0.6578125 0.50078125 0.01015625 0.0421875
0 0.65 0.49453125 0.015625 0.05703125
0 0.6421875 0.50625 0.0125 0.03828125
0 0.63828125 0.496875 0.0125 0.05546875
0 0.64296875 0.47265625 0.01484375 0.0453125
0 0.62734375 0.46640625 0.01484375 0.0265625
0 0.61484375 0.46953125 0.0125 0.04140625
0 0.62578125 0.49375 0.01328125 0.06171875
0 0.6203125 0.50703125 0.01875 0.06171875
0 0.60703125 0.51328125 0.0125 0.03515625
0 0.59765625 0.5046875 0.01875 0.05546875
0 0.584375 0.50625 0.01640625 0.053125
0 0.5765625 0.5046875 0.015625 0.05546875
0 0.5625 0.50625 0.01875 0.05703125
0 0.55 0.50625 0.02109375 0.06015625
0 0.52265625 0.5125 0.01953125 0.05703125
0 0.503125 0.51796875 0.01015625 0.05
0 0.49453125 0.503125 0.009375 0.01796875
0 0.4875 0.5125 0.01875 0.06015625
0 0.47578125 0.515625 0.01171875 0.06015625
0 0.47265625 0.51796875 0.01796875 0.05390625
0 0.4671875 0.51171875 0.01484375 0.06171875
0 0.46484375 0.4953125 0.0125 0.06171875
0 0.45625 0.51875 0.01484375 0.05546875
0 0.4421875 0.52265625 0.01640625 0.05703125
0 0.4296875 0.51875 0.01328125 0.06484375
0 0.42109375 0.521875 0.0125 0.06171875
0 0.40234375 0.52734375 0.01328125 0.06015625
0 0.38828125 0.52578125 0.01796875 0.06015625
0 0.37578125 0.528125 0.015625 0.05859375
0 0.3640625 0.52890625 0.01484375 0.06015625
0 0.35546875 0.528125 0.0125 0.06171875
0 0.34765625 0.52734375 0.01328125 0.065625
0 0.3390625 0.5296875 0.01328125 0.06171875
0 0.33125 0.53203125 0.01171875 0.05859375
0 0.3171875 0.53203125 0.0125 0.05546875
0 0.3109375 0.53203125 0.01328125 0.05546875
0 0.303125 0.53671875 0.015625 0.053125
0 0.3109375 0.52421875 0.01328125 0.06328125
0 0.2984375 0.5203125 0.0125 0.05859375
0 0.2921875 0.53515625 0.01171875 0.06484375
0 0.2828125 0.5359375 0.015625 0.06328125
0 0.27421875 0.49765625 0.01484375 0.0484375
0 0.26171875 0.5015625 0.01484375 0.06484375
0 0.2421875 0.5078125 0.01796875 0.06015625
0 0.228125 0.525 0.01640625 0.0765625
0 0.27109375 0.53828125 0.01328125 0.06171875
0 0.2578125 0.53828125 0.01328125 0.06484375
0 0.21640625 0.54765625 0.01796875 0.06328125
0 0.2109375 0.54453125 0.0125 0.06328125
0 0.18515625 0.54921875 0.01328125 0.06328125
0 0.15390625 0.5546875 0.01015625 0.05703125
0 0.14453125 0.5515625 0.01484375 0.046875
0 0.19375 0.6765625 0.01796875 0.05390625
0 0.28203125 0.73125 0.01640625 0.06328125
0 0.43671875 0.78203125 0.01875 0.05390625
0 0.47734375 0.8 0.02109375 0.065625
0 0.553125 0.86015625 0.015625 0.06328125
0 0.68359375 0.83671875 0.01875 0.03984375
0 0.74375 0.48125 0.01015625 0.06484375
0 0.71875 0.4765625 0.03125 0.0671875
0 0.365625 0.5078125 0.00546875 0.01875
0 0.23984375 0.5421875 0.0375 0.0734375
0 0.196875 0.5453125 0.01875 0.0703125
0 0.16640625 0.55078125 0.02578125 0.06875
0 0.10625 0.57265625 0.0421875 0.115625
0 0.15546875 0.6359375 0.0578125 0.10390625
0 0.13671875 0.55234375 0.02109375 0.065625
0 0.2140625 0.63828125 0.0609375 0.0453125
0 0.23671875 0.70859375 0.07890625 0.0984375
0 0.2578125 0.64921875 0.03046875 0.0234375
0 0.2953125 0.71796875 0.021875 0.10390625
0 0.28046875 0.68828125 0.01015625 0.05703125
0 0.3203125 0.72890625 0.03046875 0.1
0 0.3578125 0.753125 0.0453125 0.08671875
0 0.3390625 0.7015625 0.00703125 0.01875
0 0.41015625 0.76796875 0.0609375 0.11015625
0 0.4515625 0.75625 0.02578125 0.04375
0 0.459375 0.81015625 0.02890625 0.06875
0 0.4890625 0.76796875 0.05078125 0.03515625
0 0.4984375 0.80625 0.03203125 0.04375
0 0.51796875 0.8546875 0.0578125 0.05546875
0 0.5359375 0.8875 0.01796875 0.01328125
0 0.5484375 0.79296875 0.0703125 0.0703125
0 0.59921875 0.84140625 0.03203125 0.1140625
0 0.5703125 0.86328125 0.028125 0.071875
0 0.64296875 0.8484375 0.05703125 0.08046875
0 0.6828125 0.85703125 0.02578125 0.0484375
0 0.715625 0.86171875 0.040625 0.028125
0 0.76640625 0.8703125 0.03046875 0.01875
0 0.81640625 0.8875 0.02109375 0.01875
0 0.4125 0.52265625 0.01796875 0.06015625
0 0.7328125 0.42578125 0.04453125 0.03359375
0 0.79609375 0.434375 0.053125 0.03671875
0 0.25703125 0.20859375 0.04453125 0.03515625
0 0.3375 0.209375 0.0484375 0.03828125