0 0.72265625 0.790625 0.128125 0.2703125
0 0.646875 0.76640625 0.1078125 0.16171875
0 0.5703125 0.75546875 0.115625 0.171875
0 0.521875 0.7609375 0.15546875 0.2109375
0 0.4125 0.75625 0.0734375 0.18125
0 0.38125 0.796875 0.209375 0.25859375
0 0.2109375 0.8359375 0.184375 0.325
0 0.21953125 0.62109375 0.08828125 0.23046875
0 0.5359375 0.5984375 0.02109375 0.07578125
0 0.56796875 0.596875 0.015625 0.07578125
0 0.59296875 0.59765625 0.0234375 0.0734375
0 0.59453125 0.64140625 0.03984375 0.06640625
0 0.55703125 0.590625 0.01484375 0.05234375
0 0.65 0.640625 0.07734375 0.08984375