0 0.87421875 0.578125 0.0828125 0.26015625
0 0.78203125 0.53359375 0.1140625 0.34921875
0 0.71953125 0.54296875 0.0640625 0.2859375
0 0.66953125 0.475 0.0546875 0.1578125
0 0.61640625 0.59296875 0.1078125 0.4125
0 0.5640625 0.578125 0.075 0.4125
0 0.4796875 0.57265625 0.115625 0.4203125
0 0.22734375 0.5453125 0.1046875 0.2953125
0 0.28125 0.5109375 0.05 0.30078125
0 0.2984375 0.5109375 0.065625 0.33046875
0 0.33203125 0.51953125 0.0890625 0.28828125
0 0.3984375 0.5046875 0.084375 0.31796875
0 0.79296875 0.6359375 0.0578125 0.12265625
0 0.71015625 0.55 0.0453125 0.26796875
0 0.4484375 0.42265625 0.059375 0.10625
0 0.53203125 0.4125 0.0484375 0.08515625
0 0.44609375 0.390625 0.0171875 0.040625
0 0.35390625 0.3921875 0.0296875 0.0484375