0 0.7140625 0.85703125 0.06484375 0.16328125
0 0.6984375 0.8890625 0.08046875 0.22109375
0 0.615625 0.87890625 0.14375 0.2421875
0 0.53203125 0.84375 0.01171875 0.03359375
0 0.50234375 0.9046875 0.028125 0.18984375
0 0.47421875 0.903125 0.0546875 0.19296875
0 0.45546875 0.92734375 0.015625 0.14375
0 0.33828125 0.88828125 0.0921875 0.22265625
0 0.2453125 0.89296875 0.1015625 0.21328125
0 0.034375 0.809375 0.05625 0.103125
0 0.115625 0.8640625 0.1375 0.271875
0 0.72578125 0.8359375 0.03671875 0.0640625
0 0.55859375 0.84453125 0.059375 0.11640625
0 0.38984375 0.85234375 0.0296875 0.0828125
0 0.18046875 0.84140625 0.08671875 0.1734375
0 0.01328125 0.815625 0.0265625 0.07109375
0 0.49765625 0.684375 0.0203125 0.05703125
0 0.378125 0.61640625 0.03671875 0.04609375
0 0.9703125 0.6734375 0.05625 0.096875
0 0.90625 0.83828125 0.10234375 0.21015625