0 0.0421875 0.484375 0.04609375 0.2015625
0 0.103125 0.5390625 0.06640625 0.40078125
0 0.1015625 0.56796875 0.08828125 0.4140625
0 0.12890625 0.52265625 0.0453125 0.34453125
0 0.15 0.52734375 0.04140625 0.27109375
0 0.165625 0.49921875 0.03046875 0.21796875
0 0.1734375 0.484375 0.03046875 0.24765625
0 0.19375 0.5078125 0.04296875 0.26484375
0 0.22578125 0.51796875 0.05 0.3140625
0 0.271875 0.57421875 0.08671875 0.36796875
0 0.2859375 0.5203125 0.0640625 0.3421875
0 0.3453125 0.565625 0.06953125 0.30390625
0 0.3015625 0.40234375 0.0328125 0.090625
0 0.3203125 0.4796875 0.0390625 0.215625
0 0.3453125 0.4265625 0.0375 0.07734375
0 0.38828125 0.51875 0.0609375 0.30859375
0 0.4046875 0.51484375 0.059375 0.2859375
0 0.4375 0.5046875 0.04765625 0.26171875
0 0.4796875 0.52578125 0.06171875 0.296875
0 0.50078125 0.4296875 0.0203125 0.04609375
0 0.521875 0.5578125 0.07109375 0.2953125
0 0.5640625 0.5859375 0.10078125 0.39375
0 0.5453125 0.43046875 0.028125 0.08125
0 0.6140625 0.5703125 0.0484375 0.32265625
0 0.6609375 0.52265625 0.04296875 0.221875
0 0.7046875 0.571875 0.07421875 0.346875
0 0.7765625 0.6046875 0.09609375 0.384375
0 0.94375 0.60078125 0.11171875 0.36015625
0 0.36875 0.41875 0.02109375 0.05078125
0 0.5859375 0.4265625 0.03046875 0.075
0 0.52578125 0.42109375 0.028125 0.03984375
0 0.315625 0.4140625 0.02578125 0.0859375
0 0.2484375 0.38828125 0.02734375 0.0515625
0 0.4609375 0.5109375 0.07109375 0.23203125