0 0.1296875 0.7109375 0.253125 0.57421875
0 0.33984375 0.74453125 0.0265625 0.4015625
0 0.39453125 0.77421875 0.11875 0.44765625
0 0.54453125 0.72734375 0.1890625 0.5421875
0 0.3609375 0.64609375 0.046875 0.1546875
0 0.44765625 0.61171875 0.05703125 0.11484375
0 0.57734375 0.5953125 0.03359375 0.09296875
0 0.59765625 0.5890625 0.0328125 0.13125
0 0.64921875 0.63515625 0.04921875 0.13984375
0 0.67890625 0.7796875 0.06328125 0.39609375
0 0.6484375 0.94375 0.109375 0.1125
0 0.01953125 0.83984375 0.0390625 0.3125
0 0.453125 0.6875 0.046875 0.109375
0 0.98671875 0.7875 0.0265625 0.23125
0 0.428125 0.5796875 0.02578125 0.0796875
0 0.7859375 0.78125 0.0265625 0.24921875
0 0.640625 0.77265625 0.08671875 0.24765625