0 0.93984375 0.5609375 0.115625 0.22265625
0 0.834375 0.56015625 0.16640625 0.25
0 0.778125 0.53359375 0.0796875 0.1796875
0 0.70703125 0.5265625 0.1375 0.1953125
0 0.45078125 0.4921875 0.07109375 0.13359375
0 0.39296875 0.48828125 0.09765625 0.1265625
0 0.32890625 0.4671875 0.09765625 0.1375
0 0.3125 0.45546875 0.05546875 0.08359375
0 0.2421875 0.44921875 0.07109375 0.09609375
0 0.9453125 0.43359375 0.10859375 0.03515625
0 0.51328125 0.5078125 0.21328125 0.25234375
0 0.21640625 0.4484375 0.02890625 0.05234375
0 0.06875 0.425 0.1375 0.0953125