0 0.0484375 0.75 0.09609375 0.496875
0 0.1765625 0.79140625 0.17734375 0.4140625
0 0.109375 0.74375 0.09296875 0.5125
0 0.2140625 0.74140625 0.10234375 0.51640625
0 0.284375 0.65 0.0859375 0.38359375
0 0.38359375 0.76015625 0.1578125 0.4765625
0 0.4875 0.7734375 0.14765625 0.45
0 0.7859375 0.8140625 0.12734375 0.371875
0 0.74453125 0.72578125 0.0875 0.32109375
0 0.8234375 0.73203125 0.06328125 0.4359375
0 0.95390625 0.5234375 0.0921875 0.3
0 0.9359375 0.521875 0.05234375 0.334375
0 0.796875 0.4828125 0.06484375 0.2125
0 0.671875 0.6171875 0.0703125 0.3484375
0 0.7203125 0.584375 0.05078125 0.28203125
0 0.75703125 0.48359375 0.059375 0.21640625
0 0.58046875 0.64765625 0.0859375 0.37109375
0 0.61953125 0.565625 0.0484375 0.2390625
0 0.5453125 0.490625 0.04296875 0.171875
0 0.5109375 0.50390625 0.03515625 0.1390625
0 0.465625 0.64296875 0.06171875 0.371875
0 0.48046875 0.47265625 0.0359375 0.1234375
0 0.5734375 0.453125 0.0359375 0.090625
0 0.440625 0.54921875 0.04296875 0.27109375
0 0.58515625 0.44453125 0.0203125 0.053125
0 0.6140625 0.52265625 0.04453125 0.240625
0 0.6671875 0.428125 0.04765625 0.09609375
0 0.3640625 0.553125 0.06015625 0.27890625
0 0.3765625 0.42421875 0.0515625 0.12109375
0 0.340625 0.4921875 0.03359375 0.259375
0 0.2875 0.559375 0.078125 0.3375
0 0.21171875 0.475 0.04375 0.08359375
0 0.2265625 0.45859375 0.0328125 0.1140625
0 0.1734375 0.52890625 0.034375 0.15
0 0.13359375 0.5125 0.0515625 0.1609375
0 0.08671875 0.5 0.0484375 0.20546875
0 0.015625 0.459375 0.03046875 0.128125
0 0.0421875 0.484375 0.04765625 0.1484375
0 0.06328125 0.425 0.0234375 0.075
0 0.0515625 0.39609375 0.01796875 0.078125
0 0.03125 0.39921875 0.021875 0.05703125
0 0.1578125 0.43515625 0.0328125 0.084375
0 0.93671875 0.653125 0.125 0.690625
0 0.825 0.45859375 0.01796875 0.121875
0 0.5 0.4375 1 0.253125
0 0.44375 0.2328125 0.034375 0.14296875