0 0.12734375 0.578125 0.196875 0.678125
0 0.33046875 0.32265625 0.1875 0.19609375
0 0.4890625 0.65390625 0.26484375 0.65
0 0.55234375 0.47265625 0.1484375 0.5015625
0 0.69609375 0.3046875 0.159375 0.1703125
0 0.85546875 0.484375 0.196875 0.49609375
0 0.10078125 0.25390625 0.09765625 0.14453125
0 0.22734375 0.30703125 0.08203125 0.2171875
0 0.353125 0.25390625 0.1421875 0.2578125
0 0.32265625 0.18671875 0.134375 0.26484375
0 0.4 0.175 0.09296875 0.2265625
0 0.52890625 0.23046875 0.159375 0.2390625
0 0.640625 0.2421875 0.09453125 0.24375
0 0.928125 0.25859375 0.14375 0.309375
0 0.853125 0.184375 0.06953125 0.26484375
0 0.778125 0.2734375 0.12421875 0.21484375
0 0.76640625 0.17578125 0.07578125 0.15859375
0 0.815625 0.10859375 0.05078125 0.1375
0 0.9625 0.0859375 0.065625 0.171875
0 0.646875 0.16328125 0.11640625 0.1984375
0 0.4609375 0.26484375 0.07890625 0.25546875
0 0.93046875 0.78359375 0.1359375 0.428125
0 0.49921875 0.07109375 0.9984375 0.1421875