0 0.04375 0.51875 0.05078125 0.11953125
0 0.025 0.66171875 0.05 0.18203125
0 0.07109375 0.578125 0.05859375 0.0625
0 0.0609375 0.66796875 0.0578125 0.1703125
0 0.1046875 0.7359375 0.08203125 0.24140625
0 0.109375 0.7078125 0.10390625 0.18984375
0 0.15625 0.65859375 0.06875 0.16875
0 0.19921875 0.6265625 0.046875 0.12109375
0 0.2125 0.753125 0.06171875 0.20390625
0 0.253125 0.5453125 0.05703125 0.12890625
0 0.24140625 0.63359375 0.03671875 0.13203125
0 0.26171875 0.69765625 0.075 0.21171875
0 0.28046875 0.6015625 0.02734375 0.05859375
0 0.30234375 0.65078125 0.0453125 0.17109375
0 0.30859375 0.559375 0.01796875 0.0546875
0 0.328125 0.5875 0.02578125 0.0546875
0 0.3421875 0.65625 0.04296875 0.17578125
0 0.3890625 0.6140625 0.04765625 0.09921875
0 0.390625 0.66015625 0.05859375 0.153125
0 0.41484375 0.678125 0.05625 0.125
0 0.43046875 0.66875 0.07265625 0.1625
0 0.421875 0.7515625 0.0859375 0.215625
0 0.4625 0.63359375 0.0234375 0.13671875
0 0.47734375 0.66484375 0.04296875 0.17578125
0 0.50078125 0.5984375 0.02890625 0.06171875
0 0.50390625 0.7015625 0.053125 0.1875
0 0.5296875 0.60234375 0.02578125 0.046875
0 0.54765625 0.66171875 0.04609375 0.1828125
0 0.57109375 0.64453125 0.02421875 0.128125
0 0.58984375 0.6703125 0.06328125 0.16484375
0 0.5765625 0.628125 0.01484375 0.02578125
0 0.6359375 0.646875 0.0296875 0.115625
0 0.653125 0.6640625 0.05078125 0.18203125
0 0.68125 0.5921875 0.034375 0.05859375
0 0.67578125 0.70546875 0.0640625 0.2
0 0.715625 0.74609375 0.0984375 0.2546875
0 0.703125 0.61875 0.0328125 0.0515625
0 0.721875 0.6015625 0.0296875 0.04921875
0 0.7484375 0.671875 0.05859375 0.17421875
0 0.75625 0.5828125 0.03203125 0.05
0 0.8 0.59296875 0.0359375 0.065625
0 0.834375 0.65390625 0.0265625 0.17265625
0 0.85546875 0.61953125 0.01875 0.06875
0 0.878125 0.63671875 0.040625 0.1
0 0.90234375 0.6328125 0.0296875 0.0953125
0 0.9 0.5953125 0.0328125 0.0484375
0 0.92109375 0.6796875 0.059375 0.1703125
0 0.9546875 0.66328125 0.040625 0.17421875
0 0.9765625 0.675 0.04609375 0.1828125
0 0.38203125 0.34609375 0.0234375 0.090625
0 0.4046875 0.3421875 0.02109375 0.09296875
0 0.39765625 0.3546875 0.0140625 0.0703125
0 0.41953125 0.34375 0.02421875 0.0859375
0 0.44921875 0.33984375 0.0265625 0.09296875
0 0.4734375 0.3453125 0.025 0.08828125
0 0.5125 0.34609375 0.03046875 0.09140625
0 0.325 0.7046875 0.0828125 0.18359375
0 0.01484375 0.67265625 0.0296875 0.1484375
0 0.28671875 0.57421875 0.028125 0.0453125
0 0.76328125 0.5921875 0.0125 0.025
0 0.77421875 0.66484375 0.04140625 0.17890625
0 0.59765625 0.6859375 0.0609375 0.159375
0 0.603125 0.60234375 0.028125 0.04375
0 0.5671875 0.5859375 0.02265625 0.03125
0 0.09375 0.61640625 0.015625 0.03046875
0 0.12265625 0.61953125 0.021875 0.04609375
0 0.86796875 0.7453125 0.10390625 0.21015625
0 0.3296875 0.75703125 0.07265625 0.20546875
0 0.51484375 0.73828125 0.09296875 0.2453125
0 0.60546875 0.7625 0.07265625 0.20859375
0 0.17421875 0.66015625 0.021875 0.134375
0 0.8109375 0.696875 0.08046875 0.23515625
0 0.03515625 0.78671875 0.06796875 0.0359375
0 0.08828125 0.8390625 0.17265625 0.0453125
0 0.278125 0.8359375 0.078125 0.04140625
0 0.359375 0.83671875 0.05078125 0.0375
0 0.371875 0.7796875 0.04375 0.0296875
0 0.465625 0.79140625 0.034375 0.0296875
0 0.1734375 0.775 0.02734375 0.0203125
0 0.27265625 0.7828125 0.08125 0.03359375
0 0.65859375 0.84140625 0.078125 0.05859375
0 0.78125 0.8453125 0.11796875 0.0515625
0 0.75703125 0.79921875 0.0625 0.01953125
0 0.64140625 0.79140625 0.03828125 0.03125
0 0.5609375 0.78828125 0.025 0.0109375
0 0.95390625 0.815625 0.0921875 0.0453125
0 0.5546875 0.58984375 0.00703125 0.01484375