0 0.88984375 0.82265625 0.165625 0.35390625
0 0.76171875 0.87265625 0.1140625 0.25390625
0 0.62578125 0.8421875 0.1671875 0.3109375
0 0.49609375 0.86015625 0.1421875 0.27578125
0 0.3640625 0.85390625 0.146875 0.2875
0 0.23125 0.86796875 0.15625 0.25859375
0 0.125 0.85859375 0.1453125 0.278125
0 0.03046875 0.86171875 0.0609375 0.2765625
0 0.05625 0.721875 0.1125 0.29921875
0 0.12421875 0.74921875 0.10234375 0.20703125
0 0.2109375 0.73125 0.109375 0.2515625
0 0.3140625 0.728125 0.1234375 0.35390625
0 0.42109375 0.73125 0.10234375 0.27578125
0 0.52265625 0.72578125 0.09765625 0.26328125
0 0.634375 0.69375 0.15 0.3515625
0 0.75390625 0.72578125 0.1109375 0.33046875
0 0.85234375 0.696875 0.1375 0.3828125
0 0.95625 0.70546875 0.08671875 0.30390625
0 0.95390625 0.52265625 0.09140625 0.32265625
0 0.86796875 0.5578125 0.10546875 0.19921875
0 0.76328125 0.5484375 0.1171875 0.27109375
0 0.66640625 0.57578125 0.09140625 0.24453125
0 0.56328125 0.56875 0.09296875 0.2875
0 0.47734375 0.60078125 0.09453125 0.246875
0 0.38125 0.58046875 0.121875 0.2828125
0 0.2640625 0.59375 0.06640625 0.2140625
0 0.18984375 0.60546875 0.1140625 0.27109375
0 0.0953125 0.58515625 0.09609375 0.23984375
0 0.03359375 0.58671875 0.0671875 0.2234375
0 0.07578125 0.4859375 0.09453125 0.1734375
0 0.18125 0.48125 0.10546875 0.20703125
0 0.271875 0.49609375 0.09140625 0.19921875
0 0.3625 0.45390625 0.109375 0.21875
0 0.45 0.47890625 0.10078125 0.22109375
0 0.54296875 0.4640625 0.09296875 0.23046875
0 0.63125 0.4390625 0.09609375 0.19453125
0 0.73515625 0.41796875 0.125 0.26640625
0 0.83671875 0.4265625 0.09609375 0.22109375
0 0.9328125 0.42265625 0.125 0.30390625
0 0.934375 0.29921875 0.115625 0.2140625
0 0.82890625 0.31328125 0.11875 0.246875
0 0.72109375 0.31796875 0.1125 0.246875
0 0.63515625 0.340625 0.08203125 0.1921875
0 0.55234375 0.340625 0.10234375 0.23046875
0 0.46640625 0.3671875 0.08515625 0.22109375
0 0.38828125 0.36796875 0.06328125 0.18984375
0 0.309375 0.38828125 0.07890625 0.22578125
0 0.22734375 0.37890625 0.10078125 0.23515625
0 0.12890625 0.44453125 0.08046875 0.2515625
0 0.0484375 0.3875 0.09609375 0.18046875
0 0.98046875 0.8578125 0.0390625 0.278125