0 0.0859375 0.66953125 0.171875 0.6546875
0 0.13671875 0.6359375 0.10234375 0.540625
0 0.16953125 0.6125 0.07734375 0.534375
0 0.2328125 0.65234375 0.12421875 0.54921875
0 0.26640625 0.41640625 0.05546875 0.11875
0 0.31640625 0.63125 0.0921875 0.5078125
0 0.4125 0.67265625 0.13203125 0.59375
0 0.553125 0.65234375 0.13203125 0.56953125
0 0.66640625 0.6765625 0.1046875 0.5078125
0 0.646875 0.61875 0.10234375 0.534375
0 0.734375 0.65 0.0953125 0.5078125
0 0.759375 0.4203125 0.05625 0.134375
0 0.82578125 0.4921875 0.10625 0.23671875
0 0.83046875 0.684375 0.1265625 0.5
0 0.903125 0.6359375 0.0953125 0.52890625
0 0.93046875 0.69609375 0.13671875 0.54296875
0 0.95859375 0.48671875 0.0796875 0.24296875