0 0.84375 0.634375 0.0734375 0.3765625
0 0.784375 0.63125 0.065625 0.35703125
0 0.77109375 0.59921875 0.07265625 0.359375
0 0.72734375 0.6171875 0.07265625 0.36484375
0 0.70546875 0.590625 0.025 0.29921875
0 0.675 0.6078125 0.0609375 0.3203125
0 0.65546875 0.4671875 0.02578125 0.065625
0 0.63828125 0.56640625 0.053125 0.234375
0 0.61171875 0.54375 0.0453125 0.21640625
0 0.578125 0.54765625 0.0546875 0.209375
0 0.52578125 0.503125 0.0484375 0.11328125
0 0.47734375 0.540625 0.05703125 0.22265625
0 0.434375 0.54375 0.06796875 0.22109375
0 0.3765625 0.61953125 0.084375 0.3328125
0 0.40078125 0.46953125 0.040625 0.07421875
0 0.3234375 0.6 0.06015625 0.30546875
0 0.3171875 0.634375 0.05078125 0.3390625
0 0.2703125 0.653125 0.0796875 0.3734375
0 0.24375 0.48203125 0.03671875 0.084375
0 0.21328125 0.64609375 0.0875 0.37578125
0 0.52265625 0.59609375 0.08203125 0.13828125
0 0.94375 0.409375 0.07734375 0.153125
0 0.06875 0.4265625 0.06796875 0.115625
0 0.1015625 0.6046875 0.0515625 0.1109375
0 0.92265625 0.5765625 0.075 0.125
0 0.521875 0.47265625 0.07421875 0.06953125