0 0.18125 0.59375 0.04375 0.22109375
0 0.221875 0.57734375 0.05625 0.15625
0 0.35546875 0.60078125 0.0515625 0.2078125
0 0.4 0.546875 0.04375 0.22109375
0 0.52421875 0.6140625 0.0671875 0.253125
0 0.64296875 0.5859375 0.0328125 0.18828125
0 0.71875 0.5875 0.0375 0.140625
0 0.66875 0.58046875 0.034375 0.13203125
0 0.56640625 0.58046875 0.0484375 0.140625
0 0.49765625 0.57734375 0.0296875 0.134375
0 0.46796875 0.58359375 0.0484375 0.18359375
0 0.44609375 0.575 0.0484375 0.1296875
0 0.39609375 0.5859375 0.0421875 0.12109375