0 0.0671875 0.8046875 0.134375 0.38828125
0 0.25234375 0.76171875 0.1921875 0.47265625
0 0.32421875 0.79765625 0.10546875 0.40078125
0 0.3625 0.69453125 0.025 0.07734375
0 0.38125 0.778125 0.03203125 0.253125
0 0.41328125 0.8234375 0.0890625 0.353125
0 0.41953125 0.7953125 0.04609375 0.3046875
0 0.4703125 0.8140625 0.07109375 0.371875
0 0.521875 0.83046875 0.0859375 0.33671875
0 0.5609375 0.81953125 0.06875 0.36015625
0 0.62421875 0.81875 0.12890625 0.36015625
0 0.58671875 0.696875 0.0265625 0.05
0 0.6734375 0.6984375 0.01875 0.096875
0 0.6828125 0.6984375 0.0203125 0.08203125
0 0.7203125 0.828125 0.1078125 0.34375
0 0.75625 0.76015625 0.05546875 0.21953125
0 0.81640625 0.80625 0.08203125 0.38515625
0 0.95234375 0.540625 0.05078125 0.07734375
0 0.72890625 0.66015625 0.0421875 0.03515625
0 0.65546875 0.6703125 0.0203125 0.02890625
0 0.690625 0.68046875 0.0046875 0.065625
0 0.58671875 0.67890625 0.03984375 0.0484375
0 0.4015625 0.0578125 0.03828125 0.075