0 0.8375 0.81953125 0.10390625 0.35859375
0 0.54609375 0.8328125 0.1046875 0.3328125
0 0.6453125 0.8203125 0.13046875 0.359375
0 0.66953125 0.81953125 0.06640625 0.35859375
0 0.51484375 0.8234375 0.06328125 0.3171875
0 0.59296875 0.6921875 0.03515625 0.09375
0 0.36640625 0.77421875 0.11640625 0.32734375
0 0.41953125 0.7265625 0.03671875 0.18046875
0 0.434375 0.67421875 0.0234375 0.08671875
0 0.3421875 0.70703125 0.03671875 0.1796875
0 0.2875 0.7125 0.0453125 0.18046875
0 0.246875 0.7125 0.0515625 0.178125
0 0.14375 0.77109375 0.08828125 0.33046875
0 0.1890625 0.72578125 0.04453125 0.21953125
0 0.2203125 0.69296875 0.04140625 0.16484375
0 0.26875 0.6421875 0.0203125 0.06640625
0 0.309375 0.69296875 0.0328125 0.165625
0 0.45859375 0.66953125 0.0203125 0.06640625
0 0.446875 0.66875 0.01328125 0.0609375
0 0.91640625 0.65 0.05078125 0.07890625
0 0.3828125 0.70078125 0.0421875 0.1734375
0 0.3296875 0.66640625 0.01796875 0.0640625
0 0.35390625 0.64765625 0.0125 0.01953125
0 0.2984375 0.6359375 0.00703125 0.0078125
0 0.2765625 0.634375 0.00625 0.01484375
0 0.2359375 0.63515625 0.0125 0.03125
0 0.19609375 0.65078125 0.01640625 0.05703125
0 0.08515625 0.7140625 0.059375 0.20703125
0 0.1171875 0.715625 0.0484375 0.23125
0 0.0640625 0.7015625 0.0390625 0.19765625
0 0.0265625 0.80390625 0.053125 0.390625
0 0.0328125 0.66015625 0.0328125 0.109375
0 0.04375 0.64921875 0.01328125 0.06328125
0 0.06328125 0.6375 0.11875 0.04140625
0 0.20390625 0.628125 0.08359375 0.04140625
0 0.3984375 0.6640625 0.0140625 0.071875
0 0.34375 0.64921875 0.0453125 0.028125
0 0.5328125 0.64375 0.0125 0.021875
0 0.67109375 0.66171875 0.0328125 0.0140625
0 0.7765625 0.665625 0.04140625 0.02578125
0 0.06796875 0.47109375 0.1359375 0.0546875
0 0.40859375 0.2828125 0.02578125 0.1234375