0 0.18515625 0.58671875 0.18125 0.75703125
0 0.3171875 0.57734375 0.14921875 0.796875
0 0.4640625 0.609375 0.16015625 0.7796875
0 0.4625 0.509375 0.13359375 0.72734375
0 0.53515625 0.43203125 0.10859375 0.69453125
0 0.63359375 0.62578125 0.16328125 0.7484375
0 0.60703125 0.50859375 0.14140625 0.76328125
0 0.69375 0.2296875 0.1203125 0.34609375
0 0.80390625 0.62421875 0.19140625 0.75
0 0.7703125 0.4953125 0.1734375 0.8359375
0 0.86328125 0.17265625 0.14453125 0.34296875
0 0.7875 0.08515625 0.10234375 0.1703125
0 0.93828125 0.5984375 0.12265625 0.80234375
0 0.93515625 0.5484375 0.11953125 0.778125
0 0.625 0.1234375 0.11796875 0.24609375
0 0.97421875 0.1109375 0.05078125 0.22109375