0 0.0640625 0.565625 0.009375 0.02109375
0 0.11953125 0.6203125 0.04375 0.08203125
0 0.13671875 0.5953125 0.0171875 0.08203125
0 0.14765625 0.59296875 0.01640625 0.0734375
0 0.1609375 0.57734375 0.021875 0.0546875
0 0.21484375 0.5984375 0.0234375 0.09296875
0 0.23984375 0.590625 0.0265625 0.07265625
0 0.228125 0.64765625 0.02578125 0.09296875
0 0.42109375 0.59609375 0.0234375 0.08046875
0 0.44453125 0.675 0.04609375 0.09375
0 0.45859375 0.6046875 0.04296875 0.109375
0 0.5125 0.6171875 0.025 0.09375
0 0.5265625 0.6203125 0.02109375 0.10078125
0 0.53515625 0.6375 0.04609375 0.15546875
0 0.56171875 0.625 0.05078125 0.1625
0 0.578125 0.6328125 0.0453125 0.1296875
0 0.6140625 0.6265625 0.05390625 0.27890625
0 0.6421875 0.6125 0.02109375 0.0953125
0 0.6546875 0.6125 0.02265625 0.0890625
0 0.671875 0.6109375 0.0171875 0.10078125
0 0.68203125 0.61484375 0.0359375 0.1046875
0 0.70390625 0.60078125 0.01328125 0.06875
0 0.7140625 0.6109375 0.01484375 0.034375
0 0.7265625 0.61328125 0.025 0.10078125
0 0.746875 0.609375 0.0140625 0.0734375
0 0.76015625 0.64765625 0.0484375 0.246875
0 0.81640625 0.65625 0.0515625 0.22890625
0 0.84453125 0.6234375 0.025 0.11171875
0 0.871875 0.64609375 0.03984375 0.15
0 0.8609375 0.59375 0.01171875 0.05
0 0.89921875 0.58359375 0.01171875 0.0390625
0 0.9078125 0.5796875 0.0109375 0.05
0 0.55390625 0.56875 0.0203125 0.0546875
0 0.46328125 0.61640625 0.02265625 0.08515625
0 0.6 0.59296875 0.0671875 0.075
0 0.34453125 0.63125 0.20546875 0.2859375
0 0.6890625 0.60546875 0.025 0.09609375
0 0.84140625 0.625 0.15546875 0.125
0 0.05 0.5703125 0.00859375 0.02109375
0 0.16015625 0.571875 0.034375 0.05078125