0 0.0140625 0.4546875 0.028125 0.19296875
0 0.11875 0.6453125 0.1171875 0.5609375
0 0.13671875 0.6265625 0.11640625 0.534375
0 0.18359375 0.6265625 0.0875 0.50703125
0 0.221875 0.590625 0.07109375 0.5328125
0 0.2234375 0.709375 0.07421875 0.3140625
0 0.290625 0.7578125 0.14609375 0.28359375
0 0.2796875 0.65703125 0.0421875 0.1734375
0 0.33671875 0.696875 0.0640625 0.2921875
0 0.42890625 0.72265625 0.1625 0.30546875
0 0.4234375 0.7390625 0.14453125 0.28203125
0 0.5265625 0.71171875 0.1421875 0.29609375
0 0.55546875 0.7109375 0.1546875 0.35234375
0 0.590625 0.6453125 0.10625 0.3875
0 0.67265625 0.66953125 0.08828125 0.35234375
0 0.75078125 0.68359375 0.09296875 0.32578125
0 0.228125 0.43359375 0.07578125 0.29453125
0 0.26171875 0.47421875 0.0359375 0.3078125
0 0.29921875 0.38671875 0.06171875 0.1296875
0 0.34921875 0.46953125 0.0609375 0.32421875
0 0.41484375 0.37421875 0.065625 0.17109375
0 0.45078125 0.4125 0.06640625 0.19296875
0 0.49765625 0.346875 0.0484375 0.134375
0 0.55546875 0.41796875 0.07734375 0.24140625
0 0.6125 0.31875 0.0765625 0.209375
0 0.60546875 0.4515625 0.06640625 0.21171875
0 0.66640625 0.440625 0.09921875 0.27578125
0 0.6953125 0.3296875 0.053125 0.14375
0 0.73515625 0.36640625 0.08203125 0.2109375
0 0.7890625 0.53046875 0.0515625 0.49375
0 0.8328125 0.54140625 0.09296875 0.51875
0 0.85625 0.5171875 0.08984375 0.51328125
0 0.9625 0.53828125 0.07421875 0.46875
0 0.2984375 0.50859375 0.08828125 0.27421875
0 0.3734375 0.51328125 0.07109375 0.2671875
0 0.4390625 0.48828125 0.08359375 0.24296875
0 0.52734375 0.45078125 0.0921875 0.2625
0 0.69140625 0.5859375 0.07890625 0.4484375
0 0.77109375 0.4765625 0.140625 0.25625
0 0.775 0.61953125 0.1 0.40859375
0 0.3703125 0.3046875 0.08828125 0.16328125
0 0.08203125 0.39375 0.0421875 0.07421875
0 0.04765625 0.4859375 0.02890625 0.090625
0 0.1375 0.3828125 0.04296875 0.06796875
0 0.509375 0.32734375 0.4078125 0.11328125
0 0.2765625 0.3625 0.009375 0.025
0 0.9421875 0.36015625 0.05390625 0.075