0 0.02890625 0.47109375 0.01328125 0.0453125
0 0.01328125 0.49453125 0.0171875 0.0390625
0 0.0109375 0.5359375 0.01171875 0.059375
0 0.0421875 0.48515625 0.01484375 0.046875
0 0.040625 0.525 0.01171875 0.0546875
0 0.05 0.4609375 0.01171875 0.05546875
0 0.06328125 0.4796875 0.0140625 0.05078125
0 0.09765625 0.47734375 0.01015625 0.04296875
0 0.109375 0.4609375 0.0109375 0.040625
0 0.3125 0.52265625 0.0171875 0.07109375
0 0.30234375 0.559375 0.01796875 0.06953125
0 0.28984375 0.575 0.025 0.07578125
0 0.33125 0.565625 0.0203125 0.0828125
0 0.34453125 0.5515625 0.01640625 0.0671875
0 0.359375 0.465625 0.0125 0.03515625
0 0.3890625 0.46171875 0.0109375 0.05078125
0 0.3796875 0.53828125 0.01484375 0.05859375
0 0.37734375 0.6078125 0.0125 0.05546875
0 0.34375 0.6453125 0.02265625 0.1
0 0.390625 0.63359375 0.02890625 0.1015625
0 0.37890625 0.690625 0.02890625 0.109375
0 0.32734375 0.7203125 0.028125 0.0671875
0 0.30546875 0.696875 0.025 0.09609375
0 0.3109375 0.6671875 0.01640625 0.0734375
0 0.3234375 0.79453125 0.034375 0.13203125
0 0.3703125 0.7453125 0.021875 0.0828125
0 0.353125 0.8625 0.05703125 0.16875
0 0.3875 0.8453125 0.0390625 0.14453125
0 0.453125 0.6203125 0.0203125 0.07890625
0 0.54140625 0.50859375 0.01640625 0.065625
0 0.6125 0.50546875 0.0171875 0.0546875
0 0.55546875 0.5921875 0.03046875 0.0953125
0 0.525 0.609375 0.0296875 0.09375
0 0.56171875 0.65078125 0.01875 0.09921875
0 0.6125 0.584375 0.01875 0.08984375
0 0.4265625 0.61640625 0.009375 0.0140625
0 0.421875 0.63984375 0.02109375 0.04296875
0 0.42578125 0.7265625 0.03046875 0.11796875
0 0.43125 0.83671875 0.03203125 0.14375
0 0.47578125 0.715625 0.02421875 0.10390625
0 0.49375 0.74609375 0.02265625 0.11640625
0 0.47421875 0.7640625 0.02890625 0.06875
0 0.47421875 0.84140625 0.034375 0.1015625
0 0.5375 0.9328125 0.02421875 0.09140625
0 0.57421875 0.90390625 0.040625 0.1484375
0 0.65234375 0.46796875 0.0140625 0.02265625
0 0.6734375 0.52890625 0.0171875 0.0671875
0 0.67421875 0.59375 0.025 0.08359375
0 0.66875 0.609375 0.01796875 0.08359375
0 0.66328125 0.82890625 0.01796875 0.134375
0 0.6796875 0.84375 0.028125 0.15703125
0 0.67890625 0.7546875 0.0203125 0.08125
0 0.703125 0.7796875 0.0296875 0.1203125
0 0.721875 0.71484375 0.028125 0.115625
0 0.70390625 0.9375 0.03984375 0.0953125
0 0.7296875 0.8921875 0.04296875 0.14453125
0 0.73203125 0.81171875 0.03203125 0.09296875
0 0.8046875 0.90703125 0.040625 0.15078125
0 0.7671875 0.7875 0.034375 0.13828125
0 0.75390625 0.6609375 0.01953125 0.0890625
0 0.76640625 0.684375 0.01875 0.05703125
0 0.8 0.584375 0.02109375 0.0875
0 0.82421875 0.63828125 0.02109375 0.09375
0 0.8421875 0.5953125 0.01953125 0.0859375
0 0.8515625 0.66171875 0.0234375 0.09765625
0 0.840625 0.69375 0.02890625 0.115625
0 0.81328125 0.72265625 0.02578125 0.103125
0 0.8015625 0.703125 0.021875 0.1015625
0 0.78515625 0.7171875 0.0234375 0.1140625
0 0.946875 0.68046875 0.01875 0.10390625
0 0.92265625 0.69453125 0.03203125 0.11953125
0 0.89765625 0.7484375 0.0421875 0.08984375
0 0.896875 0.70078125 0.0234375 0.1140625
0 0.909375 0.646875 0.0125 0.08359375
0 0.9 0.59921875 0.0203125 0.08125
0 0.2875 0.5359375 0.01328125 0.03203125
0 0.29140625 0.52109375 0.0125 0.021875
0 0.2953125 0.51171875 0.0109375 0.02421875
0 0.28046875 0.45703125 0.009375 0.0203125
0 0.28515625 0.46171875 0.009375 0.03046875
0 0.29296875 0.459375 0.0078125 0.0203125
0 0.4203125 0.5015625 0.0109375 0.0453125
0 0.4421875 0.48828125 0.01484375 0.0203125
0 0.43359375 0.4859375 0.01015625 0.0203125
0 0.7703125 0.54921875 0.01171875 0.02265625
0 0.79296875 0.571875 0.0109375 0.05703125
0 0.25625 0.9765625 0.03515625 0.04453125
0 0.02890625 0.44375 0.0109375 0.01640625
0 0.00703125 0.48046875 0.0125 0.05234375
0 0.01953125 0.52890625 0.0171875 0.05703125
0 0.0734375 0.496875 0.0203125 0.034375
0 0.1390625 0.43203125 0.01484375 0.02421875
0 0.16875 0.43515625 0.01640625 0.03515625
0 0.22421875 0.459375 0.04453125 0.053125
0 0.19375 0.484375 0.01171875 0.0421875
0 0.171875 0.540625 0.08671875 0.0734375
0 0.0921875 0.5625 0.07265625 0.05859375
0 0.04140625 0.57890625 0.028125 0.05546875
0 0.3375 0.52421875 0.0125 0.02265625
0 0.38125 0.58125 0.01171875 0.03046875
0 0.39609375 0.73515625 0.01953125 0.0203125
0 0.41171875 0.5796875 0.01796875 0.025
0 0.46484375 0.61328125 0.0125 0.06875
0 0.55703125 0.828125 0.01953125 0.0421875
0 0.6390625 0.58515625 0.0203125 0.06328125
0 0.91015625 0.6671875 0.0109375 0.05859375
0 0.721875 0.421875 0.01171875 0.01875
0 0.58046875 0.4171875 0.01015625 0.03828125
0 0.04921875 0.5359375 0.01328125 0.03203125
0 0.47734375 0.50859375 0.046875 0.065625
0 0.8703125 0.5796875 0.01640625 0.05703125