0 0.053125 0.86875 0.10546875 0.2625
0 0.0296875 0.71328125 0.059375 0.25390625
0 0.04609375 0.5890625 0.04296875 0.0640625
0 0.10390625 0.5859375 0.0546875 0.10078125
0 0.065625 0.553125 0.03515625 0.1109375
0 0.0984375 0.50703125 0.0375 0.0890625
0 0.1171875 0.54765625 0.05078125 0.14296875
0 0.11484375 0.57109375 0.0453125 0.0953125
0 0.165625 0.49453125 0.02734375 0.12734375
0 0.18828125 0.46796875 0.01484375 0.059375
0 0.20390625 0.4984375 0.03515625 0.1203125
0 0.22734375 0.44921875 0.0265625 0.0609375
0 0.1609375 0.584375 0.04765625 0.2015625
0 0.18125 0.58984375 0.11953125 0.1984375
0 0.2453125 0.58671875 0.04609375 0.2140625
0 0.20546875 0.63046875 0.09609375 0.171875
0 0.2796875 0.69375 0.08515625 0.275
0 0.3203125 0.628125 0.059375 0.25078125
0 0.38359375 0.59375 0.02578125 0.03671875
0 0.47421875 0.64921875 0.0453125 0.16171875
0 0.425 0.66171875 0.0859375 0.29375
0 0.3625 0.84140625 0.08671875 0.31640625
0 0.58046875 0.825 0.16640625 0.34609375
0 0.6984375 0.834375 0.1125 0.33125
0 0.60546875 0.69140625 0.12890625 0.35625
0 0.72265625 0.63828125 0.04375 0.11484375
0 0.7703125 0.790625 0.10859375 0.41875
0 0.70625 0.584375 0.04609375 0.20546875
0 0.825 0.746875 0.0828125 0.4921875
0 0.87734375 0.75390625 0.1265625 0.4890625
0 0.9515625 0.765625 0.08125 0.46875
0 0.98515625 0.559375 0.02734375 0.16171875
0 0.91875 0.53984375 0.0546875 0.16484375
0 0.91875 0.46640625 0.03125 0.07265625
0 0.884375 0.48359375 0.02734375 0.0765625
0 0.89921875 0.49140625 0.01796875 0.078125
0 0.97578125 0.45859375 0.034375 0.0609375
0 0.97109375 0.51875 0.034375 0.0640625
0 0.6359375 0.5546875 0.0453125 0.14609375
0 0.57421875 0.55703125 0.04375 0.1203125
0 0.59921875 0.49453125 0.028125 0.0953125
0 0.584375 0.4875 0.01796875 0.03984375
0 0.0859375 0.52265625 0.02578125 0.08515625
0 0.209375 0.42578125 0.0703125 0.04140625
0 0.22578125 0.56875 0.01875 0.04140625
0 0.30546875 0.55703125 0.0125 0.0328125
0 0.97109375 0.90703125 0.05546875 0.1859375
0 0.98984375 0.4671875 0.0203125 0.0953125
0 0.946875 0.50234375 0.04296875 0.0765625
0 0.921875 0.33203125 0.03046875 0.08359375
0 0.41953125 0.47578125 0.3140625 0.15859375
0 0.90703125 0.44453125 0.01796875 0.0296875
0 0.71953125 0.43359375 0.021875 0.0328125
0 0.42734375 0.58359375 0.0578125 0.05078125