0 0.06953125 0.40078125 0.06171875 0.09921875
0 0.0609375 0.37578125 0.0453125 0.115625
0 0.10625 0.38515625 0.0453125 0.07578125
0 0.14609375 0.3796875 0.06328125 0.08671875
0 0.146875 0.33046875 0.065625 0.12734375
0 0.153125 0.3265625 0.0578125 0.1671875
0 0.2703125 0.5203125 0.11015625 0.35859375
0 0.2765625 0.334375 0.04375 0.14765625
0 0.275 0.33359375 0.0453125 0.14609375
0 0.359375 0.51328125 0.0609375 0.31484375
0 0.3171875 0.46484375 0.0921875 0.33828125
0 0.3265625 0.43046875 0.06875 0.26640625
0 0.31953125 0.334375 0.05859375 0.11875
0 0.35234375 0.31953125 0.0359375 0.07578125
0 0.38046875 0.43203125 0.06171875 0.29609375
0 0.40703125 0.40703125 0.04609375 0.26640625
0 0.340625 0.259375 0.03828125 0.08515625
0 0.37421875 0.275 0.04296875 0.12578125
0 0.40390625 0.2640625 0.0359375 0.11015625
0 0.425 0.2265625 0.01953125 0.05546875
0 0.37421875 0.26953125 0.04296875 0.10859375
0 0.44375 0.23125 0.0234375 0.07578125
0 0.4359375 0.2953125 0.03828125 0.071875
0 0.4734375 0.2046875 0.015625 0.04375
0 0.4765625 0.23828125 0.0390625 0.06875
0 0.4953125 0.2296875 0.0296875 0.0671875
0 0.5015625 0.19609375 0.0296875 0.04375
0 0.496875 0.203125 0.0140625 0.03203125
0 0.50703125 0.21484375 0.021875 0.0234375
0 0.52421875 0.203125 0.0265625 0.05234375
0 0.5140625 0.25859375 0.01875 0.06015625
0 0.5359375 0.2578125 0.0296875 0.10546875
0 0.54765625 0.21875 0.021875 0.0421875
0 0.546875 0.1921875 0.0140625 0.021875
0 0.559375 0.21640625 0.02265625 0.05234375
0 0.46015625 0.39296875 0.0765625 0.29453125
0 0.4953125 0.35234375 0.05078125 0.19765625
0 0.559375 0.27109375 0.0421875 0.0734375
0 0.5609375 0.325 0.0640625 0.12265625
0 0.55 0.5171875 0.096875 0.4171875
0 0.65546875 0.51796875 0.0828125 0.378125
0 0.75 0.559375 0.11875 0.40078125
0 0.80546875 0.54375 0.08125 0.34375
0 0.8796875 0.57578125 0.0984375 0.4203125
0 0.91171875 0.81796875 0.1765625 0.3640625
0 0.94375 0.48671875 0.11015625 0.34375
0 0.96328125 0.47421875 0.0734375 0.31953125
0 0.8640625 0.3890625 0.0578125 0.165625
0 0.703125 0.47890625 0.05078125 0.33984375
0 0.63359375 0.47109375 0.06875 0.3296875
0 0.6984375 0.41328125 0.04296875 0.2125
0 0.64921875 0.29921875 0.03515625 0.071875
0 0.72890625 0.3515625 0.03828125 0.1578125
0 0.7625 0.34296875 0.0546875 0.1375
0 0.8171875 0.3109375 0.04375 0.15390625
0 0.79921875 0.26796875 0.03828125 0.08515625
0 0.8234375 0.2265625 0.0234375 0.07734375
0 0.8 0.2265625 0.03125 0.0703125
0 0.78515625 0.23203125 0.03125 0.10078125
0 0.77734375 0.221875 0.025 0.06015625
0 0.8296875 0.16328125 0.009375 0.0484375
0 0.78828125 0.1875 0.0171875 0.02890625
0 0.7953125 0.18046875 0.02421875 0.04375
0 0.76875 0.1953125 0.01953125 0.06875
0 0.709375 0.2015625 0.01171875 0.05390625
0 0.71953125 0.1921875 0.0171875 0.06171875
0 0.728125 0.21171875 0.0328125 0.08671875
0 0.74921875 0.21796875 0.0171875 0.03515625
0 0.7609375 0.253125 0.03125 0.0703125
0 0.7359375 0.2734375 0.03046875 0.09375
0 0.740625 0.259375 0.034375 0.0703125
0 0.7328125 0.2453125 0.0296875 0.05703125
0 0.690625 0.31015625 0.04765625 0.1609375
0 0.7046875 0.2625 0.0265625 0.0984375
0 0.70625 0.23828125 0.028125 0.0671875
0 0.66328125 0.28203125 0.03046875 0.10703125
0 0.63203125 0.29375 0.03984375 0.12734375
0 0.659375 0.21484375 0.0171875 0.03359375
0 0.65703125 0.2265625 0.01953125 0.03671875
0 0.6375 0.234375 0.02734375 0.06171875
0 0.62578125 0.21640625 0.02421875 0.046875
0 0.625 0.2046875 0.021875 0.03515625
0 0.6140625 0.23671875 0.028125 0.06875
0 0.5984375 0.3296875 0.046875 0.17265625
0 0.6046875 0.26796875 0.02421875 0.07890625
0 0.58125 0.2546875 0.0265625 0.05859375
0 0.58359375 0.21484375 0.0265625 0.08203125
0 0.0734375 0.21796875 0.146875 0.12265625
0 0.23828125 0.23359375 0.1625 0.1828125
0 0.3765625 0.20078125 0.1203125 0.1171875
0 0.51171875 0.2734375 0.0546875 0.0671875
0 0.75078125 0.190625 0.01875 0.0234375
0 0.6921875 0.25234375 0.015625 0.021875
0 0.60234375 0.2171875 0.009375 0.01875