0 0.96328125 0.71484375 0.07265625 0.25
0 0.803125 0.68046875 0.065625 0.25625
0 0.725 0.675 0.07421875 0.24375
0 0.73828125 0.6609375 0.06015625 0.25
0 0.7375 0.65703125 0.05390625 0.23828125
0 0.59453125 0.6875 0.07734375 0.20625
0 0.59296875 0.684375 0.05546875 0.1796875
0 0.559375 0.6625 0.059375 0.2171875
0 0.54453125 0.6734375 0.06171875 0.1859375
0 0.5359375 0.6578125 0.025 0.18828125
0 0.48984375 0.6796875 0.07109375 0.21875
0 0.41171875 0.66328125 0.0796875 0.23203125
0 0.42578125 0.6671875 0.04921875 0.2140625
0 0.1609375 0.68125 0.0921875 0.228125
0 0.14453125 0.6921875 0.05390625 0.1828125
0 0.17578125 0.5375 0.15234375 0.20078125
0 0.0765625 0.653125 0.05 0.1875
0 0.0078125 0.709375 0.015625 0.1203125
0 0.3546875 0.64453125 0.05234375 0.1890625
0 0.4390625 0.5359375 0.11875 0.1921875
0 0.828125 0.70625 0.01875 0.04375