0 0.06796875 0.4265625 0.1359375 0.6984375
0 0.26953125 0.51015625 0.21875 0.87734375
0 0.203125 0.409375 0.12890625 0.72734375
0 0.4078125 0.32734375 0.0984375 0.44921875
0 0.49140625 0.51875 0.2359375 0.85390625
0 0.57890625 0.2890625 0.075 0.303125
0 0.68203125 0.52109375 0.17109375 0.9109375
0 0.76484375 0.49765625 0.08984375 0.59765625
0 0.83671875 0.3109375 0.0875 0.29453125
0 0.7984375 0.28984375 0.040625 0.22578125
0 0.61796875 0.17578125 0.04296875 0.040625
0 0.78671875 0.1734375 0.0828125 0.06015625
0 0.79609375 0.69296875 0.065625 0.10703125
0 0.8640625 0.434375 0.03203125 0.03671875
0 0.1375 0.67109375 0.128125 0.1890625
0 0.3734375 0.75859375 0.1328125 0.2515625
0 0.25703125 0.71640625 0.05546875 0.08671875
0 0.57890625 0.8328125 0.0953125 0.14921875
0 0.7515625 0.85234375 0.0953125 0.1875