0 0.640625 0.43359375 0.11953125 0.82265625
0 0.91640625 0.42890625 0.1671875 0.8328125
0 0.7578125 0.5015625 0.2359375 0.9875
0 0.48515625 0.4640625 0.16328125 0.7328125
0 0.37421875 0.35 0.0953125 0.625
0 0.2796875 0.66640625 0.2390625 0.4125
0 0.2875 0.2515625 0.125 0.50234375
0 0.16875 0.43359375 0.1375 0.77265625
0 0.06875 0.45859375 0.1375 0.8875
0 0.82734375 0.1453125 0.08984375 0.225
0 0.47734375 0.3890625 0.11953125 0.5921875
0 0.36171875 0.07890625 0.0984375 0.1578125
0 0.24921875 0.06875 0.0453125 0.1328125
0 0.18671875 0.2984375 0.10546875 0.5921875
0 0.06796875 0.42578125 0.1359375 0.8515625