0 0.0640625 0.359375 0.03828125 0.15390625
0 0.08828125 0.44296875 0.078125 0.38828125
0 0.1265625 0.41953125 0.05390625 0.32265625
0 0.17109375 0.29296875 0.03671875 0.059375
0 0.1703125 0.421875 0.1125 0.403125
0 0.19296875 0.50390625 0.115625 0.42421875
0 0.27421875 0.48203125 0.1109375 0.45234375
0 0.31875 0.5 0.0796875 0.403125
0 0.36484375 0.51640625 0.1140625 0.37890625
0 0.42265625 0.49296875 0.06953125 0.36953125
0 0.52265625 0.52109375 0.15234375 0.459375
0 0.51171875 0.30234375 0.06328125 0.12578125
0 0.55078125 0.55234375 0.14765625 0.46953125
0 0.57578125 0.61484375 0.11875 0.509375
0 0.66484375 0.5625 0.2125 0.5328125
0 0.67734375 0.49765625 0.115625 0.48359375
0 0.64609375 0.5140625 0.05546875 0.403125
0 0.7359375 0.5 0.05703125 0.32265625
0 0.7640625 0.4171875 0.05078125 0.2609375
0 0.9140625 0.59609375 0.16953125 0.42421875
0 0.3375 0.7890625 0.675 0.4171875
0 0.77890625 0.84921875 0.1921875 0.1921875
0 0.38203125 0.30234375 0.1765625 0.0828125
0 0.56875 0.309375 0.075 0.0875
0 0.7546875 0.33203125 0.1125 0.04296875
0 0.28984375 0.559375 0.02890625 0.04765625
0 0.4640625 0.55546875 0.13984375 0.0546875