0 0.0484375 0.66875 0.096875 0.5
0 0.17890625 0.5703125 0.1046875 0.2890625
0 0.1875 0.7640625 0.153125 0.471875
0 0.31328125 0.69765625 0.1015625 0.49765625
0 0.3875 0.5984375 0.05859375 0.25234375
0 0.41875 0.590625 0.06015625 0.26875
0 0.46796875 0.590625 0.04609375 0.20390625
0 0.51328125 0.62578125 0.06953125 0.27578125
0 0.515625 0.50234375 0.025 0.06484375
0 0.58359375 0.4875 0.021875 0.0671875
0 0.5984375 0.48046875 0.025 0.0859375
0 0.71796875 0.4828125 0.021875 0.0625
0 0.75390625 0.56171875 0.03203125 0.08125
0 0.8 0.521875 0.0234375 0.03046875
0 0.828125 0.63984375 0.128125 0.38203125
0 0.84375 0.6390625 0.08046875 0.346875
0 0.5265625 0.4640625 0.015625 0.02109375
0 0.71171875 0.4875 0.01875 0.0671875
0 0.30859375 0.8828125 0.53671875 0.22890625
0 0.78515625 0.80234375 0.42265625 0.16875
0 0.47578125 0.73046875 0.19609375 0.0765625