0 0.31484375 0.6015625 0.22421875 0.559375
0 0.3234375 0.290625 0.12890625 0.21875
0 0.7953125 0.50625 0.134375 0.490625
0 0.9109375 0.4359375 0.15546875 0.4796875
0 0.1375 0.29140625 0.134375 0.33125
0 0.1578125 0.15703125 0.0640625 0.121875
0 0.26640625 0.24375 0.09140625 0.3015625
0 0.3984375 0.16796875 0.08359375 0.23125
0 0.690625 0.33515625 0.16015625 0.3484375
0 0.73828125 0.2984375 0.09140625 0.3484375
0 0.484375 0.15 0.05234375 0.17421875
0 0.55 0.18046875 0.065625 0.23125
0 0.6140625 0.2015625 0.065625 0.25546875
0 0.5171875 0.07578125 0.04921875 0.03671875
0 0.58046875 0.19453125 0.05390625 0.221875
0 0.60703125 0.16796875 0.071875 0.22421875
0 0.64140625 0.68203125 0.12421875 0.31640625
0 0.85078125 0.2109375 0.1015625 0.16328125
0 0.72109375 0.10859375 0.05078125 0.08359375
0 0.759375 0.178125 0.08203125 0.2296875
0 0.796875 0.159375 0.04609375 0.18125
0 0.81953125 0.12578125 0.04765625 0.159375
0 0.8515625 0.11328125 0.04765625 0.121875
0 0.884375 0.1203125 0.05703125 0.11875
0 0.925 0.14609375 0.05859375 0.1890625
0 0.94375 0.1203125 0.034375 0.15546875
0 0.740625 0.05546875 0.028125 0.0515625
0 0.61328125 0.06328125 0.0609375 0.05546875
0 0.984375 0.275 0.03125 0.128125
0 0.70625 0.153125 0.028125 0.090625
0 0.8671875 0.04921875 0.2 0.05390625
0 0.1828125 0.05546875 0.05390625 0.06640625
0 0.08671875 0.034375 0.01328125 0.01328125
0 0.84609375 0.815625 0.25546875 0.29453125