0 0.98828125 0.4875 0.02265625 0.1046875
0 0.96796875 0.5265625 0.04375 0.1828125
0 0.9453125 0.4875 0.02421875 0.08359375
0 0.88984375 0.47578125 0.02734375 0.0671875
0 0.81484375 0.484375 0.015625 0.0453125
0 0.79296875 0.51640625 0.0359375 0.1421875
0 0.73515625 0.58359375 0.075 0.31796875
0 0.5890625 0.63359375 0.0703125 0.415625
0 0.5375 0.58359375 0.06484375 0.3421875
0 0.52265625 0.62578125 0.0640625 0.32265625
0 0.47734375 0.6390625 0.0640625 0.41796875
0 0.42109375 0.52109375 0.06015625 0.13359375
0 0.31875 0.48515625 0.0640625 0.109375
0 0.340625 0.47890625 0.02109375 0.040625
0 0.29765625 0.4875 0.02578125 0.04765625
0 0.2671875 0.50234375 0.040625 0.153125
0 0.22109375 0.471875 0.03984375 0.09765625
0 0.20546875 0.475 0.01875 0.065625
0 0.146875 0.4796875 0.04296875 0.08671875
0 0.11953125 0.4984375 0.053125 0.05859375
0 0.01328125 0.60234375 0.02578125 0.1796875
0 0.84921875 0.5796875 0.0921875 0.35546875
0 0.94765625 0.4796875 0.10234375 0.08359375
0 0.7359375 0.49140625 0.15234375 0.06875