0 0.46796875 0.6125 0.4390625 0.43203125
0 0.3984375 0.490625 0.15390625 0.36953125
0 0.08359375 0.66953125 0.1671875 0.425
0 0.21953125 0.4453125 0.1125 0.2578125
0 0.2890625 0.49453125 0.12890625 0.1796875
0 0.328125 0.49140625 0.0828125 0.1625
0 0.6328125 0.47890625 0.125 0.096875
0 0.671875 0.51328125 0.1265625 0.21953125
0 0.71484375 0.53203125 0.14921875 0.234375
0 0.8015625 0.521875 0.1546875 0.2109375
0 0.890625 0.5328125 0.21640625 0.27109375
0 0.9140625 0.5390625 0.16875 0.2625
0 0.490625 0.16328125 0.1171875 0.103125
0 0.346875 0.19609375 0.0609375 0.10390625
0 0.05 0.41328125 0.05703125 0.025
0 0.9515625 0.39609375 0.09609375 0.10390625
0 0.853125 0.4078125 0.08984375 0.0984375
0 0.87734375 0.37265625 0.09140625 0.06953125
0 0.7796875 0.3984375 0.1140625 0.1203125
0 0.73671875 0.38203125 0.1046875 0.0875
0 0.6546875 0.421875 0.0734375 0.10078125
0 0.67578125 0.37734375 0.13203125 0.09765625
0 0.625 0.38203125 0.0921875 0.11171875
0 0.62265625 0.36171875 0.125 0.1421875
0 0.540625 0.35625 0.1140625 0.103125
0 0.503125 0.359375 0.1015625 0.10234375
0 0.5359375 0.29921875 0.08046875 0.071875
0 0.590625 0.27109375 0.05859375 0.0625
0 0.61875 0.27890625 0.09375 0.06953125
0 0.70234375 0.33046875 0.10859375 0.08046875
0 0.83125 0.328125 0.10859375 0.07734375
0 0.95390625 0.33203125 0.0921875 0.1015625
0 0.9140625 0.31484375 0.09609375 0.1265625
0 0.87265625 0.296875 0.09765625 0.09453125
0 0.9171875 0.240625 0.07890625 0.0640625
0 0.9640625 0.25 0.071875 0.08515625
0 0.74609375 0.29765625 0.06484375 0.0671875
0 0.7015625 0.29375 0.06640625 0.071875
0 0.72265625 0.2578125 0.040625 0.028125
0 0.7109375 0.265625 0.08828125 0.08125
0 0.66640625 0.26484375 0.05859375 0.0671875
0 0.52421875 0.25390625 0.05703125 0.04921875
0 0.4796875 0.3 0.06796875 0.06015625
0 0.3828125 0.56484375 0.04375 0.0609375
0 0.98515625 0.675 0.0296875 0.021875
0 0.74921875 0.12734375 0.5015625 0.21796875
0 0.01640625 0.43359375 0.0328125 0.05703125
0 0.475 0.125 0.0203125 0.01796875
0 0.98046875 0.440625 0.0390625 0.06796875
0 0.03359375 0.70703125 0.0671875 0.0328125
0 0.25 0.32109375 0.5 0.209375
0 0.77109375 0.321875 0.05 0.03515625
0 0.98515625 0.303125 0.0296875 0.0359375
0 0.2984375 0.18515625 0.0421875 0.04453125
0 0.4125 0.165625 0.05859375 0.0703125