0 0.846875 0.59375 0.15234375 0.59296875
0 0.77734375 0.34921875 0.03203125 0.0671875
0 0.584375 0.35 0.03046875 0.11640625
0 0.56328125 0.34921875 0.028125 0.11484375
0 0.6265625 0.5546875 0.1203125 0.521875
0 0.39609375 0.55625 0.0875 0.41953125
0 0.36484375 0.6640625 0.21796875 0.65703125
0 0.5375 0.75390625 0.25234375 0.4890625
0 0.25234375 0.409375 0.0390625 0.17734375
0 0.25625 0.40546875 0.03515625 0.13125
0 0.22421875 0.4140625 0.0484375 0.259375
0 0.17578125 0.4296875 0.02421875 0.04921875
0 0.0703125 0.6609375 0.140625 0.678125
0 0.078125 0.68515625 0.153125 0.6296875
0 0.2 0.721875 0.2703125 0.553125
0 0.51484375 0.4734375 0.0953125 0.2609375
0 0.8953125 0.91640625 0.209375 0.1671875
0 0.2078125 0.3078125 0.415625 0.03828125