0 0.25390625 0.46640625 0.06484375 0.33984375
0 0.29921875 0.490625 0.04140625 0.234375
0 0.31640625 0.33515625 0.03984375 0.08828125
0 0.33671875 0.328125 0.03359375 0.0640625
0 0.35703125 0.40546875 0.08125 0.19140625
0 0.42265625 0.49140625 0.06484375 0.3078125
0 0.4234375 0.35859375 0.06640625 0.1390625
0 0.5390625 0.490625 0.1984375 0.421875
0 0.465625 0.4234375 0.0265625 0.1140625
0 0.60859375 0.42578125 0.08515625 0.29296875
0 0.6515625 0.50078125 0.0875 0.4125
0 0.6953125 0.31953125 0.025 0.065625
0 0.7296875 0.503125 0.13359375 0.465625
0 0.7796875 0.40703125 0.05234375 0.2890625
0 0.82109375 0.39375 0.05234375 0.25546875
0 0.85 0.384375 0.03515625 0.225
0 0.8609375 0.321875 0.04140625 0.0921875
0 0.88828125 0.40546875 0.07890625 0.26640625
0 0.95 0.4390625 0.075 0.2890625
0 0.978125 0.4203125 0.0359375 0.2890625
0 0.95703125 0.30234375 0.0234375 0.0484375
0 0.09609375 0.3125 0.1171875 0.53125
0 0.3796875 0.359375 0.03359375 0.0734375
0 0.48046875 0.52265625 0.05625 0.25703125
0 0.5609375 0.2609375 0.075 0.1875
0 0.63828125 0.33984375 0.05625 0.1125
0 0.671875 0.53828125 0.0234375 0.1046875
0 0.67421875 0.29921875 0.01640625 0.028125
0 0.753125 0.284375 0.01640625 0.03203125
0 0.7921875 0.28828125 0.0171875 0.046875
0 0.96328125 0.29375 0.0734375 0.0734375
0 0.98203125 0.4671875 0.0359375 0.271875