0 0.9234375 0.6109375 0.1515625 0.58828125
0 0.84453125 0.60546875 0.134375 0.44921875
0 0.815625 0.58671875 0.1 0.3953125
0 0.76953125 0.55234375 0.05859375 0.41640625
0 0.71015625 0.521875 0.08671875 0.334375
0 0.69921875 0.62421875 0.0609375 0.20625
0 0.73203125 0.734375 0.08359375 0.31015625
0 0.63515625 0.78359375 0.13359375 0.38671875
0 0.46953125 0.74921875 0.10234375 0.32734375
0 0.62578125 0.57109375 0.09140625 0.19453125
0 0.546875 0.5796875 0.0828125 0.43671875
0 0.4921875 0.609375 0.08515625 0.365625
0 0.6453125 0.52109375 0.0734375 0.2375
0 0.6578125 0.40078125 0.071875 0.13203125
0 0.6203125 0.440625 0.0328125 0.16171875
0 0.58046875 0.525 0.06015625 0.3421875
0 0.50234375 0.5328125 0.06171875 0.36328125
0 0.471875 0.4328125 0.04140625 0.15390625
0 0.5 0.37109375 0.06015625 0.08125
0 0.41953125 0.52734375 0.07890625 0.38359375
0 0.4125 0.490625 0.05390625 0.29609375
0 0.55859375 0.38046875 0.021875 0.075
0 0.578125 0.5078125 0.06328125 0.30625
0 0.3640625 0.490625 0.05546875 0.2515625
0 0.38203125 0.4890625 0.02265625 0.20546875
0 0.33046875 0.4421875 0.0265625 0.11328125
0 0.3203125 0.7234375 0.1421875 0.46875
0 0.2765625 0.4390625 0.0890625 0.15234375
0 0.25234375 0.40234375 0.0328125 0.06875
0 0.21328125 0.4453125 0.07578125 0.18515625
0 0.15625 0.534375 0.06640625 0.2921875
0 0.16171875 0.403125 0.0625 0.09765625
0 0.10234375 0.56875 0.16328125 0.52109375
0 0.36484375 0.56640625 0.053125 0.20703125
0 0.62109375 0.3734375 0.04375 0.08515625
0 0.42890625 0.5859375 0.0265625 0.0640625
0 0.35 0.4046875 0.0265625 0.034375
0 0.1828125 0.40078125 0.02578125 0.04375
0 0.9171875 0.584375 0.165625 0.51796875
0 0.74375 0.38359375 0.046875 0.08125
0 0.78203125 0.325 0.03515625 0.028125
0 0.13125 0.403125 0.02265625 0.02734375