0 0.04453125 0.65078125 0.08828125 0.42109375
0 0.1390625 0.6546875 0.0890625 0.4125
0 0.22578125 0.5828125 0.06796875 0.25625
0 0.26953125 0.6109375 0.09609375 0.28828125
0 0.28984375 0.590625 0.04140625 0.2421875
0 0.3609375 0.49140625 0.0234375 0.03671875
0 0.3765625 0.62109375 0.08203125 0.35234375
0 0.41171875 0.48984375 0.0375 0.06875
0 0.43203125 0.6 0.03671875 0.24375
0 0.4546875 0.63203125 0.08984375 0.321875
0 0.5109375 0.6 0.06328125 0.24375
0 0.5640625 0.54453125 0.0375 0.14453125
0 0.59609375 0.67578125 0.11796875 0.42734375
0 0.6296875 0.5359375 0.040625 0.14453125
0 0.64609375 0.52265625 0.02109375 0.103125
0 0.65703125 0.534375 0.03203125 0.121875
0 0.6890625 0.53203125 0.04296875 0.12734375
0 0.7203125 0.50859375 0.01796875 0.0453125
0 0.73515625 0.50078125 0.01640625 0.05546875
0 0.74453125 0.4984375 0.0203125 0.05625
0 0.77109375 0.53203125 0.02265625 0.10859375
0 0.7390625 0.609375 0.08359375 0.24140625
0 0.79453125 0.53671875 0.03828125 0.15703125
0 0.81875 0.5421875 0.0375 0.1671875
0 0.8296875 0.6 0.08359375 0.259375
0 0.86171875 0.5078125 0.02109375 0.0609375
0 0.878125 0.515625 0.01328125 0.06171875
0 0.890625 0.51875 0.0296875 0.1078125
0 0.9359375 0.52265625 0.0234375 0.109375
0 0.95 0.53046875 0.01328125 0.0921875
0 0.25234375 0.47734375 0.01796875 0.03203125
0 0.32734375 0.53515625 0.03203125 0.06875
0 0.45 0.46796875 0.0234375 0.021875
0 0.7484375 0.47109375 0.1046875 0.03359375
0 0.853125 0.48515625 0.01015625 0.025
0 0.88515625 0.4671875 0.04375 0.03984375
0 0.9453125 0.49140625 0.0125 0.03125
0 0.78203125 0.4359375 0.021875 0.03203125
0 0.96953125 0.45546875 0.01953125 0.02890625