0 0.4046875 0.3203125 0.16875 0.22109375
0 0.36875 0.590625 0.4875 0.52890625
0 0.83046875 0.3359375 0.1890625 0.1984375
0 0.8640625 0.36015625 0.271875 0.18515625
0 0.84609375 0.19609375 0.0890625 0.14765625
0 0.78046875 0.1828125 0.0828125 0.10703125
0 0.825 0.13046875 0.046875 0.0828125
0 0.915625 0.16171875 0.06875 0.12734375
0 0.96328125 0.184375 0.0734375 0.0828125
0 0.6125 0.2375 0.103125 0.10078125
0 0.6078125 0.21328125 0.10625 0.1140625
0 0.57109375 0.20390625 0.0515625 0.0828125
0 0.41484375 0.18515625 0.0671875 0.08515625
0 0.1359375 0.28359375 0.0875 0.1921875
0 0.06015625 0.309375 0.1046875 0.14921875
0 0.09765625 0.21328125 0.0578125 0.11796875
0 0.1640625 0.203125 0.046875 0.0890625
0 0.2734375 0.21328125 0.053125 0.0515625
0 0.23984375 0.13515625 0.0109375 0.03359375
0 0.19609375 0.09921875 0.0140625 0.046875
0 0.16640625 0.12265625 0.0140625 0.04453125
0 0.603125 0.07734375 0.009375 0.0421875
0 0.48125 0.121875 0.0125 0.0421875
0 0.54140625 0.10390625 0.0078125 0.02890625
0 0.509375 0.1484375 0.0125 0.03828125
0 0.4734375 0.184375 0.040625 0.0828125
0 0.66953125 0.1046875 0.0109375 0.0359375
0 0.66484375 0.1015625 0.0171875 0.0421875
0 0.72265625 0.0984375 0.0171875 0.04453125
0 0.78359375 0.1171875 0.0140625 0.046875
0 0.7671875 0.11796875 0.0125 0.04453125
0 0.678125 0.1875 0.05 0.0984375
0 0.39140625 0.28359375 0.1515625 0.13828125
0 0.46640625 0.03046875 0.0109375 0.02890625
0 0.43984375 0.1921875 0.0390625 0.08515625
0 0.234375 0.21796875 0.053125 0.05546875
0 0.14921875 0.17890625 0.2515625 0.0671875
0 0.36875 0.171875 0.190625 0.08515625
0 0.3703125 0.015625 0.071875 0.03125
0 0.56484375 0.05234375 0.1609375 0.1046875
0 0.55546875 0.16328125 0.1859375 0.11640625
0 0.7828125 0.16171875 0.234375 0.13203125
0 0.9484375 0.2390625 0.1 0.21015625
0 0.13984375 0.125 0.0265625 0.03984375