0 0.98359375 0.78203125 0.03125 0.43046875
0 0.9390625 0.7671875 0.0640625 0.46015625
0 0.871875 0.7640625 0.08984375 0.4671875
0 0.80234375 0.7671875 0.071875 0.46015625
0 0.74140625 0.75234375 0.0828125 0.4953125
0 0.665625 0.77421875 0.08828125 0.446875
0 0.5921875 0.7890625 0.07890625 0.4171875
0 0.525 0.75859375 0.0703125 0.478125
0 0.45625 0.7390625 0.0734375 0.5171875
0 0.4015625 0.7640625 0.065625 0.4671875
0 0.34140625 0.75859375 0.07421875 0.4828125
0 0.271875 0.778125 0.08125 0.43984375
0 0.2078125 0.77890625 0.06953125 0.4375
0 0.14921875 0.7671875 0.0671875 0.46484375
0 0.07734375 0.7890625 0.0828125 0.4171875
0 0.02109375 0.75546875 0.04140625 0.48515625
0 0.0140625 0.55625 0.028125 0.146875
0 0.08828125 0.55234375 0.07734375 0.28828125
0 0.15234375 0.5484375 0.0609375 0.21796875
0 0.215625 0.5484375 0.078125 0.28125
0 0.2765625 0.5625 0.0671875 0.23125
0 0.346875 0.5296875 0.071875 0.23828125
0 0.45390625 0.74609375 0.06796875 0.503125
0 0.58515625 0.56796875 0.0671875 0.2203125
0 0.66015625 0.5609375 0.07421875 0.22890625
0 0.73515625 0.5234375 0.0875 0.271875
0 0.81796875 0.55703125 0.07578125 0.2515625
0 0.88515625 0.53046875 0.071875 0.24921875
0 0.96640625 0.55703125 0.0671875 0.2984375
0 0.9828125 0.29375 0.03359375 0.15625
0 0.9484375 0.38359375 0.08125 0.3359375
0 0.8875 0.3421875 0.07421875 0.34921875
0 0.85234375 0.4546875 0.0484375 0.24296875
0 0.81171875 0.34453125 0.05234375 0.23125
0 0.77265625 0.48515625 0.06953125 0.33984375
0 0.72265625 0.346875 0.07421875 0.3359375
0 0.67109375 0.4671875 0.0671875 0.25390625
0 0.65703125 0.4125 0.0625 0.321875
0 0.5984375 0.43203125 0.07109375 0.24296875
0 0.596875 0.2921875 0.06328125 0.24921875
0 0.51796875 0.49765625 0.07421875 0.36484375
0 0.53203125 0.346875 0.06796875 0.2765625
0 0.47109375 0.4390625 0.05 0.32421875
0 0.4328125 0.4703125 0.0765625 0.3515625
0 0.39765625 0.375 0.05078125 0.3109375
0 0.359375 0.4546875 0.0734375 0.28359375
0 0.3390625 0.35625 0.0609375 0.30859375
0 0.29921875 0.471875 0.06328125 0.321875
0 0.27265625 0.33359375 0.05546875 0.2359375
0 0.2234375 0.4140625 0.07421875 0.24296875
0 0.2171875 0.35703125 0.065625 0.215625
0 0.15703125 0.45 0.06875 0.23359375
0 0.1609375 0.35 0.06171875 0.18828125
0 0.115625 0.37109375 0.0421875 0.19296875
0 0.0859375 0.4578125 0.065625 0.24921875
0 0.05703125 0.38359375 0.04375 0.21328125
0 0.0296875 0.48515625 0.059375 0.2765625
0 0.015625 0.36640625 0.03046875 0.215625