0 0.17265625 0.9484375 0.04609375 0.0625
0 0.1875 0.9796875 0.05 0.03984375
0 0.225 0.9640625 0.03671875 0.07109375
0 0.2203125 0.9453125 0.05078125 0.0734375
0 0.26015625 0.95078125 0.0328125 0.0984375
0 0.27421875 0.95703125 0.034375 0.0703125
0 0.3125 0.92421875 0.0375 0.11953125
0 0.3359375 0.94609375 0.03828125 0.10625
0 0.36875 0.95546875 0.059375 0.0890625
0 0.39296875 0.97734375 0.03671875 0.04375
0 0.4171875 0.92109375 0.04765625 0.15625
0 0.35234375 0.8875 0.04765625 0.06875
0 0.36953125 0.8875 0.04296875 0.10078125
0 0.30234375 0.978125 0.03203125 0.04296875
0 0.43671875 0.8953125 0.0375 0.15078125
0 0.47578125 0.9140625 0.03984375 0.159375
0 0.5234375 0.9015625 0.0578125 0.15234375
0 0.6015625 0.9640625 0.04375 0.07109375
0 0.61015625 0.9359375 0.05078125 0.12734375
0 0.5609375 0.8484375 0.03671875 0.1328125
0 0.56640625 0.778125 0.02421875 0.0671875
0 0.5796875 0.8109375 0.028125 0.12109375
0 0.60234375 0.796875 0.021875 0.125
0 0.634375 0.8046875 0.03671875 0.11875
0 0.6453125 0.784375 0.01796875 0.11328125
0 0.7015625 0.790625 0.03046875 0.109375
0 0.678125 0.91875 0.05078125 0.16171875
0 0.6921875 0.97734375 0.0359375 0.0453125
0 0.72109375 0.95234375 0.0546875 0.0953125
0 0.7546875 0.95703125 0.05 0.08515625
0 0.7171875 0.88671875 0.03046875 0.09765625
0 0.74921875 0.9 0.05 0.075
0 0.80703125 0.93671875 0.0359375 0.07265625
0 0.81796875 0.91640625 0.025 0.08984375
0 0.83359375 0.91875 0.025 0.08359375
0 0.85546875 0.9578125 0.04765625 0.084375
0 0.94296875 0.96328125 0.059375 0.0734375
0 0.975 0.8828125 0.04921875 0.09296875
0 0.92265625 0.91796875 0.06328125 0.1015625
0 0.87421875 0.90078125 0.0453125 0.090625
0 0.8046875 0.86875 0.02890625 0.11171875
0 0.796875 0.8390625 0.0296875 0.1
0 0.8140625 0.80703125 0.03203125 0.0796875
0 0.8390625 0.7609375 0.03125 0.08125
0 0.86015625 0.759375 0.028125 0.090625
0 0.915625 0.778125 0.034375 0.11875
0 0.9234375 0.7875 0.03046875 0.10390625
0 0.94609375 0.790625 0.0265625 0.11484375
0 0.96796875 0.7890625 0.03046875 0.10703125
0 0.715625 0.7546875 0.03203125 0.11875
0 0.73359375 0.75546875 0.0203125 0.1015625
0 0.79140625 0.72109375 0.0265625 0.096875
0 0.82421875 0.6828125 0.01953125 0.0875
0 0.840625 0.69921875 0.0203125 0.04921875
0 0.74921875 0.721875 0.02265625 0.09609375
0 0.75546875 0.6796875 0.02421875 0.0640625
0 0.78203125 0.6984375 0.021875 0.0859375
0 0.7203125 0.65390625 0.01875 0.046875
0 0.69296875 0.6625 0.0171875 0.07890625
0 0.64609375 0.715625 0.02265625 0.07734375
0 0.65390625 0.69765625 0.0171875 0.07890625
0 0.6640625 0.6953125 0.01875 0.08359375
0 0.6765625 0.6890625 0.01875 0.0828125
0 0.51484375 0.7203125 0.021875 0.1015625
0 0.5234375 0.721875 0.02265625 0.071875
0 0.54140625 0.71640625 0.0265625 0.08984375
0 0.56953125 0.7 0.01953125 0.05703125
0 0.009375 0.82109375 0.01875 0.11328125
0 0.0203125 0.8171875 0.0171875 0.10625
0 0.03203125 0.8078125 0.01875 0.1125
0 0.0484375 0.80703125 0.02265625 0.10078125
0 0.06015625 0.79140625 0.02109375 0.11171875
0 0.0734375 0.78515625 0.02421875 0.1109375
0 0.0953125 0.78828125 0.04921875 0.13203125
0 0.12109375 0.76953125 0.02421875 0.10390625
0 0.13828125 0.765625 0.02265625 0.10078125
0 0.15546875 0.76640625 0.01953125 0.090625
0 0.16875 0.7546875 0.021875 0.0921875
0 0.19609375 0.734375 0.02265625 0.09765625
0 0.2125 0.74140625 0.01171875 0.075
0 0.2734375 0.71484375 0.03828125 0.10078125
0 0.203125 0.65390625 0.02734375 0.05078125
0 0.2 0.57734375 0.0125 0.03671875
0 0.2515625 0.57109375 0.0109375 0.02578125
0 0.225 0.62578125 0.01640625 0.07734375
0 0.23828125 0.615625 0.01640625 0.05703125
0 0.28359375 0.64453125 0.02421875 0.07421875
0 0.26328125 0.61171875 0.0140625 0.0515625
0 0.1578125 0.6484375 0.0171875 0.07421875
0 0.16953125 0.61171875 0.025 0.06640625
0 0.11171875 0.67265625 0.0234375 0.04375
0 0.0796875 0.678125 0.021875 0.0921875
0 0.10546875 0.6328125 0.021875 0.03828125
0 0.0484375 0.69921875 0.0265625 0.0921875
0 0.01640625 0.6796875 0.02265625 0.0953125
0 0.00859375 0.596875 0.0171875 0.0625
0 0.0203125 0.59296875 0.01640625 0.06328125
0 0.03515625 0.59296875 0.0171875 0.06328125
0 0.053125 0.5859375 0.0125 0.04140625
0 0.06328125 0.57578125 0.0125 0.02109375
0 0.07734375 0.575 0.01875 0.0453125
0 0.1421875 0.58046875 0.015625 0.0578125
0 0.128125 0.578125 0.0125 0.05
0 0.09296875 0.58828125 0.01015625 0.03671875
0 0.11796875 0.5765625 0.0125 0.05234375
0 0.19375 0.62578125 0.01875 0.05234375
0 0.13984375 0.7046875 0.02265625 0.0484375
0 0.16875 0.6984375 0.0203125 0.0296875
0 0.17265625 0.56171875 0.0125 0.03359375
0 0.184375 0.565625 0.0125 0.046875
0 0.13125 0.64140625 0.01484375 0.07890625
0 0.01640625 0.76171875 0.01875 0.034375
0 0.0046875 0.76171875 0.00859375 0.02734375
0 0.03046875 0.73984375 0.015625 0.028125
0 0.0390625 0.75703125 0.01796875 0.04296875
0 0.065625 0.72265625 0.0140625 0.0328125
0 0.0578125 0.73671875 0.015625 0.0390625
0 0.0640625 0.703125 0.01640625 0.0328125
0 0.090625 0.76484375 0.0203125 0.12265625
0 0.11015625 0.728125 0.0171875 0.0390625
0 0.2265625 0.6828125 0.0171875 0.0375
0 0.23515625 0.7203125 0.0171875 0.09921875
0 0.24453125 0.71640625 0.01640625 0.09375
0 0.203125 0.515625 0.01171875 0.0421875
0 0.0953125 0.56171875 0.0109375 0.0140625
0 0.10703125 0.5734375 0.0140625 0.040625
0 0.04375 0.6578125 0.02265625 0.0546875
0 0.23828125 0.58515625 0.01640625 0.03046875
0 0.328125 0.871875 0.0203125 0.0421875
0 0.41953125 0.84921875 0.0203125 0.040625
0 0.515625 0.8828125 0.0296875 0.14453125
0 0.21171875 0.6375 0.0125 0.04609375
0 0.06875 0.5984375 0.01796875 0.0375
0 0.103125 0.71640625 0.0125 0.01796875
0 0.10625 0.70625 0.0171875 0.03984375
0 0.1203125 0.71484375 0.021875 0.05078125
0 0.1546875 0.72578125 0.01796875 0.0421875
0 0.18046875 0.7453125 0.01875 0.090625
0 0.2203125 0.7421875 0.0171875 0.075
0 0.22890625 0.7359375 0.01875 0.08125
0 0.0265625 0.6734375 0.015625 0.0921875
0 0.065625 0.66328125 0.01484375 0.04140625
0 0.0953125 0.67578125 0.02109375 0.065625
0 0.20078125 0.61640625 0.01484375 0.0453125
0 0.24765625 0.6171875 0.0140625 0.05703125
0 0.246875 0.5890625 0.0125 0.0296875
0 0.275 0.60546875 0.0171875 0.0515625
0 0.92421875 0.94375 0.0328125 0.07109375
0 0.86875 0.94296875 0.0375 0.0890625
0 0.79375 0.93984375 0.0203125 0.040625
0 0.09453125 0.62265625 0.18671875 0.05703125
0 0.28125 0.58828125 0.01953125 0.0375
0 0.25859375 0.696875 0.034375 0.1421875
0 0.1921875 0.68046875 0.0890625 0.05703125
0 0.5 0.446875 0.99921875 0.05234375
0 0.62421875 0.53203125 0.1140625 0.065625
0 0.840625 0.56875 0.3171875 0.19140625
0 0.61796875 0.6796875 0.1296875 0.140625
0 0.91328125 0.76953125 0.171875 0.2109375
0 0.46328125 0.79140625 0.17421875 0.1578125
0 0.10703125 0.9578125 0.08515625 0.07734375
0 0.5453125 0.9890625 0.028125 0.021875
0 0.61015625 0.990625 0.02890625 0.01875
0 0.80234375 0.97890625 0.0515625 0.0421875
0 0.00234375 0.6890625 0.0046875 0.07421875
0 0.20078125 0.59375 0.00703125 0.01015625
0 0.0390625 0.5703125 0.00546875 0.00390625