0 0.85390625 0.903125 0.096875 0.17890625
0 0.77109375 0.90390625 0.0671875 0.1921875
0 0.72734375 0.89296875 0.13125 0.2140625
0 0.6625 0.92109375 0.06875 0.1578125
0 0.5765625 0.89453125 0.1046875 0.2109375
0 0.475 0.896875 0.128125 0.203125
0 0.3578125 0.9265625 0.10078125 0.14375
0 0.26640625 0.89375 0.1171875 0.2125
0 0.0765625 0.884375 0.07890625 0.23125
0 0.34296875 0.87734375 0.0765625 0.19609375
0 0.42265625 0.909375 0.0453125 0.18125
0 0.5078125 0.86328125 0.0484375 0.121875
0 0.6203125 0.90546875 0.04609375 0.16875
0 0.5 0.79921875 1 0.3984375