0 0.1546875 0.73828125 0.23515625 0.5234375
0 0.3375 0.7109375 0.28828125 0.57734375
0 0.04453125 0.575 0.0875 0.34453125
0 0.11328125 0.43984375 0.06171875 0.11171875
0 0.1796875 0.54296875 0.1 0.30078125
0 0.2359375 0.4015625 0.05703125 0.13203125
0 0.26328125 0.34375 0.05390625 0.17578125
0 0.2984375 0.44453125 0.0625 0.17421875
0 0.21640625 0.46796875 0.08515625 0.1796875
0 0.44609375 0.6890625 0.27890625 0.57734375
0 0.45 0.4609375 0.084375 0.21015625
0 0.4546875 0.32578125 0.07578125 0.20390625
0 0.50625 0.35859375 0.0640625 0.196875
0 0.57890625 0.3484375 0.07265625 0.23046875
0 0.6609375 0.63046875 0.22109375 0.48203125
0 0.73046875 0.58984375 0.209375 0.434375
0 0.77734375 0.571875 0.184375 0.3953125
0 0.85 0.54453125 0.25078125 0.38828125
0 0.7796875 0.3546875 0.10234375 0.2625
0 0.8625 0.43203125 0.09765625 0.45390625
0 0.5421875 0.43515625 0.05390625 0.1640625
0 0.5640625 0.6453125 0.20703125 0.546875
0 0.09609375 0.384375 0.1921875 0.1
0 0.34921875 0.39140625 0.059375 0.08359375
0 0.4296875 0.27578125 0.02890625 0.03125