0 0.2375 0.696875 0.26328125 0.60390625
0 0.021875 0.68515625 0.04375 0.15625
0 0.053125 0.70390625 0.028125 0.1046875
0 0.1 0.72421875 0.05390625 0.23125
0 0.10234375 0.75390625 0.05078125 0.165625
0 0.1328125 0.7203125 0.01875 0.10078125
0 0.14375 0.71015625 0.01171875 0.034375
0 0.1625 0.71796875 0.0328125 0.140625
0 0.171875 0.71953125 0.0171875 0.125
0 0.190625 0.6875 0.0359375 0.0796875
0 0.31953125 0.72734375 0.01875 0.0859375
0 0.334375 0.715625 0.02578125 0.10390625
0 0.32578125 0.71171875 0.01640625 0.0859375
0 0.3546875 0.70859375 0.02265625 0.10390625
0 0.3890625 0.70859375 0.0546875 0.24296875
0 0.42109375 0.7015625 0.03046875 0.14140625
0 0.45703125 0.70390625 0.08359375 0.29296875
0 0.48359375 0.69140625 0.02109375 0.1078125
0 0.5 0.6953125 0.01875 0.0953125
0 0.56015625 0.69296875 0.09921875 0.3015625
0 0.1859375 0.66875 0.01484375 0.02421875
0 0.14765625 0.71171875 0.00390625 0.025
0 0.30546875 0.73671875 0.0171875 0.0296875
0 0.6921875 0.484375 0.0078125 0.0140625
0 0.56015625 0.47734375 0.0328125 0.12890625