0 0.034375 0.5828125 0.06875 0.11953125
0 0.2203125 0.58203125 0.06875 0.17578125
0 0.44609375 0.59609375 0.0421875 0.1421875
0 0.61015625 0.6140625 0.06328125 0.17109375
0 0.965625 0.58203125 0.06875 0.146875
0 0.5140625 0.65 0.1625 0.69609375
0 0.55390625 0.50703125 0.1 0.98515625
0 0.03359375 0.4875 0.0671875 0.184375
0 0.1125 0.50390625 0.06484375 0.16796875
0 0.16328125 0.44140625 0.059375 0.290625
0 0.215625 0.42265625 0.05546875 0.21171875
0 0.27109375 0.4578125 0.06875 0.246875
0 0.31875 0.4375 0.08515625 0.290625
0 0.034375 0.27890625 0.05625 0.246875
0 0.12265625 0.2765625 0.0671875 0.278125
0 0.17109375 0.296875 0.06484375 0.21015625
0 0.23671875 0.35234375 0.04296875 0.30078125
0 0.0296875 0.140625 0.05390625 0.1359375
0 0.09375 0.1921875 0.0609375 0.290625
0 0.08203125 0.15078125 0.065625 0.26640625
0 0.13125 0.06484375 0.04609375 0.12890625
0 0.0703125 0.109375 0.04609375 0.21796875
0 0.1921875 0.1265625 0.03984375 0.1375
0 0.3984375 0.44375 0.05078125 0.2765625
0 0.459375 0.390625 0.0484375 0.16171875
0 0.60234375 0.496875 0.0375 0.15
0 0.6421875 0.50234375 0.03984375 0.1421875
0 0.6765625 0.47890625 0.05390625 0.20546875
0 0.73984375 0.496875 0.0609375 0.15
0 0.73671875 0.41015625 0.0484375 0.1390625
0 0.6953125 0.41484375 0.03359375 0.12265625
0 0.61953125 0.40625 0.0484375 0.11484375
0 0.3734375 0.32734375 0.05234375 0.23125
0 0.421875 0.27421875 0.05078125 0.12109375
0 0.625 0.34375 0.05546875 0.1359375
0 0.69296875 0.29375 0.1234375 0.25546875
0 0.634375 0.28515625 0.040625 0.1046875
0 0.55390625 0.27578125 0.02421875 0.10859375
0 0.484375 0.22109375 0.04453125 0.12890625
0 0.51796875 0.21796875 0.03828125 0.11953125
0 0.36171875 0.23125 0.04765625 0.2
0 0.4046875 0.17421875 0.05390625 0.2
0 0.43203125 0.1484375 0.04453125 0.1390625
0 0.45703125 0.153125 0.0390625 0.1421875
0 0.49765625 0.13359375 0.04453125 0.0890625
0 0.53515625 0.14453125 0.03984375 0.11484375
0 0.5671875 0.17734375 0.05 0.190625
0 0.30390625 0.11171875 0.03984375 0.22265625
0 0.3296875 0.13515625 0.06640625 0.26953125
0 0.28359375 0.0796875 0.0359375 0.159375
0 0.37734375 0.0765625 0.040625 0.146875
0 0.44140625 0.04921875 0.04296875 0.0984375
0 0.4703125 0.09765625 0.03828125 0.1953125
0 0.5953125 0.04765625 0.03671875 0.0953125
0 0.55390625 0.0703125 0.03671875 0.140625
0 0.5140625 0.06875 0.04296875 0.1375
0 0.91484375 0.45859375 0.04296875 0.2421875
0 0.98671875 0.46640625 0.0265625 0.23125
0 0.9515625 0.44921875 0.0375 0.2359375
0 0.953125 0.3890625 0.03203125 0.18125
0 0.91171875 0.32578125 0.05078125 0.13046875
0 0.95 0.20703125 0.04921875 0.196875
0 0.91328125 0.19765625 0.04296875 0.234375
0 0.90625 0.11328125 0.0421875 0.1453125
0 0.94609375 0.109375 0.0515625 0.14375
0 0.978125 0.11484375 0.02890625 0.16171875
0 0.94921875 0.03984375 0.03125 0.07890625
0 0.88828125 0.03984375 0.03984375 0.07890625
0 0.86953125 0.23046875 0.03515625 0.2015625
0 0.8484375 0.08515625 0.0328125 0.13046875
0 0.80859375 0.08828125 0.0265625 0.07890625
0 0.84296875 0.1765625 0.0890625 0.31484375
0 0.6484375 0.11484375 0.05390625 0.22265625
0 0.70234375 0.11484375 0.04609375 0.196875
0 0.653125 0.0796875 0.0296875 0.153125
0 0.6203125 0.17578125 0.04765625 0.2
0 0.74296875 0.06015625 0.03828125 0.11953125
0 0.77265625 0.0890625 0.034375 0.17109375
0 0.77109375 0.13828125 0.0484375 0.146875
0 0.73828125 0.209375 0.03359375 0.1828125
0 0.7609375 0.253125 0.05234375 0.21484375
0 0.79296875 0.2546875 0.034375 0.1953125
0 0.9296875 0.0578125 0.02109375 0.06171875
0 0.3828125 0.03984375 0.10703125 0.07890625
0 0.98359375 0.2828125 0.0328125 0.134375
0 0.8234375 0.025 0.08671875 0.05
0 0.98359375 0.03671875 0.0328125 0.0734375
0 0.709375 0.02578125 0.03671875 0.0515625
0 0.68984375 0.1453125 0.05078125 0.10625
0 0.86953125 0.11015625 0.0375 0.07421875
0 0.0421875 0.084375 0.084375 0.16796875
0 0.13828125 0.0375 0.11171875 0.07421875