0 0.103125 0.8171875 0.20625 0.3625
0 0.33828125 0.80859375 0.19609375 0.3796875
0 0.49921875 0.7828125 0.12578125 0.23359375
0 0.04375 0.709375 0.03828125 0.03359375
0 0.21015625 0.70234375 0.02421875 0.0203125
0 0.56484375 0.71640625 0.03359375 0.0828125
0 0.58046875 0.7171875 0.05078125 0.1046875
0 0.709375 0.70703125 0.03515625 0.07109375
0 0.7 0.7078125 0.02265625 0.0625
0 0.75078125 0.71171875 0.05390625 0.09140625
0 0.75390625 0.67265625 0.040625 0.025
0 0.85625 0.8 0.1890625 0.3953125
0 0.88515625 0.77421875 0.1625 0.2734375
0 0.09609375 0.6796875 0.02109375 0.01484375
0 0.6515625 0.6890625 0.08046875 0.04140625
0 0.778125 0.68203125 0.0265625 0.0265625