0 0.05546875 0.70390625 0.1109375 0.1609375
0 0.0578125 0.71171875 0.11328125 0.1734375
0 0.08828125 0.68828125 0.09921875 0.1640625
0 0.11484375 0.6640625 0.10078125 0.15390625
0 0.14140625 0.64296875 0.04140625 0.0828125
0 0.12578125 0.60234375 0.03671875 0.090625
0 0.16171875 0.609375 0.05234375 0.09609375
0 0.19765625 0.60703125 0.0828125 0.13515625
0 0.2359375 0.59453125 0.07578125 0.1109375
0 0.25078125 0.58828125 0.04765625 0.10703125
0 0.25 0.5359375 0.03828125 0.1140625
0 0.2734375 0.54296875 0.04453125 0.12578125
0 0.284375 0.51875 0.0328125 0.10703125
0 0.015625 0.59921875 0.03125 0.1609375
0 0.08046875 0.5859375 0.0890625 0.13515625
0 0.0484375 0.57265625 0.0375 0.12890625
0 0.0703125 0.540625 0.03984375 0.09453125
0 0.0984375 0.553125 0.0453125 0.1171875
0 0.1109375 0.52578125 0.02265625 0.0859375
0 0.13671875 0.54375 0.0484375 0.109375
0 0.15234375 0.52109375 0.03671875 0.07421875
0 0.18046875 0.540625 0.04765625 0.1421875
0 0.19765625 0.51640625 0.03046875 0.084375
0 0.21640625 0.50703125 0.03203125 0.07890625
0 0.22578125 0.4828125 0.0265625 0.0921875
0 0.2328125 0.46640625 0.0375 0.0921875
0 0.215625 0.45703125 0.02421875 0.07265625
0 0.2515625 0.46875 0.02265625 0.0515625
0 0.2765625 0.4609375 0.028125 0.07109375
0 0.2984375 0.44765625 0.01796875 0.053125
0 0.01484375 0.5453125 0.0296875 0.171875
0 0.0140625 0.52578125 0.028125 0.16875
0 0.04453125 0.49296875 0.053125 0.13359375
0 0.07734375 0.4640625 0.0421875 0.07109375
0 0.10703125 0.4640625 0.025 0.06484375
0 0.11640625 0.46875 0.01796875 0.0609375
0 0.13203125 0.46328125 0.0328125 0.07265625
0 0.14765625 0.46484375 0.0296875 0.06484375
0 0.1484375 0.48515625 0.0296875 0.0578125
0 0.01796875 0.4265625 0.02734375 0.109375
0 0.10546875 0.415625 0.028125 0.0515625
0 0.11640625 0.41484375 0.01640625 0.04453125
0 0.16328125 0.42109375 0.025 0.07890625
0 0.29453125 0.60234375 0.065625 0.2890625
0 0.29765625 0.65 0.1078125 0.365625
0 0.3640625 0.6890625 0.14765625 0.41796875
0 0.43203125 0.8140625 0.14765625 0.3453125
0 0.56328125 0.75078125 0.21796875 0.49453125
0 0.69921875 0.78671875 0.12578125 0.4234375
0 0.796875 0.75546875 0.121875 0.4890625
0 0.8765625 0.70546875 0.1265625 0.50703125
0 0.8234375 0.54453125 0.0421875 0.1734375
0 0.903125 0.66171875 0.07265625 0.3390625
0 0.96328125 0.6859375 0.0265625 0.16015625
0 0.40703125 0.5484375 0.0640625 0.20703125
0 0.4203125 0.55 0.01796875 0.1171875
0 0.434375 0.52265625 0.0375 0.178125
0 0.45859375 0.52421875 0.0421875 0.1359375
0 0.4984375 0.515625 0.05703125 0.15078125
0 0.5421875 0.5046875 0.0671875 0.16171875
0 0.6046875 0.52109375 0.06953125 0.1453125
0 0.66953125 0.51640625 0.07421875 0.1703125
0 0.7 0.53359375 0.046875 0.1125
0 0.73515625 0.55625 0.02265625 0.07890625
0 0.76015625 0.515625 0.05078125 0.13359375
0 0.7515625 0.48515625 0.025 0.084375
0 0.71640625 0.47265625 0.02109375 0.07109375
0 0.65390625 0.453125 0.0203125 0.06484375
0 0.64453125 0.44765625 0.015625 0.059375
0 0.63984375 0.46953125 0.01953125 0.04765625
0 0.6234375 0.4859375 0.02421875 0.0890625
0 0.58515625 0.48203125 0.01953125 0.07578125
0 0.86328125 0.46171875 0.034375 0.0546875
0 0.0078125 0.8578125 0.015625 0.0359375
0 0.97734375 0.66484375 0.0453125 0.3078125
0 0.25859375 0.58515625 0.03984375 0.10390625
0 0.2015625 0.42265625 0.403125 0.1078125
0 0.5015625 0.4625 0.1453125 0.13359375
0 0.6546875 0.4796875 0.1625 0.1359375