0 0.2609375 0.628125 0.28125 0.73984375
0 0.3765625 0.465625 0.05859375 0.28203125
0 0.44765625 0.5890625 0.12265625 0.6
0 0.51953125 0.4890625 0.06875 0.35546875
0 0.565625 0.50546875 0.0859375 0.378125
0 0.60546875 0.48125 0.0609375 0.30625
0 0.6453125 0.509375 0.1203125 0.44140625
0 0.7734375 0.52109375 0.1203125 0.51640625
0 0.803125 0.4796875 0.0859375 0.39453125
0 0.89453125 0.5203125 0.1109375 0.42578125
0 0.94140625 0.60703125 0.11484375 0.5671875
0 0.725 0.39453125 0.0203125 0.08515625
0 0.68828125 0.53046875 0.0609375 0.2578125
0 0.5390625 0.4578125 0.03125 0.2734375
0 0.74296875 0.371875 0.01640625 0.02890625