0 0.43203125 0.49375 0.0734375 0.23828125
0 0.39453125 0.42890625 0.02109375 0.0828125
0 0.30625 0.4578125 0.0625 0.17265625
0 0.25859375 0.44296875 0.02421875 0.09375
0 0.0140625 0.46171875 0.028125 0.1828125
0 0.0453125 0.48203125 0.090625 0.3078125
0 0.08671875 0.44296875 0.0296875 0.13359375
0 0.11484375 0.45234375 0.05703125 0.18203125
0 0.13359375 0.446875 0.0265625 0.13515625
0 0.1484375 0.4546875 0.0359375 0.14453125
0 0.18671875 0.4515625 0.02421875 0.146875
0 0.1953125 0.44609375 0.01640625 0.1078125
0 0.1984375 0.4421875 0.021875 0.10703125
0 0.20703125 0.4328125 0.00859375 0.04609375
0 0.17265625 0.46328125 0.04609375 0.16484375
0 0.57734375 0.390625 0.04375 0.05234375
0 0.078125 0.47890625 0.01640625 0.09296875
0 0.16171875 0.39765625 0.01015625 0.01875