0 0.628125 0.59765625 0.1796875 0.5984375
0 0.65078125 0.521875 0.0203125 0.26640625
0 0.5390625 0.5203125 0.08125 0.33359375
0 0.47578125 0.4796875 0.06328125 0.26015625
0 0.43359375 0.4953125 0.06875 0.25703125
0 0.35078125 0.49296875 0.065625 0.33984375
0 0.32421875 0.471875 0.03671875 0.21328125
0 0.27890625 0.50546875 0.08671875 0.371875
0 0.2453125 0.471875 0.05078125 0.21640625
0 0.22109375 0.446875 0.0359375 0.16640625
0 0.1625 0.49609375 0.10546875 0.425
0 0.13203125 0.46953125 0.10546875 0.33828125
0 0.4640625 0.753125 0.79765625 0.48984375