0 0.32421875 0.2546875 0.1 0.17421875
0 0.28515625 0.30859375 0.084375 0.19765625
0 0.190625 0.38203125 0.21328125 0.3
0 0.15703125 0.52265625 0.20625 0.35625
0 0.2328125 0.74140625 0.465625 0.5171875
0 0.44765625 0.2390625 0.07265625 0.1171875
0 0.48984375 0.27734375 0.08359375 0.13984375
0 0.55390625 0.340625 0.11484375 0.265625
0 0.646875 0.32890625 0.14765625 0.36484375
0 0.703125 0.42421875 0.1390625 0.3234375
0 0.7703125 0.5671875 0.26015625 0.51015625
0 0.21328125 0.3921875 0.16875 0.27421875
0 0.8578125 0.6765625 0.28359375 0.646875
0 0.96171875 0.18359375 0.075 0.11875