0 0.2609375 0.696875 0.05234375 0.24453125
0 0.22265625 0.70078125 0.06484375 0.253125
0 0.23671875 0.5890625 0.0296875 0.03984375
0 0.16640625 0.6953125 0.0640625 0.25
0 0.184375 0.67265625 0.0359375 0.2078125
0 0.1359375 0.65234375 0.04765625 0.1953125
0 0.08828125 0.6171875 0.07890625 0.08984375
0 0.0984375 0.6546875 0.03359375 0.21640625
0 0.07734375 0.5796875 0.02734375 0.0453125
0 0.05546875 0.61328125 0.03046875 0.09765625
0 0.0296875 0.6140625 0.034375 0.09765625
0 0.0421875 0.54296875 0.02890625 0.0546875
0 0.003125 0.61328125 0.00625 0.0859375
0 0.69140625 0.5296875 0.61484375 0.5578125
0 0.27734375 0.46328125 0.2125 0.10703125
0 0.31328125 0.62578125 0.05078125 0.15859375
0 0.01796875 0.4953125 0.03515625 0.0765625
0 0.078125 0.58984375 0.02734375 0.05078125
0 0.16953125 0.76328125 0.3390625 0.11328125