0 0.07265625 0.6609375 0.1453125 0.6765625
0 0.17734375 0.68203125 0.1328125 0.63515625
0 0.28203125 0.609375 0.15390625 0.7375
0 0.40703125 0.621875 0.15546875 0.67578125
0 0.53515625 0.61328125 0.1359375 0.63359375
0 0.62421875 0.59140625 0.12734375 0.60234375
0 0.71875 0.61640625 0.140625 0.6140625
0 0.76484375 0.5515625 0.0796875 0.628125
0 0.8453125 0.62265625 0.15 0.62734375
0 0.92265625 0.58125 0.15390625 0.63203125
0 0.20078125 0.2375 0.12734375 0.4625
0 0.3109375 0.23671875 0.1046875 0.38671875
0 0.40546875 0.21953125 0.10546875 0.359375
0 0.48984375 0.27578125 0.09609375 0.4140625
0 0.59453125 0.2234375 0.11484375 0.3265625