0 0.6890625 0.73203125 0.28046875 0.5328125
0 0.48984375 0.7171875 0.175 0.56328125
0 0.5703125 0.740625 0.1 0.51640625
0 0.7125 0.75859375 0.1109375 0.4796875
0 0.590625 0.7734375 0.090625 0.453125
0 0.78984375 0.73203125 0.121875 0.5234375
0 0.06875 0.78671875 0.1375 0.4234375
0 0.06328125 0.628125 0.12578125 0.371875
0 0.31015625 0.63046875 0.0828125 0.45859375
0 0.2140625 0.4421875 0.0546875 0.06171875
0 0.36796875 0.59296875 0.09296875 0.2625
0 0.425 0.69609375 0.1015625 0.6078125
0 0.4828125 0.57265625 0.0875 0.2640625
0 0.584375 0.615625 0.0703125 0.2671875
0 0.5796875 0.44453125 0.04375 0.06015625
0 0.6671875 0.46171875 0.03828125 0.03828125
0 0.728125 0.49921875 0.065625 0.13984375
0 0.76171875 0.4953125 0.03515625 0.0765625
0 0.859375 0.66796875 0.0875 0.36015625
0 0.91328125 0.5140625 0.04375 0.09609375
0 0.134375 0.52578125 0.115625 0.38515625
0 0.0421875 0.39609375 0.084375 0.1890625
0 0.103125 0.41640625 0.06328125 0.134375
0 0.19609375 0.40390625 0.0453125 0.09765625
0 0.2421875 0.44296875 0.040625 0.078125
0 0.25078125 0.34296875 0.0328125 0.1078125
0 0.33515625 0.36171875 0.04609375 0.125
0 0.40703125 0.36640625 0.01875 0.06953125
0 0.42578125 0.34921875 0.01953125 0.053125
0 0.6078125 0.40859375 0.0421875 0.1296875
0 0.371875 0.47890625 0.06171875 0.1515625
0 0.39453125 0.43515625 0.0453125 0.08515625
0 0.26171875 0.32265625 0.26953125 0.1546875
0 0.50078125 0.32890625 0.1953125 0.14140625
0 0.775 0.40859375 0.2859375 0.14140625
0 0.978125 0.5390625 0.04296875 0.09609375
0 0.246875 0.72265625 0.39140625 0.5546875
0 0.04765625 0.0671875 0.015625 0.04296875