0 0.03046875 0.7046875 0.0609375 0.175
0 0.01015625 0.6796875 0.0203125 0.16328125
0 0.078125 0.5734375 0.05 0.12578125
0 0.08984375 0.55234375 0.02421875 0.11328125
0 0.00625 0.453125 0.0125 0.09921875
0 0.02265625 0.434375 0.0265625 0.0953125
0 0.0453125 0.47421875 0.03359375 0.0984375
0 0.065625 0.47890625 0.02734375 0.10234375
0 0.0640625 0.4234375 0.02421875 0.0484375
0 0.0875 0.44765625 0.0265625 0.1046875
0 0.08671875 0.4015625 0.0203125 0.0375
0 0.09921875 0.41875 0.01953125 0.0859375
0 0.1421875 0.45390625 0.01640625 0.0921875
0 0.175 0.378125 0.015625 0.0890625
0 0.21015625 0.40859375 0.0234375 0.0953125
0 0.23515625 0.40703125 0.02265625 0.09453125
0 0.22734375 0.378125 0.01953125 0.0953125
0 0.2546875 0.38203125 0.02109375 0.0796875
0 0.26953125 0.3734375 0.01953125 0.0875
0 0.2984375 0.40859375 0.03671875 0.090625
0 0.30390625 0.37265625 0.0265625 0.0890625
0 0.325 0.38125 0.01953125 0.0828125
0 0.275 0.35859375 0.0203125 0.08046875
0 0.24375 0.2953125 0.0171875 0.059375
0 0.19453125 0.30078125 0.01875 0.04296875
0 0.203125 0.303125 0.01171875 0.0453125
0 0.21328125 0.2984375 0.01015625 0.06171875
0 0.27421875 0.25234375 0.0140625 0.03125
0 0.19765625 0.85703125 0.0421875 0.09921875
0 0.21875 0.88203125 0.03359375 0.0515625
0 0.31796875 0.82890625 0.06953125 0.1578125
0 0.31484375 0.81171875 0.06796875 0.18828125
0 0.2625 0.73671875 0.0421875 0.190625
0 0.28359375 0.7 0.03515625 0.1953125
0 0.309375 0.715625 0.02890625 0.1296875
0 0.3671875 0.73671875 0.0515625 0.1765625
0 0.4265625 0.621875 0.03828125 0.1453125
0 0.39453125 0.60546875 0.0375 0.1453125
0 0.4015625 0.51640625 0.03125 0.1234375
0 0.80546875 0.7890625 0.05703125 0.1671875
0 0.828125 0.77421875 0.02265625 0.178125
0 0.71328125 0.62109375 0.05546875 0.15234375
0 0.66796875 0.61640625 0.04375 0.13984375
0 0.56171875 0.515625 0.028125 0.11328125
0 0.528125 0.49453125 0.03984375 0.1078125
0 0.48125 0.43125 0.025 0.08984375
0 0.42734375 0.38828125 0.0234375 0.08046875
0 0.40859375 0.38359375 0.02578125 0.08984375
0 0.3875 0.3234375 0.025 0.06875
0 0.403125 0.321875 0.01875 0.0640625
0 0.4171875 0.2984375 0.01484375 0.0578125
0 0.44765625 0.36328125 0.02109375 0.0828125
0 0.46640625 0.36171875 0.0203125 0.07109375
0 0.47890625 0.36640625 0.02265625 0.075
0 0.4953125 0.365625 0.0203125 0.078125
0 0.5 0.40234375 0.02578125 0.0890625
0 0.5265625 0.40078125 0.02734375 0.0890625
0 0.49140625 0.328125 0.0125 0.034375
0 0.4859375 0.3171875 0.01796875 0.0515625
0 0.4953125 0.31796875 0.015625 0.04375
0 0.521875 0.3421875 0.0234375 0.0609375
0 0.5125 0.33359375 0.0203125 0.07109375
0 0.52265625 0.309375 0.01484375 0.03671875
0 0.51171875 0.3109375 0.01640625 0.05234375
0 0.515625 0.290625 0.01015625 0.028125
0 0.553125 0.34765625 0.0203125 0.0765625
0 0.56640625 0.35234375 0.02109375 0.07109375
0 0.5796875 0.3453125 0.01640625 0.07109375
0 0.59140625 0.3671875 0.02109375 0.075
0 0.5671875 0.446875 0.02421875 0.09453125
0 0.590625 0.446875 0.0375 0.11328125
0 0.6140625 0.37265625 0.01875 0.075
0 0.6375 0.39296875 0.01953125 0.0796875
0 0.65 0.39140625 0.025 0.090625
0 0.77578125 0.57109375 0.03984375 0.14609375
0 0.77109375 0.54609375 0.0328125 0.13984375
0 0.734375 0.4890625 0.025 0.1203125
0 0.7125 0.4984375 0.0390625 0.11171875
0 0.690625 0.4625 0.03515625 0.1171875
0 0.66953125 0.4609375 0.028125 0.10390625
0 0.675 0.3859375 0.0234375 0.07109375
0 0.68984375 0.39453125 0.025 0.0859375
0 0.6578125 0.33671875 0.0171875 0.07734375
0 0.6671875 0.34375 0.01484375 0.04296875
0 0.68515625 0.325 0.01953125 0.07109375
0 0.69296875 0.32578125 0.0171875 0.06796875
0 0.60078125 0.30703125 0.0171875 0.065625
0 0.796875 0.49765625 0.0265625 0.11640625
0 0.7859375 0.47421875 0.01953125 0.07421875
0 0.77265625 0.4453125 0.01796875 0.06875
0 0.77421875 0.43203125 0.021875 0.0796875
0 0.7171875 0.3546875 0.02109375 0.07109375
0 0.73515625 0.3859375 0.02109375 0.08125
0 0.7484375 0.38828125 0.01796875 0.0921875
0 0.7609375 0.39765625 0.0125 0.0875
0 0.76875 0.39453125 0.021875 0.084375
0 0.80234375 0.37890625 0.025 0.0875
0 0.83125 0.35703125 0.0109375 0.08125
0 0.97890625 0.66171875 0.04140625 0.1625
0 0.98203125 0.575 0.02734375 0.0859375
0 0.903125 0.50234375 0.025 0.11640625
0 0.95 0.50546875 0.0390625 0.11953125
0 0.9890625 0.5046875 0.021875 0.1015625
0 0.98984375 0.42734375 0.01953125 0.090625
0 0.97734375 0.40546875 0.021875 0.084375
0 0.990625 0.3734375 0.01875 0.040625
0 0.94921875 0.38046875 0.02890625 0.08046875
0 0.92890625 0.37421875 0.0265625 0.08125
0 0.66796875 0.34140625 0.01640625 0.04921875
0 0.99140625 0.29609375 0.0171875 0.0671875
0 0.1609375 0.40234375 0.30625 0.2625
0 0.6375 0.27265625 0.18828125 0.13046875
0 0.39375 0.3203125 0.01328125 0.06484375
0 0.846875 0.26953125 0.23359375 0.1859375
0 0.36484375 0.7953125 0.26796875 0.234375
0 0.878125 0.49296875 0.03359375 0.1984375