0 0.053125 0.88203125 0.0296875 0.1109375
0 0.115625 0.79921875 0.03203125 0.08203125
0 0.2015625 0.7953125 0.0234375 0.0890625
0 0.9234375 0.9046875 0.03671875 0.0796875
0 0.99453125 0.9078125 0.0109375 0.125
0 0.98984375 0.8390625 0.0203125 0.0734375
0 0.825 0.7609375 0.0203125 0.08203125
0 0.840625 0.74765625 0.025 0.078125
0 0.128125 0.85078125 0.0265625 0.07578125
0 0.14140625 0.8359375 0.0265625 0.084375
0 0.17265625 0.8296875 0.021875 0.09140625
0 0.14453125 0.7875 0.021875 0.05078125
0 0.1109375 0.7703125 0.021875 0.06875
0 0.159375 0.77890625 0.021875 0.08203125
0 0.17109375 0.771875 0.025 0.046875
0 0.1796875 0.746875 0.0234375 0.06640625
0 0.78203125 0.7390625 0.0234375 0.078125
0 0.7953125 0.728125 0.0203125 0.06875
0 0.9453125 0.6390625 0.01640625 0.046875
0 0.984375 0.65 0.01484375 0.05078125
0 0.92734375 0.6296875 0.01484375 0.0421875
0 0.22578125 0.728125 0.09140625 0.1578125
0 0.33984375 0.76640625 0.0265625 0.04453125
0 0.0625 0.6140625 0.125 0.11796875
0 0.19453125 0.58671875 0.14140625 0.084375
0 0.32890625 0.528125 0.13203125 0.08671875
0 0.43671875 0.49765625 0.08671875 0.053125
0 0.3875 0.615625 0.1015625 0.09296875
0 0.44609375 0.5453125 0.08515625 0.05078125
0 0.50390625 0.50078125 0.0515625 0.046875
0 0.96796875 0.6421875 0.0234375 0.04921875
0 0.76015625 0.67890625 0.11015625 0.1265625
0 0.66953125 0.59765625 0.075 0.09296875
0 0.6328125 0.5359375 0.03203125 0.0359375
0 0.88203125 0.60546875 0.08359375 0.09140625
0 0.80703125 0.55703125 0.06640625 0.046875
0 0.1578125 0.321875 0.0484375 0.10234375
0 0.04140625 0.28671875 0.0765625 0.12890625
0 0.74765625 0.50703125 0.0953125 0.053125
0 0.37109375 0.4609375 0.025 0.03359375
0 0.478125 0.415625 0.01640625 0.04921875
0 0.77265625 0.4453125 0.05859375 0.06875