0 0.01953125 0.51171875 0.0390625 0.21640625
0 0.05234375 0.6125 0.1046875 0.434375
0 0.08046875 0.4078125 0.04453125 0.11640625
0 0.10703125 0.584375 0.0984375 0.4109375
0 0.1140625 0.71171875 0.15390625 0.39453125
0 0.15390625 0.48671875 0.06640625 0.23203125
0 0.19921875 0.5671875 0.0796875 0.27578125
0 0.2 0.453125 0.07890625 0.1359375
0 0.20859375 0.4171875 0.05078125 0.10390625
0 0.26953125 0.434375 0.08671875 0.18828125
0 0.29296875 0.63046875 0.08984375 0.4109375
0 0.27265625 0.6765625 0.17265625 0.4609375
0 0.32421875 0.446875 0.07421875 0.20703125
0 0.3984375 0.459375 0.0421875 0.15546875
0 0.41796875 0.659375 0.1203125 0.428125
0 0.48515625 0.6140625 0.08046875 0.41640625
0 0.45546875 0.4234375 0.06484375 0.10546875
0 0.4625 0.38359375 0.04609375 0.06796875
0 0.50546875 0.43125 0.04296875 0.1171875
0 0.50625 0.36796875 0.02265625 0.028125
0 0.521875 0.55390625 0.06796875 0.34453125
0 0.5546875 0.61171875 0.0828125 0.42578125
0 0.590625 0.64765625 0.11953125 0.425
0 0.584375 0.42109375 0.025 0.0703125
0 0.60703125 0.45390625 0.059375 0.14453125
0 0.63203125 0.4125 0.04921875 0.11015625
0 0.653125 0.4125 0.02578125 0.07421875
0 0.678125 0.540625 0.08359375 0.3796875
0 0.71015625 0.62109375 0.11015625 0.43125
0 0.7625 0.521875 0.05078125 0.27421875
0 0.7875 0.55 0.0625 0.3296875
0 0.79453125 0.40078125 0.0453125 0.08046875
0 0.81875 0.56484375 0.1 0.41015625
0 0.84140625 0.63515625 0.10390625 0.409375
0 0.89140625 0.5671875 0.059375 0.33671875
0 0.9359375 0.64921875 0.1265625 0.4546875
0 0.971875 0.565625 0.05625 0.36015625
0 0.97421875 0.38125 0.025 0.034375
0 0.9890625 0.39921875 0.021875 0.1109375
0 0.65703125 0.5375 0.08515625 0.2875
0 0.74375 0.39765625 0.07578125 0.06796875
0 0.55703125 0.37578125 0.15546875 0.10390625
0 0.00546875 0.44296875 0.0109375 0.1078125
0 0.25625 0.34453125 0.0328125 0.0671875
0 0.309375 0.33984375 0.05 0.05859375