0 0.91796875 0.29921875 0.01953125 0.06328125
0 0.9453125 0.29921875 0.03984375 0.08984375
0 0.88828125 0.296875 0.025 0.06328125
0 0.86796875 0.26953125 0.015625 0.0265625
0 0.87578125 0.30078125 0.009375 0.06875
0 0.85390625 0.27265625 0.01484375 0.0375
0 0.7625 0.2890625 0.01875 0.04140625
0 0.7953125 0.296875 0.0140625 0.0390625
0 0.778125 0.29765625 0.028125 0.06640625
0 0.74140625 0.2984375 0.02265625 0.07109375
0 0.69375 0.32265625 0.01796875 0.075
0 0.6859375 0.3234375 0.03515625 0.10390625
0 0.528125 0.32265625 0.01328125 0.0671875
0 0.54296875 0.334375 0.03359375 0.12265625
0 0.515625 0.2984375 0.01171875 0.03984375
0 0.50390625 0.3171875 0.0234375 0.07890625
0 0.44375 0.30390625 0.01015625 0.028125
0 0.43203125 0.3140625 0.0109375 0.046875
0 0.41953125 0.3171875 0.01953125 0.06953125
0 0.0234375 0.28359375 0.046875 0.06640625
0 0.040625 0.5296875 0.08046875 0.46953125
0 0.08046875 0.440625 0.059375 0.30859375
0 0.215625 0.40078125 0.05703125 0.21953125
0 0.13125 0.49296875 0.08828125 0.440625
0 0.334375 0.42734375 0.08359375 0.2984375
0 0.48203125 0.528125 0.15234375 0.4984375
0 0.43984375 0.45703125 0.059375 0.35234375
0 0.57109375 0.4 0.0515625 0.2765625
0 0.63125 0.44921875 0.1375 0.47265625
0 0.72578125 0.4859375 0.09140625 0.3625
0 0.83984375 0.31328125 0.05703125 0.11640625
0 0.93125 0.2796875 0.0109375 0.0203125
0 0.9609375 0.2921875 0.0125 0.0265625
0 0.88125 0.28046875 0.0046875 0.01015625
0 0.8234375 0.2828125 0.0078125 0.025
0 0.78984375 0.27265625 0.0109375 0.02890625
0 0.8046875 0.28046875 0.01015625 0.01484375
0 0.72421875 0.296875 0.021875 0.04375
0 0.69375 0.28125 0.009375 0.0109375
0 0.5640625 0.2859375 0.028125 0.0171875
0 0.5515625 0.2953125 0.00234375 0.00078125
0 0.53515625 0.28828125 0.00625 0.00859375
0 0.50703125 0.28671875 0.0078125 0.00859375
0 0.44765625 0.2875 0.00390625 0.00703125
0 0.38125 0.32890625 0.05546875 0.07578125
0 0.29375 0.76875 0.5875 0.4609375
0 0.58515625 0.1453125 0.053125 0.046875