0 0.08359375 0.6640625 0.1671875 0.67109375
0 0.20234375 0.6921875 0.14609375 0.615625
0 0.23203125 0.553125 0.0921875 0.234375
0 0.23203125 0.45390625 0.0953125 0.1046875
0 0.24921875 0.63125 0.0734375 0.63125
0 0.3125 0.6328125 0.20546875 0.590625
0 0.41484375 0.63203125 0.11171875 0.56328125
0 0.5203125 0.496875 0.1078125 0.41953125
0 0.4953125 0.61484375 0.125 0.625
0 0.546875 0.66328125 0.13515625 0.66796875
0 0.63984375 0.7328125 0.13046875 0.534375
0 0.64765625 0.415625 0.1 0.34296875
0 0.7234375 0.56171875 0.14765625 0.44296875
0 0.79140625 0.63359375 0.22109375 0.73203125
0 0.921875 0.65625 0.1546875 0.68515625