0 0.02421875 0.759375 0.0484375 0.30390625
0 0.071875 0.8296875 0.10078125 0.3375
0 0.2015625 0.80546875 0.08125 0.3375
0 0.2671875 0.79453125 0.0734375 0.35703125
0 0.3140625 0.7890625 0.06953125 0.3546875
0 0.365625 0.784375 0.08203125 0.37421875
0 0.4625 0.78515625 0.1 0.4265625
0 0.42421875 0.78671875 0.05390625 0.38125
0 0.56875 0.76875 0.10078125 0.4
0 0.52578125 0.7515625 0.0578125 0.34765625
0 0.71796875 0.74921875 0.10546875 0.44765625
0 0.94765625 0.7203125 0.08671875 0.35859375
0 0.98515625 0.68046875 0.0296875 0.3515625
0 0.8078125 0.7234375 0.0859375 0.34765625
0 0.8734375 0.7328125 0.0609375 0.33359375
0 0.86796875 0.72890625 0.0859375 0.321875
0 0.721875 0.74765625 0.109375 0.45078125
0 0.6265625 0.72421875 0.06640625 0.3515625
0 0.1484375 0.759375 0.0859375 0.36875
0 0.09453125 0.75078125 0.05078125 0.3125
0 0.03828125 0.6390625 0.0390625 0.071875
0 0.2875 0.61015625 0.059375 0.11015625
0 0.2421875 0.63203125 0.04296875 0.12890625
0 0.5 0.59140625 0.0453125 0.11171875
0 0.46875 0.69453125 0.06875 0.278125
0 0.57578125 0.59453125 0.065625 0.115625
0 0.94375 0.6140625 0.053125 0.10703125
0 0.865625 0.73125 0.08515625 0.32734375
0 0.6625 0.5890625 0.03984375 0.09609375
0 0.64921875 0.7109375 0.065625 0.37109375
0 0.575 0.59296875 0.06640625 0.11015625
0 0.45 0.56796875 0.0296875 0.04765625
0 0.40390625 0.7375 0.04609375 0.32734375
0 0.35078125 0.6328125 0.0328125 0.1015625
0 0.33515625 0.63046875 0.03125 0.103125
0 0.30078125 0.5859375 0.01953125 0.03984375
0 0.2171875 0.65859375 0.04765625 0.10859375
0 0.1203125 0.73828125 0.03125 0.30625
0 0.534375 0.5859375 0.0390625 0.0453125
0 0.4546875 0.5734375 0.11875 0.0875
0 0.16015625 0.6234375 0.0640625 0.0578125
0 0.09296875 0.61640625 0.0359375 0.05234375
0 0.728125 0.5828125 0.078125 0.08046875