0 0.74296875 0.51875 0.34140625 0.959375
0 0.9546875 0.503125 0.090625 0.54609375
0 0.95859375 0.25546875 0.06875 0.20703125
0 0.86171875 0.271875 0.11875 0.4515625
0 0.91015625 0.359375 0.071875 0.62578125
0 0.9640625 0.14453125 0.071875 0.2109375
0 0.61640625 0.475 0.12890625 0.8609375
0 0.5234375 0.53828125 0.16328125 0.9203125
0 0.47578125 0.22109375 0.07421875 0.28359375
0 0.41953125 0.31875 0.09453125 0.58125
0 0.3078125 0.50703125 0.23203125 0.98515625
0 0.21171875 0.496875 0.07578125 0.771875
0 0.16171875 0.1265625 0.05625 0.2015625
0 0.11328125 0.53046875 0.20546875 0.93515625
0 0.2390625 0.12109375 0.04453125 0.13515625
0 0.81015625 0.1546875 0.06953125 0.28671875
0 0.69375 0.23203125 0.05859375 0.20546875
0 0.6671875 0.1546875 0.071875 0.190625
0 0.64296875 0.10859375 0.0625 0.15
0 0.06796875 0.09296875 0.13515625 0.18515625
0 0.51796875 0.05703125 0.5203125 0.1140625
0 0.828125 0.1015625 0.04609375 0.1484375
0 0.45390625 0.13984375 0.04140625 0.05390625
0 0.56484375 0.14609375 0.021875 0.06640625