0 0.94453125 0.5984375 0.1109375 0.640625
0 0.85 0.62265625 0.11015625 0.59609375
0 0.67265625 0.5640625 0.31171875 0.70234375
0 0.5890625 0.61171875 0.19375 0.6
0 0.45 0.63515625 0.14375 0.61484375
0 0.45 0.54765625 0.12578125 0.50625
0 0.48984375 0.51875 0.0953125 0.4421875
0 0.35 0.5953125 0.1265625 0.56015625
0 0.31640625 0.3828125 0.04296875 0.08671875
0 0.12734375 0.6375 0.1953125 0.56796875
0 0.25625 0.6171875 0.1515625 0.60859375
0 0.18671875 0.3625 0.05390625 0.078125
0 0.109375 0.5578125 0.1875 0.72109375
0 0.01328125 0.59921875 0.02578125 0.57734375
0 0.596875 0.37578125 0.03203125 0.0421875
0 0.59140625 0.725 0.03515625 0.04453125
0 0.0578125 0.284375 0.03828125 0.08515625
0 0.20703125 0.32421875 0.03515625 0.0359375
0 0.0140625 0.85078125 0.028125 0.04375