0 0.284375 0.36171875 0.09296875 0.22265625
0 0.3265625 0.34453125 0.03046875 0.11953125
0 0.35703125 0.384375 0.07578125 0.24921875
0 0.40078125 0.41328125 0.140625 0.32265625
0 0.44140625 0.33515625 0.04140625 0.0921875
0 0.484375 0.4609375 0.14296875 0.41171875
0 0.5890625 0.509375 0.196875 0.5640625
0 0.71796875 0.496875 0.115625 0.51171875
0 0.91171875 0.528125 0.175 0.7046875
0 0.109375 0.38671875 0.21796875 0.203125
0 0.39609375 0.3875 0.02421875 0.0625
0 0.559375 0.36875 0.0203125 0.059375