0 0.07421875 0.7078125 0.125 0.58359375
0 0.18046875 0.7171875 0.12890625 0.565625
0 0.284375 0.71484375 0.1296875 0.5703125
0 0.38828125 0.7015625 0.11640625 0.59609375
0 0.49453125 0.73359375 0.11015625 0.53203125
0 0.5984375 0.71953125 0.1078125 0.55390625
0 0.69609375 0.73046875 0.10703125 0.5375
0 0.78046875 0.71328125 0.11171875 0.56484375
0 0.865625 0.7203125 0.10859375 0.5578125
0 0.94765625 0.70390625 0.1046875 0.59140625
0 0.046875 0.425 0.0703125 0.2546875
0 0.1359375 0.415625 0.07734375 0.24921875
0 0.24140625 0.409375 0.0734375 0.2640625
0 0.32109375 0.425 0.075 0.23984375
0 0.37578125 0.45 0.05 0.1171875
0 0.440625 0.61171875 0.06328125 0.47109375
0 0.51484375 0.490625 0.0890625 0.24140625
0 0.59765625 0.45 0.0796875 0.19609375
0 0.67890625 0.6 0.08046875 0.4828125
0 0.73828125 0.45703125 0.06171875 0.20078125
0 0.846875 0.4125 0.065625 0.0984375
0 0.89296875 0.446875 0.0890625 0.19609375
0 0.02109375 0.340625 0.0421875 0.15
0 0.12734375 0.3578125 0.09765625 0.1375
0 0.1875 0.35859375 0.059375 0.13359375
0 0.25546875 0.35234375 0.028125 0.14140625
0 0.46875 0.45390625 0.0328125 0.2125
0 0.48046875 0.39375 0.03046875 0.13984375
0 0.55078125 0.43359375 0.03984375 0.24375
0 0.63359375 0.43828125 0.0390625 0.22890625
0 0.69921875 0.3859375 0.0546875 0.11953125
0 0.78515625 0.3765625 0.06484375 0.1453125
0 0.67265625 0.37109375 0.65390625 0.140625
0 0.9828125 0.47734375 0.034375 0.0734375
0 0.0140625 0.734375 0.028125 0.0546875
0 0.00859375 0.53046875 0.0171875 0.05078125