0 0.1234375 0.63515625 0.246875 0.72734375
0 0.15703125 0.38359375 0.13359375 0.2953125
0 0.2921875 0.6140625 0.1359375 0.59453125
0 0.3421875 0.56875 0.0984375 0.50859375
0 0.48125 0.6125 0.11796875 0.4609375
0 0.42578125 0.5625 0.10859375 0.5
0 0.53828125 0.578125 0.07109375 0.4140625
0 0.6015625 0.61171875 0.14375 0.496875
0 0.71875 0.6171875 0.121875 0.5671875
0 0.80390625 0.5953125 0.14375 0.6296875
0 0.89453125 0.590625 0.15078125 0.571875
0 0.30078125 0.35625 0.0546875 0.14921875
0 0.96640625 0.65703125 0.0671875 0.5046875
0 0.209375 0.325 0.06015625 0.09765625
0 0.7140625 0.809375 0.09765625 0.14921875
0 0.6765625 0.71953125 0.06484375 0.13828125
0 0.21953125 0.38359375 0.0640625 0.10546875
0 0.01328125 0.37421875 0.0265625 0.0984375
0 0.56484375 0.3 0.08125 0.0984375
0 0.52265625 0.40546875 0.0234375 0.040625
0 0.85859375 0.56640625 0.0953125 0.50703125
0 0.97578125 0.42109375 0.0484375 0.21640625