0 0.6359375 0.6875 0.05859375 0.26328125
0 0.52421875 0.68359375 0.07109375 0.19453125
0 0.38671875 0.69453125 0.08203125 0.2125
0 0.32578125 0.6828125 0.08203125 0.24375
0 0.55390625 0.61796875 0.0296875 0.09140625
0 0.60625 0.62109375 0.0171875 0.0796875
0 0.67109375 0.62890625 0.03203125 0.12265625
0 0.7171875 0.5984375 0.03046875 0.04609375
0 0.82109375 0.58359375 0.01640625 0.05546875
0 0.9703125 0.57265625 0.01015625 0.0328125
0 0.97578125 0.57578125 0.00703125 0.02109375
0 0.56484375 0.59765625 0.00859375 0.025
0 0.4421875 0.60625 0.0125 0.0234375
0 0.44765625 0.609375 0.025 0.0296875
0 0.4265625 0.63671875 0.02265625 0.0421875
0 0.45546875 0.646875 0.0421875 0.021875
0 0.11875 0.67421875 0.0375 0.01875
0 0.146875 0.6578125 0.04765625 0.04921875
0 0.14140625 0.646875 0.01640625 0.0234375
0 0.1578125 0.65625 0.0375 0.03671875
0 0.190625 0.65703125 0.02421875 0.0453125
0 0.21015625 0.65625 0.0234375 0.040625
0 0.23828125 0.64609375 0.03828125 0.04375
0 0.26171875 0.6375 0.0203125 0.0359375
0 0.25 0.6359375 0.01875 0.04296875
0 0.28828125 0.634375 0.015625 0.0359375
0 0.1828125 0.61640625 0.025 0.03359375
0 0.74609375 0.578125 0.0171875 0.05390625
0 0.3703125 0.65 0.11875 0.05546875
0 0.20234375 0.634375 0.15703125 0.06328125