0 0.25703125 0.8734375 0.02890625 0.053125
0 0.28046875 0.95 0.04609375 0.1
0 0.3109375 0.9765625 0.04375 0.04296875
0 0.32265625 0.91953125 0.0421875 0.125
0 0.353125 0.88828125 0.0390625 0.10703125
0 0.39375 0.93515625 0.0453125 0.1265625
0 0.4625 0.975 0.05234375 0.046875
0 0.5015625 0.97890625 0.02734375 0.04140625
0 0.5484375 0.9609375 0.05859375 0.075
0 0.5671875 0.9359375 0.02734375 0.09140625
0 0.4640625 0.928125 0.04765625 0.1203125
0 0.53203125 0.90546875 0.0515625 0.1546875
0 0.5640625 0.846875 0.03515625 0.0796875
0 0.4578125 0.88828125 0.03984375 0.1
0 0.428125 0.91953125 0.03359375 0.1484375
0 0.41953125 0.84140625 0.04375 0.096875
0 0.46171875 0.81796875 0.04140625 0.10703125
0 0.5171875 0.84453125 0.03984375 0.11484375
0 0.49140625 0.79609375 0.0296875 0.125
0 0.5046875 0.73828125 0.02734375 0.06640625
0 0.53984375 0.7859375 0.0328125 0.078125
0 0.4265625 0.84453125 0.03984375 0.08203125
0 0.80234375 0.9515625 0.0296875 0.096875
0 0.85859375 0.9578125 0.0328125 0.084375
0 0.93203125 0.91328125 0.0484375 0.096875
0 0.81484375 0.56640625 0.03515625 0.09296875
0 0.7234375 0.5015625 0.02734375 0.08671875
0 0.1578125 0.92890625 0.3046875 0.14140625
0 0.4609375 0.8421875 0.2609375 0.1546875
0 0.78515625 0.5984375 0.1828125 0.2796875
0 0.903125 0.92578125 0.03125 0.06796875