0 0.96015625 0.26796875 0.053125 0.11796875
0 0.92578125 0.253125 0.04140625 0.0625
0 0.8609375 0.72109375 0.1484375 0.42890625
0 0.834375 0.34140625 0.178125 0.19296875
0 0.72890625 0.3109375 0.121875 0.221875
0 0.7 0.35078125 0.11015625 0.1375
0 0.70078125 0.72578125 0.18203125 0.45546875
0 0.60390625 0.21796875 0.171875 0.315625
0 0.609375 0.34296875 0.0984375 0.14921875
0 0.5640625 0.71640625 0.13515625 0.40234375
0 0.52265625 0.44140625 0.1046875 0.42421875
0 0.446875 0.265625 0.13984375 0.25546875
0 0.4265625 0.43671875 0.09296875 0.321875
0 0.4234375 0.73125 0.15703125 0.4796875
0 0.3390625 0.4125 0.1015625 0.34921875
0 0.28515625 0.7140625 0.18984375 0.5625
0 0.24609375 0.403125 0.0984375 0.28671875
0 0.15390625 0.70390625 0.2109375 0.5921875
0 0.14765625 0.4125 0.14140625 0.2640625
0 0.0953125 0.284375 0.08359375 0.15078125
0 0.01484375 0.29765625 0.0296875 0.10703125