0 0.1140625 0.64140625 0.10859375 0.34765625
0 0.2078125 0.6984375 0.15546875 0.44453125
0 0.2890625 0.55390625 0.08984375 0.19765625
0 0.3875 0.74140625 0.2203125 0.5125
0 0.44453125 0.546875 0.0796875 0.15
0 0.56328125 0.5640625 0.11875 0.1546875
0 0.68984375 0.6296875 0.12890625 0.28515625
0 0.83671875 0.55234375 0.10703125 0.18671875
0 0.91796875 0.57734375 0.07578125 0.21484375
0 0.95625 0.54921875 0.053125 0.14609375
0 0.7171875 0.48046875 0.05390625 0.15
0 0.65 0.54921875 0.0484375 0.1375
0 0.7421875 0.50390625 0.1640625 0.0984375
0 0.98671875 0.71640625 0.02421875 0.5625