0 0.559375 0.68359375 0.23515625 0.63125
0 0.39140625 0.44609375 0.06171875 0.17421875
0 0.5046875 0.39609375 0.053125 0.13515625
0 0.48359375 0.378125 0.02734375 0.06484375
0 0.52890625 0.38046875 0.025 0.07734375
0 0.36171875 0.36171875 0.01796875 0.02890625
0 0.37265625 0.36171875 0.01484375 0.02578125
0 0.25703125 0.3953125 0.028125 0.08046875
0 0.27109375 0.38515625 0.021875 0.07265625
0 0.2609375 0.3890625 0.04453125 0.06796875
0 0.73671875 0.5265625 0.07265625 0.121875
0 0.49609375 0.35234375 0.0125 0.034375
0 0.55390625 0.36953125 0.01484375 0.01015625