0 0.9265625 0.53984375 0.1203125 0.57421875
0 0.8390625 0.52265625 0.0984375 0.5328125
0 0.8140625 0.609375 0.13125 0.55234375
0 0.709375 0.54140625 0.11640625 0.553125
0 0.74375 0.4859375 0.07578125 0.55625
0 0.63671875 0.49375 0.06875 0.3953125
0 0.603125 0.540625 0.096875 0.4796875
0 0.5109375 0.5328125 0.1421875 0.559375
0 0.54765625 0.48046875 0.06015625 0.48125
0 0.46796875 0.515625 0.04453125 0.4078125
0 0.421875 0.5234375 0.07890625 0.45078125
0 0.3875 0.54921875 0.1453125 0.54296875
0 0.34140625 0.5 0.0671875 0.46171875
0 0.28203125 0.5390625 0.06875 0.465625
0 0.28203125 0.525 0.0671875 0.42578125
0 0.221875 0.55078125 0.1359375 0.55
0 0.16015625 0.5078125 0.07109375 0.4140625
0 0.0828125 0.53828125 0.11640625 0.43984375
0 0.7203125 0.29921875 0.02421875 0.0640625
0 0.49921875 0.878125 0.9984375 0.240625
0 0.1234375 0.73515625 0.06171875 0.03984375
0 0.40625 0.73671875 0.20703125 0.04296875
0 0.675 0.71875 0.1796875 0.065625