0 0.0703125 0.85859375 0.140625 0.2796875
0 0.17578125 0.8640625 0.16796875 0.26953125
0 0.35078125 0.8015625 0.08671875 0.134375
0 0.5234375 0.903125 0.146875 0.19375
0 0.85859375 0.86953125 0.18359375 0.2578125
0 0.64375 0.8546875 0.12109375 0.290625
0 0.46171875 0.77265625 0.1078125 0.196875
0 0.56484375 0.790625 0.07109375 0.36953125
0 0.5171875 0.759375 0.046875 0.125
0 0.74921875 0.76796875 0.1078125 0.19296875
0 0.6890625 0.6890625 0.10859375 0.1734375
0 0.8109375 0.77265625 0.0828125 0.24375
0 0.8734375 0.69921875 0.07890625 0.19296875
0 0.9421875 0.7953125 0.10625 0.26953125
0 0.1125 0.71171875 0.05546875 0.0921875
0 0.1421875 0.75234375 0.07734375 0.125
0 0.2296875 0.7453125 0.06171875 0.14453125
0 0.26875 0.8109375 0.05859375 0.22109375
0 0.30546875 0.8140625 0.0796875 0.19375
0 0.021875 0.70390625 0.04375 0.05625
0 0.13359375 0.69375 0.028125 0.0546875
0 0.14765625 0.6609375 0.02265625 0.0375
0 0.18671875 0.703125 0.03203125 0.0859375
0 0.27421875 0.69296875 0.03046875 0.03125
0 0.3859375 0.7203125 0.04296875 0.0875
0 0.4171875 0.70234375 0.02734375 0.0484375
0 0.44375 0.69296875 0.03125 0.06484375
0 0.54140625 0.67421875 0.0265625 0.06484375
0 0.553125 0.66171875 0.0140625 0.02890625
0 0.5640625 0.6734375 0.02421875 0.046875
0 0.69375 0.6859375 0.02734375 0.07421875
0 0.38671875 0.68125 0.03125 0.05234375
0 0.12421875 0.75859375 0.03984375 0.0484375
0 0.59453125 0.76796875 0.040625 0.16171875
0 0.24375 0.7109375 0.03046875 0.06796875
0 0.61484375 0.7484375 0.0515625 0.2171875
0 0.3359375 0.90234375 0.12890625 0.1953125
0 0.7328125 0.8921875 0.1484375 0.21328125
0 0.95 0.8578125 0.1 0.28359375
0 0.953125 0.65703125 0.09375 0.0421875
0 0.00703125 0.68671875 0.0140625 0.0484375
0 0.06171875 0.68203125 0.06640625 0.04921875
0 0.115625 0.6609375 0.0421875 0.01953125
0 0.2203125 0.6625 0.109375 0.0640625
0 0.4515625 0.6578125 0.1703125 0.07578125
0 0.5859375 0.6390625 0.1078125 0.02734375
0 0.66484375 0.6578125 0.02421875 0.03671875
0 0.596875 0.6734375 0.009375 0.03671875
0 0.09296875 0.81484375 0.06875 0.17734375
0 0.496875 0.73515625 0.025 0.08203125