0 0.021875 0.6765625 0.03671875 0.2609375
0 0.0609375 0.70859375 0.0703125 0.31015625
0 0.02265625 0.70546875 0.03671875 0.2875
0 0.1 0.70546875 0.0640625 0.29375
0 0.13515625 0.684375 0.05234375 0.25703125
0 0.1359375 0.68203125 0.05 0.25078125
0 0.20390625 0.69921875 0.14921875 0.3453125
0 0.30859375 0.70390625 0.08359375 0.3171875
0 0.3890625 0.709375 0.07734375 0.32265625
0 0.33125 0.68984375 0.05078125 0.27578125
0 0.35078125 0.58203125 0.0296875 0.07890625
0 0.38359375 0.67421875 0.06015625 0.278125
0 0.428125 0.70390625 0.0453125 0.284375
0 0.42890625 0.6953125 0.046875 0.2703125
0 0.4640625 0.6875 0.05078125 0.24765625
0 0.540625 0.69453125 0.08984375 0.32421875
0 0.0046875 0.6734375 0.009375 0.21171875
0 0.08515625 0.55 0.03671875 0.0234375
0 0.07421875 0.58671875 0.01875 0.04921875
0 0.07578125 0.6640625 0.00859375 0.01171875
0 0.09296875 0.80078125 0.01015625 0.0578125
0 0.07265625 0.7953125 0.009375 0.08515625
0 0.2984375 0.053125 0.31328125 0.10546875
0 0.740625 0.3421875 0.1140625 0.0734375