0 0.015625 0.65 0.03125 0.225
0 0.13671875 0.4640625 0.034375 0.1609375
0 0.20625 0.371875 0.03359375 0.14296875
0 0.23828125 0.540625 0.0359375 0.1765625
0 0.30078125 0.55390625 0.0546875 0.2
0 0.31796875 0.3890625 0.0328125 0.13359375
0 0.43125 0.4421875 0.04921875 0.159375
0 0.47109375 0.4328125 0.0421875 0.15390625
0 0.525 0.4421875 0.0359375 0.15390625
0 0.3734375 0.6484375 0.1046875 0.171875
0 0.5234375 0.63671875 0.08515625 0.1984375
0 0.63046875 0.60234375 0.065625 0.1734375
0 0.60546875 0.4546875 0.0265625 0.17109375
0 0.590625 0.3859375 0.03828125 0.121875
0 0.66875 0.3140625 0.01796875 0.121875
0 0.784375 0.340625 0.025 0.175
0 0.0234375 0.4046875 0.046875 0.109375
0 0.021875 0.37578125 0.025 0.059375
0 0.05234375 0.3796875 0.0203125 0.065625
0 0.04921875 0.33515625 0.0203125 0.0515625
0 0.059375 0.3265625 0.015625 0.046875
0 0.06875 0.36484375 0.03046875 0.090625
0 0.08359375 0.321875 0.0234375 0.046875
0 0.0765625 0.2796875 0.0140625 0.08203125
0 0.0875 0.28359375 0.01640625 0.075
0 0.0984375 0.2765625 0.0203125 0.1
0 0.11796875 0.2765625 0.0234375 0.1
0 0.13671875 0.26640625 0.015625 0.103125
0 0.15078125 0.20703125 0.0171875 0.04453125
0 0.178125 0.2046875 0.01796875 0.04296875
0 0.19375 0.203125 0.0171875 0.04453125
0 0.3875 0.175 0.015625 0.04453125
0 0.3828125 0.2515625 0.02421875 0.09140625
0 0.4328125 0.27578125 0.02734375 0.15390625
0 0.475 0.259375 0.01484375 0.09296875
0 0.546875 0.16484375 0.0171875 0.05703125
0 0.56328125 0.1609375 0.01875 0.0609375
0 0.6265625 0.2 0.01953125 0.04453125
0 0.64375 0.1578125 0.02265625 0.065625
0 0.665625 0.1625 0.02109375 0.06640625
0 0.6453125 0.2125 0.0140625 0.06953125
0 0.6578125 0.20703125 0.01328125 0.05859375
0 0.7015625 0.16328125 0.015625 0.065625
0 0.7171875 0.16484375 0.01328125 0.0484375
0 0.73125 0.15 0.01484375 0.0359375
0 0.73125 0.16328125 0.01171875 0.0234375
0 0.71953125 0.203125 0.0140625 0.0390625
0 0.728125 0.20234375 0.01171875 0.03203125
0 0.734375 0.246875 0.01953125 0.06796875
0 0.73984375 0.2078125 0.0109375 0.0484375
0 0.7453125 0.1671875 0.01484375 0.059375
0 0.753125 0.21796875 0.01328125 0.06640625
0 0.75625 0.16796875 0.01328125 0.05546875
0 0.76953125 0.16640625 0.015625 0.0609375
0 0.7875 0.16640625 0.01953125 0.0609375
0 0.8046875 0.16171875 0.01484375 0.0515625
0 0.9203125 0.31484375 0.02734375 0.059375
0 0.93125 0.32265625 0.0265625 0.0765625
0 0.9625 0.32734375 0.02578125 0.090625
0 0.97265625 0.334375 0.028125 0.08359375
0 0.99375 0.34765625 0.0125 0.0515625