0 0.09296875 0.54375 0.0796875 0.2875
0 0.16953125 0.53984375 0.0984375 0.32890625
0 0.19921875 0.56015625 0.1109375 0.43359375
0 0.2953125 0.54921875 0.125 0.48515625
0 0.3265625 0.60625 0.13125 0.47109375
0 0.40703125 0.60703125 0.1265625 0.44375
0 0.50078125 0.58671875 0.1203125 0.48984375
0 0.5703125 0.59453125 0.06875 0.43515625
0 0.59296875 0.61328125 0.1703125 0.44375
0 0.65390625 0.41796875 0.0390625 0.07734375
0 0.68203125 0.54140625 0.0734375 0.39609375
0 0.70546875 0.63671875 0.1328125 0.53984375
0 0.81953125 0.66953125 0.1765625 0.65625
0 0.76875 0.84765625 0.0375 0.02890625
0 0.0140625 0.52421875 0.028125 0.32265625
0 0.98671875 0.41796875 0.0234375 0.05625