0 0.9203125 0.60546875 0.159375 0.7890625
0 0.80859375 0.59765625 0.17265625 0.8046875
0 0.80859375 0.609375 0.11953125 0.778125
0 0.80390625 0.6296875 0.18515625 0.73828125
0 0.675 0.6140625 0.125 0.68828125
0 0.6265625 0.64765625 0.08203125 0.60234375
0 0.62109375 0.625 0.0796875 0.54765625
0 0.59296875 0.6375 0.07578125 0.49765625
0 0.578125 0.44921875 0.04296875 0.196875
0 0.55546875 0.66640625 0.046875 0.39609375
0 0.52734375 0.65 0.06171875 0.41328125
0 0.5015625 0.6609375 0.046875 0.37578125
0 0.509375 0.47109375 0.03359375 0.04375
0 0.48046875 0.65546875 0.04921875 0.34296875
0 0.46640625 0.665625 0.05703125 0.31015625
0 0.44453125 0.65078125 0.04921875 0.33046875
0 0.4296875 0.646875 0.04140625 0.31015625
0 0.4140625 0.65703125 0.040625 0.28984375
0 0.40859375 0.646875 0.0375 0.29765625
0 0.4 0.65546875 0.02734375 0.28359375
0 0.44765625 0.48828125 0.028125 0.021875
0 0.35 0.66015625 0.09765625 0.26171875
0 0.253125 0.615625 0.090625 0.1609375