0 0.07109375 0.57265625 0.14140625 0.85
0 0.2015625 0.58984375 0.15078125 0.6453125
0 0.20234375 0.421875 0.1625 0.6
0 0.3375 0.30078125 0.12890625 0.2890625
0 0.334375 0.53984375 0.18046875 0.528125
0 0.490625 0.53984375 0.18046875 0.5328125
0 0.425 0.34765625 0.103125 0.321875
0 0.5828125 0.38359375 0.09765625 0.2890625
0 0.63125 0.53828125 0.19453125 0.55859375
0 0.81015625 0.61875 0.2046875 0.69375
0 0.73046875 0.36171875 0.096875 0.31484375
0 0.9171875 0.465625 0.165625 0.503125
0 0.01015625 0.51640625 0.0203125 0.24140625