0 0.01171875 0.9265625 0.0234375 0.14296875
0 0.1734375 0.8734375 0.0125 0.01796875
0 0.18359375 0.8859375 0.01328125 0.05078125
0 0.20234375 0.8984375 0.01640625 0.0578125
0 0.21640625 0.8953125 0.01796875 0.046875
0 0.22734375 0.89140625 0.01484375 0.04375
0 0.4640625 0.90859375 0.01484375 0.034375
0 0.4765625 0.92109375 0.01796875 0.07421875
0 0.50390625 0.91875 0.0296875 0.090625
0 0.51328125 0.91484375 0.021875 0.09453125
0 0.53359375 0.9125 0.02578125 0.04921875
0 0.5859375 0.92109375 0.03828125 0.103125
0 0.6046875 0.928125 0.021875 0.078125
0 0.62265625 0.928125 0.0296875 0.08125
0 0.6421875 0.9296875 0.0234375 0.0796875
0 0.67578125 0.9109375 0.02578125 0.06171875
0 0.68984375 0.9390625 0.02421875 0.078125
0 0.7109375 0.92421875 0.0234375 0.0796875
0 0.76953125 0.92421875 0.0203125 0.090625
0 0.78515625 0.9375 0.02734375 0.10703125
0 0.79921875 0.90859375 0.01640625 0.05625
0 0.8125 0.9078125 0.021875 0.06171875
0 0.903125 0.92578125 0.02578125 0.09453125
0 0.9140625 0.928125 0.021875 0.103125
0 0.934375 0.93203125 0.02890625 0.1
0 0.98125 0.909375 0.0375 0.06875
0 0.9921875 0.89375 0.01484375 0.05234375
0 0.4890625 0.9203125 0.01875 0.07265625
0 0.69921875 0.9328125 0.0203125 0.08671875
0 0.1234375 0.87890625 0.0625 0.0359375
0 0.23515625 0.87734375 0.01328125 0.0203125
0 0.40703125 0.8921875 0.2078125 0.03046875
0 0.6171875 0.89921875 0.0125 0.0203125
0 0.70078125 0.88828125 0.01484375 0.01640625
0 0.79921875 0.928125 0.10859375 0.11015625
0 0.97734375 0.884375 0.03125 0.03984375
0 0.059375 0.8921875 0.0234375 0.0234375
0 0.16953125 0.88828125 0.01328125 0.0125
0 0.54375 0.92734375 0.01875 0.01796875