0 0.084375 0.5578125 0.03984375 0.12734375
0 0.09609375 0.553125 0.08359375 0.225
0 0.1421875 0.54609375 0.0390625 0.146875
0 0.1625 0.54140625 0.01640625 0.08203125
0 0.1953125 0.534375 0.05703125 0.246875
0 0.24453125 0.53515625 0.0828125 0.359375
0 0.2828125 0.55 0.06640625 0.2421875
0 0.290625 0.44921875 0.02265625 0.05390625
0 0.3375 0.5390625 0.084375 0.3484375
0 0.42265625 0.65390625 0.20546875 0.41875
0 0.43046875 0.4234375 0.0796875 0.1671875
0 0.4703125 0.4171875 0.03203125 0.0953125
0 0.496875 0.5375 0.06484375 0.2375
0 0.53359375 0.53671875 0.06640625 0.26640625
0 0.58046875 0.534375 0.0234375 0.12109375
0 0.60390625 0.54375 0.05546875 0.2484375
0 0.64375 0.54453125 0.0234375 0.115625
0 0.653125 0.53828125 0.046875 0.14296875
0 0.6734375 0.53203125 0.03203125 0.140625
0 0.69140625 0.5390625 0.0265625 0.13671875
0 0.70859375 0.53046875 0.03125 0.1484375
0 0.7234375 0.5375 0.0203125 0.09765625
0 0.7390625 0.53125 0.01953125 0.09140625
0 0.7484375 0.53125 0.01484375 0.090625
0 0.7640625 0.5265625 0.01796875 0.0921875
0 0.7765625 0.534375 0.0234375 0.109375
0 0.8 0.5328125 0.02890625 0.12109375
0 0.81953125 0.53359375 0.0203125 0.11484375
0 0.84375 0.528125 0.04375 0.12734375
0 0.8671875 0.49921875 0.0109375 0.03359375
0 0.87734375 0.52890625 0.025 0.11171875
0 0.88984375 0.49765625 0.01640625 0.0359375
0 0.6859375 0.77421875 0.31953125 0.2015625
0 0.85234375 0.4796875 0.01328125 0.01171875
0 0.809375 0.48515625 0.009375 0.015625
0 0.7859375 0.484375 0.01171875 0.0171875
0 0.73046875 0.53125 0.0109375 0.0890625
0 0.63203125 0.525 0.0109375 0.07578125
0 0.3828125 0.4640625 0.02109375 0.04765625
0 0.15703125 0.48984375 0.02578125 0.01015625
0 0.21953125 0.55546875 0.01953125 0.11015625
0 0.29765625 0.44765625 0.009375 0.01484375
0 0.5734375 0.5375 0.03203125 0.11171875
0 0.66484375 0.49140625 0.00859375 0.00546875
0 0.6765625 0.5796875 0.00625 0.0171875
0 0.76796875 0.57890625 0.0078125 0.01328125
0 0.82578125 0.4859375 0.0078125 0.0171875
0 0.85078125 0.55390625 0.01171875 0.05859375