0 0.3734375 0.72734375 0.08203125 0.54140625
0 0.16328125 0.70625 0.13359375 0.58359375
0 0.0375 0.74453125 0.075 0.51015625
0 0.084375 0.70078125 0.075 0.41875
0 0.284375 0.628125 0.04375 0.28984375
0 0.30078125 0.62109375 0.0296875 0.25390625
0 0.31640625 0.60390625 0.0203125 0.20859375
0 0.2671875 0.621875 0.034375 0.22265625
0 0.24296875 0.61015625 0.03515625 0.19609375
0 0.20625 0.59375 0.03515625 0.19140625
0 0.2171875 0.60390625 0.0234375 0.175
0 0.05 0.56640625 0.034375 0.14140625
0 0.02265625 0.54296875 0.01640625 0.08125
0 0.0375 0.540625 0.02109375 0.06875
0 0.16328125 0.69765625 0.084375 0.49140625
0 0.9125 0.546875 0.01328125 0.05625
0 0.9046875 0.546875 0.01171875 0.04375
0 0.88828125 0.54765625 0.01328125 0.05390625
0 0.88046875 0.54921875 0.01171875 0.05625
0 0.875 0.54921875 0.0109375 0.06015625
0 0.865625 0.55 0.01328125 0.05390625
0 0.85546875 0.54921875 0.01171875 0.05234375
0 0.8125 0.54765625 0.0109375 0.05859375
0 0.81796875 0.55234375 0.01171875 0.05390625
0 0.8265625 0.55078125 0.01171875 0.05234375
0 0.83125 0.55 0.01328125 0.05
0 0.8078125 0.5375 0.00859375 0.025
0 0.75234375 0.54765625 0.009375 0.05
0 0.76328125 0.55078125 0.01171875 0.05234375
0 0.77265625 0.55 0.01171875 0.05
0 0.7765625 0.55 0.0109375 0.05
0 0.78203125 0.54921875 0.009375 0.05234375
0 0.7140625 0.553125 0.0109375 0.04765625
0 0.7078125 0.540625 0.01171875 0.03125
0 0.69921875 0.553125 0.009375 0.04375
0 0.67265625 0.54921875 0.009375 0.05234375
0 0.72578125 0.55234375 0.0109375 0.05
0 0.65390625 0.55078125 0.009375 0.05234375
0 0.66171875 0.55078125 0.00859375 0.04765625
0 0.6359375 0.55078125 0.0109375 0.05234375
0 0.62265625 0.55234375 0.0109375 0.04609375
0 0.6125 0.55 0.00703125 0.04609375
0 0.60625 0.55 0.00859375 0.04609375
0 0.64609375 0.55078125 0.00859375 0.04765625
0 0.56484375 0.55 0.00703125 0.04140625
0 0.57109375 0.55 0.00859375 0.04140625
0 0.58828125 0.55 0.00703125 0.04609375
0 0.5953125 0.54921875 0.00859375 0.04765625
0 0.840625 0.546875 0.0109375 0.04765625
0 0.90234375 0.54140625 0.01171875 0.05
0 0.896875 0.54375 0.01171875 0.05390625
0 0.8875 0.54375 0.009375 0.04609375
0 0.86875 0.55078125 0.009375 0.05234375
0 0.82265625 0.54765625 0.009375 0.05390625
0 0.73203125 0.54765625 0.009375 0.04609375
0 0.73671875 0.55234375 0.009375 0.05390625
0 0.74375 0.546875 0.009375 0.04765625
0 0.72109375 0.553125 0.0109375 0.05234375
0 0.64140625 0.55 0.00859375 0.04609375
0 0.62890625 0.55 0.00859375 0.04140625
0 0.6109375 0.55078125 0.00859375 0.04375
0 0.61875 0.55 0.00859375 0.04609375
0 0.57421875 0.54921875 0.00859375 0.04765625
0 0.6 0.55078125 0.009375 0.04375
0 0.5625 0.40859375 0.05546875 0.09140625
0 0.2203125 0.32265625 0.0375 0.3125
0 0.528125 0.54921875 0.0703125 0.03984375
0 0.58046875 0.54921875 0.0109375 0.04375
0 0.68671875 0.54921875 0.0234375 0.04765625
0 0.8484375 0.54453125 0.009375 0.04765625
0 0.79453125 0.54921875 0.01640625 0.05625
0 0.4515625 0.540625 0.0375 0.02734375
0 0.259375 0.528125 0.02578125 0.04375
0 0.27734375 0.51953125 0.009375 0.01875
0 0.228125 0.53984375 0.01328125 0.02109375
0 0.11171875 0.52421875 0.0234375 0.06015625
0 0.0625 0.534375 0.0140625 0.02265625
0 0.73125 0.421875 0.08671875 0.03984375
0 0.8203125 0.4125 0.09609375 0.04140625
0 0.525 0.13046875 0.01796875 0.06015625
0 0.475 0.13515625 0.02265625 0.07109375
0 0.46640625 0.23828125 0.03203125 0.09375
0 0.32578125 0.52890625 0.0109375 0.04140625