0 0.215625 0.5359375 0.03125 0.1796875
0 0.228125 0.54375 0.03203125 0.1796875
0 0.23046875 0.54375 0.02578125 0.17578125
0 0.2484375 0.54453125 0.02734375 0.178125
0 0.26015625 0.5390625 0.028125 0.19296875
0 0.2734375 0.54140625 0.03359375 0.1984375
0 0.28984375 0.54296875 0.0484375 0.2109375
0 0.30859375 0.5359375 0.0421875 0.24609375
0 0.32578125 0.5515625 0.03984375 0.221875
0 0.36484375 0.45859375 0.0359375 0.1203125
0 0.41484375 0.5359375 0.021875 0.17578125
0 0.42890625 0.528125 0.03359375 0.20390625
0 0.44609375 0.525 0.02109375 0.21328125
0 0.41875 0.46015625 0.02109375 0.14296875
0 0.4375 0.421875 0.028125 0.06328125
0 0.47734375 0.41640625 0.02578125 0.0515625
0 0.46875 0.5453125 0.05703125 0.31640625
0 0.5046875 0.55 0.07265625 0.3296875
0 0.52578125 0.40625 0.01953125 0.07578125
0 0.5359375 0.5453125 0.03984375 0.3390625
0 0.57890625 0.546875 0.08671875 0.37578125
0 0.63984375 0.5515625 0.09140625 0.41484375
0 0.68984375 0.540625 0.10390625 0.49609375
0 0.84453125 0.5140625 0.0515625 0.30546875
0 0.78203125 0.54375 0.10234375 0.54296875
0 0.33984375 0.54140625 0.02734375 0.23515625
0 0.7328125 0.4953125 0.03359375 0.27578125
0 0.7875 0.56484375 0.08125 0.1515625
0 0.85859375 0.45 0.02109375 0.09609375