0 0.01171875 0.7453125 0.0234375 0.2703125
0 0.040625 0.72734375 0.02890625 0.11796875
0 0.05 0.73203125 0.01796875 0.11015625
0 0.0609375 0.7 0.01484375 0.046875
0 0.075 0.70546875 0.01171875 0.03203125
0 0.10390625 0.740625 0.0453125 0.271875
0 0.146875 0.73046875 0.053125 0.278125
0 0.2484375 0.7203125 0.015625 0.096875
0 0.2609375 0.72109375 0.015625 0.09140625
0 0.28359375 0.7109375 0.01328125 0.071875
0 0.2765625 0.7109375 0.00859375 0.0515625
0 0.29765625 0.7078125 0.01015625 0.06796875
0 0.3046875 0.7171875 0.01015625 0.1015625
0 0.31328125 0.7171875 0.01875 0.128125
0 0.32421875 0.71796875 0.01484375 0.09296875
0 0.3609375 0.70390625 0.02109375 0.10859375
0 0.38046875 0.703125 0.01796875 0.10703125
0 0.40546875 0.734375 0.0140625 0.04140625
0 0.4234375 0.71796875 0.034375 0.18359375
0 0.4484375 0.72109375 0.0234375 0.16484375
0 0.45859375 0.70234375 0.0203125 0.125
0 0.478125 0.7078125 0.01484375 0.08515625
0 0.4921875 0.7078125 0.015625 0.08515625
0 0.50078125 0.68828125 0.0109375 0.05
0 0.51640625 0.684375 0.01484375 0.06796875
0 0.56328125 0.75390625 0.0875 0.49140625
0 0.5984375 0.68203125 0.0109375 0.08671875
0 0.61875 0.75234375 0.0546875 0.36171875
0 0.6421875 0.684375 0.00859375 0.06484375
0 0.6875 0.72890625 0.0828125 0.33203125
0 0.721875 0.64765625 0.015625 0.0484375
0 0.75078125 0.67421875 0.02734375 0.14140625
0 0.765625 0.7125 0.01328125 0.06171875
0 0.78359375 0.6765625 0.046875 0.2734375
0 0.76953125 0.815625 0.071875 0.13203125
0 0.89765625 0.69296875 0.14296875 0.61015625
0 0.75390625 0.6390625 0.01484375 0.03515625
0 0.025 0.73671875 0.0140625 0.11328125
0 0.215625 0.709375 0.0546875 0.0515625
0 0.315625 0.67109375 0.0078125 0.01796875
0 0.77890625 0.4265625 0.02578125 0.0703125
0 0.82421875 0.6078125 0.01484375 0.04140625
0 0.853125 0.8296875 0.0421875 0.09296875
0 0.91796875 0.81328125 0.0171875 0.0734375
0 0.91328125 0.55390625 0.0234375 0.075
0 0.9890625 0.68515625 0.021875 0.153125
0 0.29375 0.70546875 0.00546875 0.0484375
0 0.37109375 0.51015625 0.0109375 0.046875
0 0.38828125 0.3515625 0.01484375 0.03359375