0 0.01171875 0.87578125 0.0234375 0.06796875
0 0.04609375 0.88125 0.05859375 0.05859375
0 0.0265625 0.84140625 0.0421875 0.06796875
0 0.02265625 0.7953125 0.04453125 0.09609375
0 0.046875 0.79765625 0.046875 0.1234375
0 0.04296875 0.70625 0.03984375 0.0796875
0 0.05078125 0.709375 0.0234375 0.10390625
0 0.084375 0.85703125 0.05546875 0.10703125
0 0.10703125 0.83984375 0.03046875 0.11328125
0 0.14375 0.86015625 0.04765625 0.10078125
0 0.13203125 0.859375 0.04765625 0.10078125
0 0.15234375 0.81328125 0.04765625 0.0671875
0 0.10078125 0.7890625 0.04765625 0.09140625
0 0.159375 0.7796875 0.0390625 0.06875
0 0.11796875 0.7890625 0.025 0.1140625
0 0.1734375 0.775 0.028125 0.0703125
0 0.19296875 0.76171875 0.025 0.07421875
0 0.12421875 0.7578125 0.04375 0.1484375
0 0.17109375 0.734375 0.03515625 0.05546875
0 0.05 0.5921875 0.01640625 0.05078125
0 0.06328125 0.58671875 0.0125 0.04453125
0 0.25703125 0.59609375 0.02109375 0.06953125
0 0.27421875 0.60078125 0.021875 0.0703125
0 0.2953125 0.58515625 0.01796875 0.06328125
0 0.31171875 0.5890625 0.015625 0.0609375
0 0.38203125 0.5984375 0.01328125 0.05625
0 0.3921875 0.59140625 0.01015625 0.05078125
0 0.325 0.61953125 0.015625 0.0703125
0 0.33671875 0.621875 0.01796875 0.0828125
0 0.34921875 0.61796875 0.0140625 0.0703125
0 0.36015625 0.62421875 0.01875 0.06484375
0 0.2984375 0.65 0.0265625 0.090625
0 0.28828125 0.703125 0.02890625 0.12890625
0 0.253125 0.69921875 0.03046875 0.07578125
0 0.26015625 0.77890625 0.0609375 0.1015625
0 0.284375 0.8625 0.1609375 0.0953125
0 0.26953125 0.83359375 0.06171875 0.125
0 0.31796875 0.82578125 0.0546875 0.125
0 0.37578125 0.79921875 0.0453125 0.1203125
0 0.4171875 0.78359375 0.0484375 0.11953125
0 0.4 0.74921875 0.025 0.046875
0 0.4546875 0.82265625 0.07734375 0.14375
0 0.46328125 0.74375 0.03203125 0.0640625
0 0.490625 0.73828125 0.0328125 0.07578125
0 0.5140625 0.821875 0.06328125 0.14765625
0 0.3453125 0.71796875 0.03671875 0.1453125
0 0.38203125 0.7 0.0375 0.12890625
0 0.39921875 0.68984375 0.0265625 0.06796875
0 0.42734375 0.6921875 0.0328125 0.1234375
0 0.46953125 0.6828125 0.03515625 0.07734375
0 0.478125 0.66875 0.02734375 0.0640625
0 0.3921875 0.62578125 0.01171875 0.0453125
0 0.40625 0.59375 0.01171875 0.02421875
0 0.384375 0.63359375 0.00859375 0.01171875
0 0.57578125 0.83671875 0.0765625 0.1484375
0 0.63984375 0.82734375 0.06484375 0.16640625
0 0.61171875 0.77421875 0.03359375 0.1
0 0.56953125 0.77421875 0.065625 0.10390625
0 0.6640625 0.76875 0.0453125 0.11015625
0 0.7546875 0.859375 0.08359375 0.1015625
0 0.82578125 0.84609375 0.09921875 0.12578125
0 0.89375 0.8375 0.09296875 0.14765625
0 0.94140625 0.83046875 0.09453125 0.16015625
0 0.8109375 0.78359375 0.12265625 0.11328125
0 0.884375 0.753125 0.04765625 0.08046875
0 0.7328125 0.709375 0.04296875 0.18984375
0 0.940625 0.7484375 0.0828125 0.1265625
0 0.95 0.72109375 0.0671875 0.103125
0 0.546875 0.69453125 0.05234375 0.16484375
0 0.60078125 0.7203125 0.03203125 0.084375
0 0.57265625 0.68984375 0.03046875 0.11015625
0 0.48046875 0.6328125 0.0140625 0.0734375
0 0.50703125 0.63203125 0.025 0.075
0 0.528125 0.6546875 0.0203125 0.08359375
0 0.52734375 0.63203125 0.0234375 0.08515625
0 0.6453125 0.7 0.0359375 0.1546875
0 0.60703125 0.640625 0.025 0.08984375
0 0.571875 0.62421875 0.01484375 0.0421875
0 0.68671875 0.7140625 0.04453125 0.090625
0 0.72265625 0.63125 0.015625 0.06796875
0 0.7734375 0.7109375 0.053125 0.084375
0 0.80625 0.7375 0.078125 0.1046875
0 0.82890625 0.72109375 0.06171875 0.08125
0 0.85234375 0.7171875 0.034375 0.0859375
0 0.86953125 0.6859375 0.0625 0.08046875
0 0.90234375 0.68046875 0.028125 0.0625
0 0.96015625 0.6921875 0.05234375 0.0875
0 0.9734375 0.68828125 0.0421875 0.08125
0 0.978125 0.60390625 0.015625 0.04921875
0 0.95703125 0.6015625 0.0109375 0.04609375
0 0.8234375 0.6359375 0.01796875 0.046875
0 0.83515625 0.63203125 0.015625 0.046875
0 0.25 0.71640625 0.02734375 0.11015625
0 0.19296875 0.71875 0.0296875 0.0609375
0 0.03671875 0.38046875 0.01796875 0.07421875
0 0.71875 0.71640625 0.03515625 0.08125
0 0.26484375 0.51484375 0.30234375 0.134375
0 0.02890625 0.51171875 0.05703125 0.0359375
0 0.09453125 0.56953125 0.0390625 0.07421875
0 0.83984375 0.88515625 0.06171875 0.04921875
0 0.57109375 0.62421875 0.21953125 0.24375
0 0.78515625 0.625 0.21328125 0.171875
0 0.9453125 0.63984375 0.10859375 0.08125
0 0.18203125 0.6640625 0.13515625 0.1671875
0 0.95546875 0.45 0.08046875 0.15546875
0 0.709375 0.453125 0.04921875 0.11875
0 0.5953125 0.38515625 0.1421875 0.21796875
0 0.62265625 0.15703125 0.1421875 0.2390625
0 0.4828125 0.32734375 0.08203125 0.3234375
0 0.409375 0.33203125 0.05 0.0875
0 0.3203125 0.36875 0.02109375 0.11875
0 0.07265625 0.38359375 0.04453125 0.10390625
0 0.00703125 0.37421875 0.0140625 0.04140625
0 0.02890625 0.23125 0.0578125 0.12734375
0 0.79140625 0.05390625 0.1390625 0.1078125