0 0.7953125 0.68671875 0.409375 0.62421875
0 0.4640625 0.62109375 0.496875 0.75546875
0 0.134375 0.68203125 0.26875 0.63515625
0 0.878125 0.5703125 0.2078125 0.82734375
0 0.703125 0.521875 0.19140625 0.95625
0 0.37421875 0.328125 0.4328125 0.65625
0 0.07890625 0.23671875 0.1578125 0.40859375
0 0.76484375 0.44140625 0.14140625 0.63515625
0 0.66484375 0.259375 0.0734375 0.0828125
0 0.94921875 0.31328125 0.1015625 0.17265625
0 0.98125 0.2421875 0.0375 0.2734375
0 0.9203125 0.1625 0.09140625 0.17890625
0 0.82265625 0.1734375 0.06171875 0.14375
0 0.8515625 0.1265625 0.03515625 0.09765625
0 0.9578125 0.16484375 0.059375 0.14140625
0 0.70234375 0.19375 0.10703125 0.20703125
0 0.6515625 0.1859375 0.04140625 0.08125
0 0.61171875 0.18515625 0.0875 0.21171875
0 0.63671875 0.15703125 0.04921875 0.13046875
0 0.4515625 0.22890625 0.09140625 0.20703125
0 0.178125 0.2203125 0.05625 0.11875
0 0.49765625 0.18828125 0.0578125 0.14296875
0 0.5171875 0.14921875 0.0375 0.0953125
0 0.9859375 0.07421875 0.028125 0.0390625
0 0.93125 0.11640625 0.02734375 0.0625
0 0.87890625 0.08828125 0.02265625 0.02109375
0 0.7765625 0.10546875 0.053125 0.0328125
0 0.62421875 0.0796875 0.02421875 0.0265625
0 0.48671875 0.08984375 0.03984375 0.04921875
0 0.42109375 0.11875 0.040625 0.03359375