0 0.7171875 0.8609375 0.2734375 0.278125
0 0.06953125 0.87265625 0.1390625 0.2546875
0 0.4265625 0.83359375 0.2015625 0.3328125
0 0.16875 0.821875 0.17109375 0.31796875
0 0.59296875 0.8015625 0.1703125 0.396875
0 0.80234375 0.78203125 0.18125 0.36875
0 0.87265625 0.61875 0.13125 0.43359375
0 0.9484375 0.6109375 0.103125 0.74375
0 0.6875 0.590625 0.1609375 0.39765625
0 0.37734375 0.609375 0.3421875 0.5578125
0 0.1359375 0.709375 0.221875 0.4171875
0 0.27734375 0.58984375 0.23828125 0.50546875
0 0.85 0.4390625 0.10703125 0.38125
0 0.71484375 0.40078125 0.1609375 0.4234375
0 0.88828125 0.2703125 0.14765625 0.334375
0 0.84375 0.2796875 0.14375 0.559375
0 0.79609375 0.1765625 0.1015625 0.353125
0 0.81015625 0.203125 0.07578125 0.40625
0 0.678125 0.20625 0.1375 0.4125
0 0.52734375 0.46953125 0.153125 0.71171875
0 0.41015625 0.50546875 0.1796875 0.68203125
0 0.22421875 0.40078125 0.19765625 0.40625
0 0.3375 0.38984375 0.10234375 0.49296875
0 0.084375 0.375 0.16796875 0.7453125
0 0.5796875 0.3390625 0.12109375 0.678125
0 0.465625 0.09453125 0.09375 0.1890625
0 0.58203125 0.25390625 0.12578125 0.50703125
0 0.9640625 0.22109375 0.071875 0.2859375
0 0.97265625 0.11171875 0.05390625 0.21015625
0 0.88125 0.90703125 0.12578125 0.18515625
0 0.259375 0.9015625 0.28125 0.196875
0 0.71171875 0.05234375 0.0546875 0.1046875