0 0.10390625 0.53359375 0.2078125 0.93046875
0 0.259375 0.553125 0.35859375 0.8375
0 0.596875 0.54140625 0.2265625 0.91640625
0 0.428125 0.615625 0.10859375 0.76875
0 0.53984375 0.45234375 0.075 0.25546875
0 0.71328125 0.61328125 0.1453125 0.721875
0 0.7953125 0.41953125 0.109375 0.31796875
0 0.86875 0.59921875 0.26015625 0.80078125
0 0.35390625 0.484375 0.0625 0.17109375
0 0.49609375 0.203125 0.075 0.06015625
0 0.490625 0.60234375 0.09296875 0.56328125
0 0.909375 0.31484375 0.15859375 0.24375
0 0.5734375 0.35546875 0.028125 0.05859375