0 0.125 0.46953125 0.16640625 0.61640625
0 0.25390625 0.5015625 0.146875 0.61171875
0 0.47265625 0.49140625 0.12421875 0.52109375
0 0.640625 0.51796875 0.11953125 0.45078125
0 0.7390625 0.48125 0.11171875 0.47265625
0 0.86328125 0.4515625 0.140625 0.515625
0 0.96015625 0.35234375 0.07734375 0.11484375
0 0.93515625 0.340625 0.05 0.1171875
0 0.93984375 0.26953125 0.01953125 0.04375
0 0.91328125 0.2609375 0.01484375 0.021875
0 0.803125 0.31875 0.034375 0.13046875
0 0.8203125 0.2921875 0.025 0.08046875
0 0.696875 0.29765625 0.0265625 0.05546875
0 0.70859375 0.26328125 0.0171875 0.03046875
0 0.66328125 0.27578125 0.0140625 0.04375
0 0.63203125 0.2796875 0.01875 0.04296875
0 0.6046875 0.29140625 0.01953125 0.0703125
0 0.6203125 0.27421875 0.0125 0.0515625
0 0.3953125 0.3296875 0.0171875 0.0828125
0 0.3984375 0.3109375 0.03125 0.11484375
0 0.3609375 0.3390625 0.0203125 0.0734375
0 0.36015625 0.3390625 0.02578125 0.07109375
0 0.36640625 0.30703125 0.03203125 0.12421875
0 0.31328125 0.315625 0.02421875 0.1140625
0 0.321875 0.296875 0.01875 0.06796875
0 0.3796875 0.28828125 0.0140625 0.053125
0 0.40703125 0.27421875 0.0109375 0.025
0 0.6296875 0.26171875 0.0109375 0.01640625
0 0.76328125 0.2859375 0.0234375 0.0609375
0 0.6765625 0.32109375 0.0390625 0.12578125
0 0.7015625 0.26328125 0.01015625 0.02421875
0 0.68125 0.26875 0.0109375 0.03359375
0 0.96171875 0.28203125 0.00703125 0.01953125
0 0.3375 0.2828125 0.03359375 0.040625
0 0.41953125 0.284375 0.02421875 0.0453125
0 0.59453125 0.271875 0.0109375 0.0421875
0 0.65 0.275 0.028125 0.05
0 0.75859375 0.26328125 0.0265625 0.02734375
0 0.66875 0.2640625 0.00625 0.02578125
0 0.68515625 0.27890625 0.00703125 0.021875