0 0.11875 0.509375 0.20234375 0.97890625
0 0.278125 0.53359375 0.18203125 0.9296875
0 0.41328125 0.5390625 0.48046875 0.91875
0 0.4859375 0.62578125 0.0796875 0.70234375
0 0.58125 0.55859375 0.1671875 0.8796875
0 0.63984375 0.56796875 0.09765625 0.8640625
0 0.6734375 0.58203125 0.08359375 0.696875
0 0.734375 0.578125 0.109375 0.6546875
0 0.8359375 0.5953125 0.10234375 0.48203125
0 0.86328125 0.5796875 0.059375 0.46796875
0 0.928125 0.5359375 0.0796875 0.52578125
0 0.215625 0.80078125 0.0609375 0.32578125
0 0.38359375 0.59140625 0.05625 0.81640625
0 0.6921875 0.60703125 0.0453125 0.5640625