0 0.30625 0.4546875 0.18984375 0.615625
0 0.62890625 0.43359375 0.19765625 0.77734375
0 0.8 0.4703125 0.16953125 0.6875
0 0.83203125 0.2546875 0.0296875 0.13203125
0 0.15390625 0.3796875 0.0953125 0.309375
0 0.1125 0.36171875 0.0609375 0.28515625
0 0.0328125 0.36796875 0.03046875 0.1703125
0 0.07734375 0.359375 0.028125 0.06171875
0 0.07421875 0.32265625 0.02265625 0.046875
0 0.03359375 0.30234375 0.0109375 0.02578125
0 0.9546875 0.59609375 0.090625 0.38125
0 0.04921875 0.30625 0.01484375 0.0328125