0 0.18671875 0.63984375 0.26015625 0.71640625
0 0.07734375 0.6203125 0.15390625 0.74609375
0 0.28125 0.4 0.0734375 0.1125
0 0.3375 0.59765625 0.13046875 0.51875
0 0.40390625 0.51484375 0.0578125 0.30703125
0 0.471875 0.61171875 0.1671875 0.6421875
0 0.5546875 0.53828125 0.1015625 0.4796875
0 0.61875 0.6578125 0.18125 0.6421875
0 0.65625 0.56796875 0.03828125 0.4234375
0 0.68984375 0.59375 0.08125 0.453125
0 0.8015625 0.6421875 0.21328125 0.7125
0 0.8609375 0.590625 0.10625 0.57109375
0 0.91484375 0.56328125 0.12265625 0.4640625
0 0.45390625 0.38203125 0.05 0.05078125
0 0.73203125 0.42421875 0.05390625 0.0796875