0 0.93046875 0.7234375 0.01953125 0.06328125
0 0.9046875 0.71328125 0.0171875 0.03828125
0 0.88671875 0.7109375 0.01640625 0.0296875
0 0.74140625 0.79921875 0.05859375 0.2453125
0 0.65625 0.8 0.0578125 0.25
0 0.67578125 0.79375 0.04765625 0.24140625
0 0.6328125 0.81328125 0.0484375 0.20859375
0 0.61953125 0.765625 0.01171875 0.040625
0 0.5890625 0.8015625 0.0515625 0.228125
0 0.56953125 0.80390625 0.07109375 0.23046875
0 0.575 0.78515625 0.01875 0.08125
0 0.4953125 0.8140625 0.05390625 0.22890625
0 0.45234375 0.8109375 0.05234375 0.24453125
0 0.3984375 0.73828125 0.02890625 0.06953125
0 0.17890625 0.84375 0.05703125 0.23515625
0 0.1515625 0.86171875 0.034375 0.2109375
0 0.11875 0.8390625 0.0359375 0.1609375
0 0.83203125 0.71328125 0.01875 0.03515625
0 0.95625 0.74140625 0.01171875 0.03125
0 0.965625 0.7546875 0.0109375 0.0609375
0 0.0390625 0.86640625 0.065625 0.228125
0 0.0703125 0.8546875 0.06171875 0.23515625
0 0.08125 0.809375 0.02421875 0.08359375
0 0.7140625 0.39921875 0.10546875 0.41328125
0 0.78828125 0.7390625 0.03046875 0.02109375
0 0.690625 0.7109375 0.0140625 0.0265625
0 0.68359375 0.8890625 0.02734375 0.05703125
0 0.41484375 0.728125 0.01171875 0.02578125
0 0.390625 0.74140625 0.0125 0.02578125
0 0.16171875 0.771875 0.01328125 0.03125
0 0.95234375 0.18046875 0.028125 0.19296875
0 0.9734375 0.7109375 0.02578125 0.025
0 0.1796875 0.921875 0.01484375 0.05703125
0 0.13828125 0.33828125 0.11171875 0.225
0 0.95 0.53515625 0.025 0.121875
0 0.84296875 0.36015625 0.034375 0.25390625
0 0.45703125 0.25546875 0.04296875 0.4140625