0 0.834375 0.65625 0.11640625 0.68125
0 0.73828125 0.6546875 0.11484375 0.67421875
0 0.65703125 0.5953125 0.13515625 0.6984375
0 0.56484375 0.625 0.103125 0.68125
0 0.47578125 0.625 0.10859375 0.6703125
0 0.371875 0.546875 0.15 0.61015625
0 0.28984375 0.6078125 0.103125 0.6359375
0 0.19296875 0.60078125 0.11640625 0.67421875
0 0.08984375 0.6078125 0.128125 0.67421875
0 0.1296875 0.26328125 0.08828125 0.26015625
0 0.225 0.275 0.15234375 0.30859375
0 0.30234375 0.23359375 0.16953125 0.28125
0 0.359375 0.2671875 0.10234375 0.25546875
0 0.57421875 0.25546875 0.12109375 0.31015625
0 0.69140625 0.24765625 0.096875 0.246875
0 0.784375 0.33515625 0.0625 0.2015625
0 0.8640625 0.60078125 0.103125 0.6640625