0 0.01640625 0.475 0.03203125 0.065625
0 0.01640625 0.46171875 0.021875 0.040625
0 0.03515625 0.47734375 0.03671875 0.0765625
0 0.04765625 0.46328125 0.0265625 0.04375
0 0.00546875 0.4390625 0.0109375 0.034375
0 0.0859375 0.49609375 0.015625 0.09921875
0 0.096875 0.496875 0.02265625 0.09921875
0 0.1203125 0.50546875 0.03203125 0.08984375
0 0.18828125 0.51171875 0.025 0.0953125
0 0.20390625 0.5 0.02265625 0.09296875
0 0.2140625 0.50078125 0.01484375 0.07109375
0 0.221875 0.49453125 0.0171875 0.0796875
0 0.23828125 0.49609375 0.015625 0.07734375
0 0.25546875 0.50546875 0.0234375 0.0859375
0 0.253125 0.47109375 0.01484375 0.02421875
0 0.26484375 0.4640625 0.0140625 0.02109375
0 0.265625 0.50078125 0.01484375 0.078125
0 0.27421875 0.46484375 0.0078125 0.01328125
0 0.27734375 0.50625 0.02109375 0.0828125
0 0.28828125 0.46328125 0.0109375 0.02265625
0 0.2921875 0.4875 0.01953125 0.0515625
0 0.3078125 0.4734375 0.0140625 0.0421875
0 0.31796875 0.4609375 0.01015625 0.01875
0 0.3203125 0.47734375 0.01328125 0.01875
0 0.3625 0.46875 0.0140625 0.028125
0 0.3875 0.47578125 0.0109375 0.02890625
0 0.38359375 0.4546875 0.0109375 0.025
0 0.43515625 0.46953125 0.01328125 0.03671875
0 0.44140625 0.4734375 0.01640625 0.03515625
0 0.44765625 0.46796875 0.0109375 0.03125
0 0.45546875 0.47890625 0.0140625 0.03671875
0 0.47265625 0.4765625 0.009375 0.01484375
0 0.46875 0.47578125 0.01015625 0.03984375
0 0.49140625 0.47265625 0.01015625 0.02109375
0 0.496875 0.4625 0.00859375 0.01953125
0 0.50078125 0.46953125 0.0125 0.01875
0 0.51171875 0.47265625 0.01328125 0.02109375
0 0.51328125 0.4578125 0.0078125 0.01796875
0 0.4828125 0.46640625 0.009375 0.03203125
0 0.51796875 0.4703125 0.01015625 0.02734375
0 0.52421875 0.46796875 0.00859375 0.01796875
0 0.52421875 0.484375 0.01484375 0.03671875
0 0.53515625 0.47890625 0.01328125 0.04921875
0 0.53984375 0.475 0.009375 0.046875
0 0.55 0.47734375 0.01015625 0.04609375
0 0.56171875 0.47890625 0.0125 0.04375
0 0.5625 0.47265625 0.01171875 0.046875
0 0.5578125 0.4625 0.00859375 0.040625
0 0.5703125 0.47265625 0.0109375 0.0375
0 0.575 0.47734375 0.0140625 0.02890625
0 0.63828125 0.49453125 0.01796875 0.03203125
0 0.64921875 0.490625 0.01328125 0.046875
0 0.6484375 0.49765625 0.01484375 0.05859375
0 0.6546875 0.51640625 0.02421875 0.08671875
0 0.7375 0.46484375 0.00859375 0.02734375
0 0.79375 0.46796875 0.0078125 0.02578125
0 0.79921875 0.4625 0.00703125 0.01328125
0 0.82890625 0.5078125 0.02265625 0.06875
0 0.8640625 0.47109375 0.01171875 0.02890625
0 0.9140625 0.528125 0.0296875 0.09296875
0 0.9109375 0.52734375 0.0359375 0.0953125
0 0.9328125 0.49921875 0.0125 0.03125
0 0.92421875 0.49765625 0.01328125 0.0375
0 0.915625 0.475 0.0109375 0.015625
0 0.94921875 0.48984375 0.01171875 0.02890625
0 0.95703125 0.49765625 0.01484375 0.03203125
0 0.03671875 0.45859375 0.01015625 0.01640625
0 0.0828125 0.4578125 0.00625 0.02890625
0 0.196875 0.52421875 0.0046875 0.01484375
0 0.19296875 0.47109375 0.00546875 0.01796875
0 0.39921875 0.47421875 0.01015625 0.02890625
0 0.42265625 0.46953125 0.01484375 0.03515625
0 0.4625 0.471875 0.00859375 0.021875
0 0.60546875 0.453125 0.075 0.01953125
0 0.5859375 0.475 0.01015625 0.02578125
0 0.61171875 0.47421875 0.01953125 0.02421875
0 0.6671875 0.4515625 0.0453125 0.02421875
0 0.74921875 0.4421875 0.11796875 0.01796875
0 0.78046875 0.465625 0.01171875 0.01953125
0 0.8203125 0.490625 0.00859375 0.009375
0 0.9375 0.46328125 0.125 0.03203125
0 0.9859375 0.50859375 0.01875 0.015625
0 0.9796875 0.48671875 0.0390625 0.01640625