0 0.28203125 0.21484375 0.0921875 0.184375
0 0.3484375 0.21328125 0.0609375 0.21796875
0 0.40078125 0.21875 0.06953125 0.253125
0 0.440625 0.25078125 0.0578125 0.24140625
0 0.496875 0.27265625 0.059375 0.2515625
0 0.53046875 0.29375 0.0640625 0.22109375
0 0.57109375 0.31796875 0.05859375 0.234375
0 0.12265625 0.54296875 0.03828125 0.2609375
0 0.1515625 0.52578125 0.05 0.22578125
0 0.17890625 0.54765625 0.053125 0.1875
0 0.19609375 0.46796875 0.02265625 0.075
0 0.215625 0.45859375 0.0296875 0.06171875
0 0.2234375 0.44453125 0.04296875 0.06875
0 0.23203125 0.5375 0.06953125 0.184375
0 0.25546875 0.48203125 0.034375 0.08515625
0 0.28203125 0.55625 0.0453125 0.1640625
0 0.290625 0.4875 0.040625 0.08203125
0 0.315625 0.575 0.046875 0.1859375
0 0.33515625 0.50625 0.0203125 0.05546875
0 0.346875 0.53984375 0.0390625 0.08359375
0 0.3640625 0.51796875 0.025 0.0640625
0 0.3734375 0.575 0.0515625 0.1359375
0 0.39140625 0.51953125 0.0265625 0.08515625
0 0.40703125 0.57890625 0.0484375 0.13046875
0 0.41328125 0.578125 0.03828125 0.12578125
0 0.43203125 0.53046875 0.02265625 0.06015625
0 0.45 0.57421875 0.04765625 0.10234375
0 0.45625 0.584375 0.03515625 0.09921875
0 0.48515625 0.56640625 0.025 0.0640625
0 0.503125 0.59609375 0.0484375 0.09375
0 0.540625 0.6109375 0.0375 0.0984375
0 0.5609375 0.58671875 0.02734375 0.05390625
0 0.5921875 0.5890625 0.01875 0.03359375
0 0.16171875 0.76015625 0.07890625 0.33984375
0 0.2140625 0.75390625 0.084375 0.3546875
0 0.27421875 0.76171875 0.08203125 0.35859375
0 0.3390625 0.75234375 0.075 0.36640625
0 0.3890625 0.7578125 0.05625 0.353125
0 0.44453125 0.75546875 0.071875 0.3546875
0 0.47890625 0.7453125 0.0515625 0.34296875
0 0.52109375 0.759375 0.0671875 0.303125
0 0.56484375 0.75234375 0.0671875 0.29296875
0 0.58046875 0.6203125 0.0265625 0.071875
0 0.603125 0.740625 0.0453125 0.284375
0 0.6234375 0.728125 0.03984375 0.303125
0 0.65546875 0.75390625 0.07734375 0.31640625
0 0.6796875 0.7375 0.05625 0.3
0 0.70234375 0.734375 0.0359375 0.29453125
0 0.73046875 0.73671875 0.05078125 0.3078125
0 0.75859375 0.74375 0.06328125 0.328125
0 0.803125 0.75625 0.05078125 0.303125
0 0.82578125 0.7359375 0.03984375 0.303125
0 0.859375 0.75 0.0765625 0.33359375
0 0.93828125 0.75078125 0.0875 0.3546875
0 0.93671875 0.77890625 0.0640625 0.38359375