0 0.2234375 0.86640625 0.19375 0.2640625
0 0.18671875 0.8640625 0.21015625 0.26953125
0 0.0765625 0.85390625 0.128125 0.29140625
0 0.12734375 0.6984375 0.0671875 0.1734375
0 0.24453125 0.7703125 0.14921875 0.228125
0 0.2765625 0.6921875 0.03828125 0.1078125
0 0.3375 0.72890625 0.05625 0.1875
0 0.3171875 0.659375 0.02734375 0.0765625
0 0.35 0.6796875 0.0265625 0.11484375
0 0.365625 0.6421875 0.02265625 0.040625
0 0.3921875 0.6546875 0.0296875 0.053125
0 0.41484375 0.65234375 0.02734375 0.06484375
0 0.38125 0.76015625 0.0671875 0.23203125
0 0.4296875 0.6671875 0.0375 0.05625
0 0.43125 0.8171875 0.0859375 0.25390625
0 0.46484375 0.728125 0.05859375 0.115625
0 0.5109375 0.8515625 0.11796875 0.296875
0 0.4515625 0.65390625 0.0296875 0.05703125
0 0.4734375 0.675 0.0234375 0.0765625
0 0.49609375 0.67578125 0.0296875 0.08359375
0 0.5109375 0.66484375 0.02421875 0.08203125
0 0.525 0.6859375 0.0328125 0.071875
0 0.54609375 0.6828125 0.028125 0.10546875
0 0.56328125 0.696875 0.03203125 0.1265625
0 0.57890625 0.69375 0.0390625 0.1484375
0 0.6296875 0.809375 0.08203125 0.2828125
0 0.63046875 0.6796875 0.034375 0.0859375
0 0.64375 0.68515625 0.02421875 0.09921875
0 0.696875 0.709375 0.03984375 0.15625
0 0.71953125 0.725 0.05 0.14609375
0 0.72578125 0.65703125 0.03046875 0.0609375
0 0.7546875 0.7125 0.04375 0.16171875
0 0.7609375 0.71484375 0.03125 0.13515625
0 0.78203125 0.71171875 0.0359375 0.13125
0 0.7953125 0.85 0.075 0.290625
0 0.865625 0.8359375 0.14375 0.32578125
0 0.83671875 0.66328125 0.0359375 0.04296875
0 0.8703125 0.69921875 0.0390625 0.1171875
0 0.9171875 0.72578125 0.0484375 0.1703125
0 0.9328125 0.7125 0.0484375 0.16640625
0 0.959375 0.740625 0.0578125 0.2015625
0 0.4046875 0.4203125 0.0515625 0.13125
0 0.32109375 0.18203125 0.0515625 0.1015625
0 0.12265625 0.21015625 0.04765625 0.0875
0 0.08359375 0.80078125 0.1671875 0.3984375
0 0.3796875 0.93203125 0.1578125 0.13515625
0 0.5828125 0.68125 0.834375 0.16015625