0 0.27734375 0.6046875 0.0453125 0.1796875
0 0.34921875 0.60703125 0.02578125 0.1390625
0 0.33125 0.609375 0.03515625 0.16328125
0 0.37265625 0.62109375 0.06328125 0.14375
0 0.553125 0.58515625 0.0390625 0.1234375
0 0.60703125 0.5828125 0.03515625 0.14765625
0 0.67890625 0.59609375 0.0421875 0.1171875
0 0.7328125 0.56328125 0.0375 0.0609375
0 0.8640625 0.5546875 0.040625 0.06640625
0 0.8984375 0.55078125 0.0390625 0.05859375
0 0.7953125 0.55859375 0.0421875 0.0953125
0 0.81015625 0.59921875 0.05 0.13125
0 0.97265625 0.53046875 0.0546875 0.0828125
0 0.71640625 0.81953125 0.190625 0.3578125
0 0.64296875 0.6734375 0.07109375 0.2203125
0 0.415625 0.72890625 0.08671875 0.1859375
0 0.3703125 0.82421875 0.1015625 0.303125
0 0.44765625 0.84375 0.07734375 0.30078125
0 0.88046875 0.759375 0.08203125 0.16171875
0 0.48359375 0.55625 0.02734375 0.103125
0 0.5828125 0.58359375 0.02890625 0.12890625
0 0.76484375 0.55859375 0.03671875 0.08671875
0 0.02109375 0.728125 0.0421875 0.06640625
0 0.06328125 0.87421875 0.1265625 0.2453125
0 0.15234375 0.903125 0.18046875 0.19375
0 0.125 0.76953125 0.07109375 0.07265625
0 0.1328125 0.82421875 0.08671875 0.1375
0 0.2203125 0.8796875 0.1109375 0.240625
0 0.2046875 0.74609375 0.0609375 0.075
0 0.353125 0.87578125 0.18515625 0.2484375
0 0.31171875 0.7203125 0.059375 0.09921875
0 0.52109375 0.8953125 0.209375 0.20625
0 0.540625 0.73671875 0.07265625 0.1515625
0 0.56953125 0.87578125 0.1546875 0.24453125
0 0.5984375 0.76796875 0.096875 0.21796875
0 0.74765625 0.63828125 0.05625 0.109375
0 0.78828125 0.765625 0.1015625 0.21015625
0 0.78515625 0.66328125 0.090625 0.08671875
0 0.840625 0.7 0.06328125 0.24453125
0 0.7125 0.61953125 0.0453125 0.09921875
0 0.88359375 0.7234375 0.109375 0.1859375
0 0.8578125 0.92109375 0.17578125 0.1578125
0 0.91796875 0.58984375 0.0515625 0.0890625
0 0.9453125 0.6765625 0.109375 0.125
0 0.95625 0.64375 0.07890625 0.11484375
0 0.95703125 0.78515625 0.0859375 0.1484375
0 0.8875 0.63203125 0.06640625 0.109375
0 0.44296875 0.55234375 0.05 0.1390625
0 0.37578125 0.51796875 0.0875 0.07890625
0 0.515625 0.5515625 0.053125 0.109375
0 0.4765625 0.509375 0.01640625 0.03203125
0 0.75234375 0.5265625 0.41640625 0.0828125
0 0.99140625 0.525 0.01640625 0.08515625
0 0.934375 0.90625 0.13125 0.1875
0 0.96640625 0.61328125 0.06640625 0.0953125
0 0.61875 0.43671875 0.02265625 0.0484375