0 0.05390625 0.74453125 0.07734375 0.4859375
0 0.09921875 0.77421875 0.08671875 0.45078125
0 0.15 0.7625 0.0765625 0.43984375
0 0.21640625 0.74140625 0.12734375 0.48828125
0 0.30078125 0.89609375 0.08984375 0.20625
0 0.3109375 0.675 0.0578125 0.31484375
0 0.353125 0.75 0.11484375 0.49921875
0 0.45078125 0.56953125 0.08515625 0.19765625
0 0.4 0.7890625 0.07421875 0.42109375
0 0.45234375 0.78671875 0.1140625 0.425
0 0.43359375 0.83125 0.1234375 0.33671875
0 0.490625 0.7796875 0.0625 0.440625
0 0.5296875 0.6015625 0.08125 0.26171875
0 0.59453125 0.6515625 0.06328125 0.22421875
0 0.55234375 0.80078125 0.09375 0.39765625
0 0.6265625 0.89453125 0.1140625 0.21015625
0 0.63828125 0.7046875 0.0828125 0.303125
0 0.6421875 0.571875 0.07890625 0.1671875
0 0.71015625 0.64765625 0.075 0.29375
0 0.709375 0.7859375 0.096875 0.428125
0 0.79296875 0.734375 0.0828125 0.4828125
0 0.85859375 0.74375 0.078125 0.4703125
0 0.86171875 0.7703125 0.11328125 0.45
0 0.946875 0.759375 0.0765625 0.45625
0 0.959375 0.79921875 0.08125 0.4015625
0 0.93984375 0.59453125 0.06171875 0.175
0 0.36640625 0.49921875 0.040625 0.053125
0 0.34609375 0.58828125 0.0265625 0.065625
0 0.3625 0.9296875 0.028125 0.04609375