0 0.08984375 0.53828125 0.171875 0.57421875
0 0.23125 0.6390625 0.2015625 0.71875
0 0.31015625 0.7796875 0.0890625 0.440625
0 0.43828125 0.77265625 0.109375 0.45390625
0 0.41875 0.54296875 0.090625 0.22734375
0 0.4765625 0.5828125 0.06796875 0.28671875
0 0.50859375 0.490625 0.05234375 0.178125
0 0.45703125 0.4515625 0.05234375 0.0765625
0 0.39765625 0.49609375 0.0625 0.196875
0 0.34140625 0.45625 0.06640625 0.2890625
0 0.36171875 0.30234375 0.03984375 0.09765625
0 0.40234375 0.4265625 0.1 0.36953125
0 0.50546875 0.321875 0.0796875 0.103125
0 0.55234375 0.3125 0.04375 0.09921875
0 0.56875 0.32109375 0.0359375 0.0859375
0 0.59609375 0.32109375 0.02421875 0.07890625
0 0.553125 0.5453125 0.0375 0.1109375
0 0.59765625 0.49375 0.0703125 0.18359375
0 0.628125 0.46796875 0.08515625 0.159375
0 0.66171875 0.32734375 0.02109375 0.1140625
0 0.6359375 0.78203125 0.1703125 0.43125
0 0.75703125 0.784375 0.16796875 0.428125
0 0.734375 0.48515625 0.16796875 0.4375
0 0.90703125 0.62265625 0.16953125 0.75078125
0 0.534375 0.2953125 0.06171875 0.0765625
0 0.62890625 0.40625 0.03828125 0.08046875
0 0.646875 0.321875 0.02109375 0.0921875