0 0.18203125 0.671875 0.028125 0.0421875
0 0.2578125 0.66875 0.015625 0.0375
0 0.434375 0.67734375 0.01640625 0.0265625
0 0.571875 0.6796875 0.0109375 0.03359375
0 0.59375 0.678125 0.00703125 0.0296875
0 0.61015625 0.68125 0.009375 0.03046875
0 0.615625 0.67734375 0.0109375 0.03125
0 0.6265625 0.68515625 0.0203125 0.0359375
0 0.6375 0.68359375 0.0140625 0.025
0 0.64921875 0.6828125 0.01015625 0.0265625
0 0.65546875 0.6796875 0.00859375 0.03125
0 0.6609375 0.68046875 0.0109375 0.0328125
0 0.67890625 0.684375 0.00703125 0.02890625
0 0.68359375 0.6859375 0.0125 0.0296875
0 0.10234375 0.64375 0.03671875 0.0171875
0 0.63203125 0.66875 0.02109375 0.0125
0 0.19296875 0.66015625 0.01484375 0.0109375
0 0.42890625 0.665625 0.125 0.02578125