0 0.303125 0.46328125 0.20859375 0.81171875
0 0.5078125 0.53984375 0.203125 0.66171875
0 0.61796875 0.7046875 0.1546875 0.58984375
0 0.92734375 0.896875 0.0953125 0.20546875
0 0.975 0.70546875 0.05 0.32578125
0 0.896875 0.71484375 0.0671875 0.2984375
0 0.86328125 0.828125 0.0578125 0.34296875
0 0.81953125 0.70546875 0.06484375 0.3125
0 0.8015625 0.7625 0.06796875 0.23828125
0 0.7375 0.8265625 0.06484375 0.1125
0 0.7625 0.73515625 0.03515625 0.19375
0 0.73125 0.725 0.04921875 0.178125
0 0.69609375 0.73125 0.0375 0.23359375
0 0.6875 0.77109375 0.03671875 0.225
0 0.590625 0.665625 0.02109375 0.09609375
0 0.5265625 0.79609375 0.08828125 0.4078125
0 0.390625 0.90625 0.04921875 0.1875
0 0.38359375 0.8328125 0.046875 0.08984375
0 0.34609375 0.78125 0.0546875 0.159375
0 0.3125 0.71015625 0.034375 0.11953125
0 0.27734375 0.8140625 0.059375 0.1484375
0 0.2265625 0.79296875 0.0609375 0.2046875
0 0.19765625 0.7765625 0.04921875 0.2296875
0 0.14453125 0.796875 0.075 0.1921875
0 0.025 0.86328125 0.05 0.2703125
0 0.0578125 0.77578125 0.06328125 0.23125
0 0.0109375 0.78515625 0.02109375 0.2
0 0.43125 0.77578125 0.05703125 0.2015625
0 0.203125 0.96015625 0.10859375 0.0796875
0 0.36640625 0.9890625 0.0265625 0.021875