0 0.971875 0.234375 0.05546875 0.29609375
0 0.91015625 0.25 0.08125 0.27890625
0 0.840625 0.24609375 0.0390625 0.27734375
0 0.8171875 0.271875 0.1078125 0.384375
0 0.46875 0.15 0.1015625 0.17890625
0 0.39296875 0.14296875 0.07890625 0.16640625
0 0.2515625 0.16328125 0.09375 0.2765625
0 0.61875 0.3890625 0.10859375 0.49140625
0 0.5453125 0.43359375 0.09453125 0.434375
0 0.475 0.340625 0.10703125 0.4046875
0 0.34453125 0.378125 0.08203125 0.440625
0 0.2578125 0.328125 0.13671875 0.2796875
0 0.1625 0.45546875 0.1234375 0.3515625
0 0.396875 0.45078125 0.109375 0.55546875
0 0.5046875 0.57421875 0.12578125 0.5703125
0 0.678125 0.71875 0.21796875 0.5609375
0 0.86875 0.69453125 0.25 0.609375
0 0.2421875 0.6578125 0.2796875 0.68359375
0 0.05234375 0.68359375 0.1046875 0.63125
0 0.02265625 0.82421875 0.0453125 0.3515625