0 0.11328125 0.94453125 0.1359375 0.11015625
0 0.19296875 0.9046875 0.13828125 0.18984375
0 0.3359375 0.95625 0.19765625 0.08671875
0 0.3984375 0.86953125 0.1546875 0.2328125
0 0.49296875 0.7203125 0.06796875 0.1734375
0 0.47421875 0.703125 0.04140625 0.15
0 0.5359375 0.6984375 0.05625 0.14140625
0 0.48984375 0.62578125 0.0640625 0.07265625
0 0.5265625 0.60078125 0.03671875 0.08203125
0 0.56484375 0.621875 0.0390625 0.09921875
0 0.553125 0.62421875 0.02734375 0.09609375
0 0.528125 0.57421875 0.04296875 0.04609375
0 0.546875 0.56875 0.02734375 0.0484375
0 0.58203125 0.575 0.028125 0.0609375
0 0.584375 0.55078125 0.0484375 0.04921875
0 0.58984375 0.55078125 0.02265625 0.0453125
0 0.59453125 0.515625 0.03984375 0.03125
0 0.6 0.52421875 0.02109375 0.0546875
0 0.56328125 0.5234375 0.01640625 0.05625
0 0.58671875 0.48515625 0.03671875 0.0453125
0 0.6125 0.496875 0.025 0.05703125
0 0.615625 0.46796875 0.02421875 0.01953125
0 0.58828125 0.4796875 0.01796875 0.046875
0 0.5890625 0.45546875 0.0203125 0.0203125
0 0.61484375 0.45625 0.03125 0.01640625
0 0.6109375 0.45859375 0.01640625 0.015625
0 0.621875 0.4515625 0.01640625 0.0171875
0 0.62265625 0.43984375 0.01640625 0.01640625
0 0.62265625 0.42890625 0.02734375 0.01875
0 0.6078125 0.421875 0.01875 0.03828125
0 0.62734375 0.425 0.015625 0.040625
0 0.62265625 0.41328125 0.0140625 0.02421875
0 0.63046875 0.4046875 0.00859375 0.01328125
0 0.61875 0.39296875 0.01328125 0.03359375
0 0.63515625 0.3796875 0.0171875 0.02890625
0 0.6203125 0.3765625 0.0140625 0.025
0 0.6265625 0.35390625 0.01015625 0.0109375
0 0.62890625 0.346875 0.0125 0.01328125
0 0.634375 0.35390625 0.0078125 0.03046875
0 0.63671875 0.3453125 0.00703125 0.025
0 0.6328125 0.33828125 0.009375 0.009375
0 0.6390625 0.31796875 0.0125 0.028125
0 0.64140625 0.30078125 0.00859375 0.0140625
0 0.6328125 0.3 0.01015625 0.02421875
0 0.64609375 0.3015625 0.0078125 0.0234375
0 0.64296875 0.3 0.00859375 0.02265625
0 0.64609375 0.28125 0.01328125 0.02578125
0 0.640625 0.27578125 0.0078125 0.021875
0 0.64609375 0.25859375 0.01015625 0.021875
0 0.64921875 0.25546875 0.00859375 0.01328125
0 0.64296875 0.2375 0.01171875 0.02265625
0 0.64375 0.22421875 0.00859375 0.0140625
0 0.64375 0.21796875 0.0109375 0.0109375
0 0.64453125 0.21640625 0.009375 0.01953125
0 0.6453125 0.21171875 0.0078125 0.01796875
0 0.60859375 0.44140625 0.0109375 0.0140625
0 0.621875 0.359375 0.0125 0.0125
0 0.63984375 0.1859375 0.0234375 0.01796875