0 0.0859375 0.57734375 0.171875 0.5484375
0 0.0890625 0.67890625 0.178125 0.5890625
0 0.24765625 0.36171875 0.1578125 0.18046875
0 0.22265625 0.62578125 0.1859375 0.5609375
0 0.34453125 0.58515625 0.1484375 0.50625
0 0.47109375 0.5859375 0.13515625 0.478125
0 0.4125 0.34453125 0.0859375 0.140625
0 0.51875 0.5109375 0.0765625 0.43359375
0 0.57890625 0.6140625 0.15234375 0.44453125
0 0.66640625 0.5671875 0.14296875 0.47109375
0 0.67265625 0.3640625 0.0953125 0.13125
0 0.8046875 0.54296875 0.16484375 0.5125
0 0.92578125 0.553125 0.14453125 0.58515625
0 0.503125 0.28203125 0.04140625 0.0203125
0 0.36640625 0.2953125 0.0359375 0.0203125
0 0.790625 0.19453125 0.03203125 0.028125