0 0.2703125 0.5296875 0.540625 0.9390625
0 0.246875 0.27421875 0.221875 0.48203125
0 0.46875 0.53125 0.4359375 0.9375
0 0.5703125 0.425 0.115625 0.31640625
0 0.6703125 0.5140625 0.1515625 0.43359375
0 0.79375 0.484375 0.1546875 0.31640625
0 0.76484375 0.509375 0.09765625 0.1640625
0 0.853125 0.47578125 0.0515625 0.090625
0 0.978125 0.315625 0.04296875 0.07734375
0 0.95859375 0.4609375 0.08046875 0.14453125
0 0.03046875 0.32578125 0.0609375 0.46796875
0 0.8359375 0.72890625 0.328125 0.5421875
0 0.90234375 0.39296875 0.1921875 0.1265625