0 0.86796875 0.65703125 0.09765625 0.575
0 0.81875 0.67890625 0.134375 0.48203125
0 0.73828125 0.6140625 0.08984375 0.44453125
0 0.7140625 0.69765625 0.15078125 0.521875
0 0.63828125 0.6703125 0.07890625 0.5625
0 0.6625 0.61328125 0.096875 0.49140625
0 0.59609375 0.459375 0.07109375 0.25625
0 0.53515625 0.5828125 0.13515625 0.35
0 0.5078125 0.590625 0.04609375 0.19453125
0 0.51640625 0.4546875 0.05390625 0.11796875
0 0.4859375 0.42109375 0.03125 0.0609375
0 0.4765625 0.37109375 0.09921875 0.1203125
0 0.42734375 0.40625 0.09609375 0.12421875
0 0.43203125 0.540625 0.0765625 0.28203125
0 0.478125 0.56015625 0.0625 0.2453125
0 0.48203125 0.78203125 0.13125 0.3359375
0 0.38828125 0.759375 0.0875 0.303125
0 0.39921875 0.40625 0.0515625 0.11640625
0 0.35 0.38515625 0.0703125 0.11328125
0 0.35859375 0.5453125 0.13125 0.19453125
0 0.34609375 0.5 0.06328125 0.309375
0 0.32109375 0.4921875 0.0671875 0.30234375
0 0.26953125 0.43125 0.08203125 0.25859375
0 0.21171875 0.52265625 0.06796875 0.3125
0 0.24765625 0.56328125 0.1171875 0.228125
0 0.225 0.43515625 0.05390625 0.0734375
0 0.15390625 0.4265625 0.0875 0.190625
0 0.11328125 0.59375 0.1125 0.48984375
0 0.16953125 0.775 0.11953125 0.378125
0 0.25625 0.7765625 0.0875 0.30703125
0 0.32890625 0.7359375 0.1 0.353125
0 0.53984375 0.4171875 0.04296875 0.1265625