0 0.11640625 0.56015625 0.11796875 0.32578125
0 0.63515625 0.55390625 0.084375 0.18984375
0 0.690625 0.55234375 0.0578125 0.17109375
0 0.71328125 0.57734375 0.09765625 0.1296875
0 0.7890625 0.54765625 0.06796875 0.1703125
0 0.7453125 0.5375 0.06484375 0.1375
0 0.50625 0.5234375 0.05546875 0.08203125
0 0.53125 0.525 0.0359375 0.0875
0 0.04296875 0.54609375 0.05859375 0.1671875
0 0.86640625 0.55625 0.07421875 0.11015625
0 0.88125 0.52421875 0.034375 0.0390625
0 0.93671875 0.5359375 0.05546875 0.05703125
0 0.98125 0.52265625 0.0375 0.0734375