0 0.025 0.5546875 0.05 0.265625
0 0.05546875 0.52265625 0.0375 0.16796875
0 0.07421875 0.5515625 0.0671875 0.24375
0 0.10703125 0.565625 0.0953125 0.30234375
0 0.146875 0.55390625 0.053125 0.2875
0 0.19453125 0.5953125 0.11640625 0.365625
0 0.2234375 0.4625 0.015625 0.028125
0 0.23671875 0.46640625 0.0171875 0.03984375
0 0.23203125 0.4703125 0.0203125 0.04140625
0 0.26171875 0.4765625 0.03671875 0.06953125
0 0.2640625 0.47421875 0.0265625 0.06171875
0 0.26171875 0.5640625 0.03359375 0.1765625
0 0.28046875 0.49921875 0.025 0.05234375
0 0.2921875 0.540625 0.03359375 0.20625
0 0.3109375 0.57265625 0.07421875 0.29140625
0 0.37421875 0.57421875 0.0765625 0.2921875
0 0.353125 0.54140625 0.0390625 0.328125
0 0.38828125 0.43359375 0.0234375 0.03046875
0 0.4046875 0.56953125 0.04140625 0.278125
0 0.42421875 0.57890625 0.0578125 0.30625
0 0.47578125 0.5984375 0.096875 0.30859375
0 0.4875 0.56953125 0.0484375 0.31640625
0 0.5234375 0.565625 0.04453125 0.3515625
0 0.54296875 0.56640625 0.05703125 0.36171875
0 0.57890625 0.603125 0.13046875 0.38046875
0 0.5828125 0.5765625 0.05078125 0.33359375
0 0.62890625 0.565625 0.084375 0.45859375
0 0.67734375 0.61640625 0.0625 0.4
0 0.7265625 0.5984375 0.18828125 0.534375
0 0.78046875 0.60546875 0.0515625 0.415625
0 0.8 0.63359375 0.0765625 0.4375
0 0.79453125 0.41953125 0.05 0.08359375
0 0.83203125 0.4234375 0.01328125 0.0921875
0 0.27421875 0.74296875 0.15390625 0.05234375
0 0.13046875 0.43515625 0.01328125 0.0265625
0 0.178125 0.45390625 0.015625 0.03359375
0 0.2796875 0.46015625 0.0109375 0.02578125
0 0.3296875 0.44375 0.0140625 0.03828125
0 0.440625 0.43046875 0.03671875 0.0421875
0 0.46953125 0.4375 0.0125 0.028125
0 0.47421875 0.6515625 0.01953125 0.07421875
0 0.50390625 0.440625 0.0234375 0.034375
0 0.5875 0.36875 0.03828125 0.0859375
0 0.6796875 0.38515625 0.0578125 0.09140625
0 0.74921875 0.39140625 0.01953125 0.04609375
0 0.13203125 0.646875 0.01171875 0.0734375
0 0.16796875 0.65390625 0.0140625 0.0359375
0 0.6015625 0.45625 0.01640625 0.0359375