0 0.02578125 0.78828125 0.0515625 0.42109375
0 0.14765625 0.8015625 0.159375 0.3953125
0 0.9015625 0.6265625 0.02421875 0.11484375
0 0.87578125 0.6296875 0.03203125 0.1125
0 0.59453125 0.6296875 0.01171875 0.0625
0 0.509375 0.76875 0.10859375 0.3
0 0.52109375 0.7640625 0.08203125 0.2859375
0 0.4140625 0.6546875 0.034375 0.0890625
0 0.403125 0.61796875 0.01015625 0.02109375
0 0.3359375 0.6234375 0.00859375 0.0203125
0 0.15703125 0.63125 0.03203125 0.0703125
0 0.1078125 0.6375 0.0109375 0.02265625
0 0.42734375 0.61953125 0.0171875 0.03125
0 0.275 0.62890625 0.046875 0.0421875
0 0.0296875 0.7203125 0.02734375 0.0640625