0 0.83125 0.159375 0.10234375 0.31796875
0 0.73359375 0.128125 0.07265625 0.20390625
0 0.67578125 0.10625 0.08203125 0.20390625
0 0.6078125 0.134375 0.05546875 0.10390625
0 0.75703125 0.29296875 0.09765625 0.3296875
0 0.84453125 0.3578125 0.171875 0.5078125
0 0.56875 0.54921875 0.22109375 0.8421875
0 0.75390625 0.68515625 0.18203125 0.62578125
0 0.91796875 0.6203125 0.16328125 0.38828125
0 0.41328125 0.346875 0.07890625 0.221875
0 0.42578125 0.534375 0.13203125 0.384375
0 0.31328125 0.34296875 0.07734375 0.25390625
0 0.25546875 0.49921875 0.37109375 0.99765625
0 0.18359375 0.80625 0.36640625 0.384375
0 0.23828125 0.23671875 0.03671875 0.1296875
0 0.4234375 0.83046875 0.328125 0.3390625