0 0.1375 0.21484375 0.03828125 0.17109375
0 0.02734375 0.21328125 0.0546875 0.07109375
0 0.0984375 0.2875 0.065625 0.22421875
0 0.16875 0.23203125 0.0390625 0.15625
0 0.1953125 0.2453125 0.0609375 0.1484375
0 0.21953125 0.2453125 0.040625 0.15390625
0 0.2515625 0.2765625 0.03828125 0.15859375
0 0.146875 0.378125 0.07109375 0.2734375
0 0.1890625 0.3625 0.04765625 0.25625
0 0.23125 0.37890625 0.05390625 0.2265625
0 0.2765625 0.4 0.05625 0.2390625
0 0.32265625 0.39140625 0.0515625 0.31484375
0 0.3765625 0.5234375 0.12421875 0.47109375
0 0.44375 0.384375 0.0515625 0.31484375
0 0.48515625 0.378125 0.04765625 0.2828125
0 0.52421875 0.45 0.0484375 0.39296875
0 0.57890625 0.40625 0.07109375 0.28515625
0 0.63515625 0.384375 0.05546875 0.3
0 0.66640625 0.37578125 0.03828125 0.2484375
0 0.715625 0.40234375 0.0609375 0.2734375
0 0.7671875 0.44296875 0.046875 0.290625
0 0.8125 0.44375 0.06640625 0.3125
0 0.8703125 0.4875 0.06875 0.3953125
0 0.89921875 0.40703125 0.05078125 0.234375
0 0.89921875 0.71484375 0.09765625 0.409375
0 0.8203125 0.69140625 0.071875 0.3875
0 0.7484375 0.68515625 0.0796875 0.434375
0 0.7078125 0.6546875 0.05390625 0.3734375
0 0.6515625 0.621875 0.0828125 0.4
0 0.5984375 0.6171875 0.0671875 0.365625
0 0.5421875 0.64296875 0.06640625 0.3734375
0 0.47890625 0.60390625 0.0671875 0.3828125
0 0.4171875 0.61796875 0.07890625 0.35859375
0 0.34453125 0.6171875 0.0796875 0.434375
0 0.23359375 0.5734375 0.05078125 0.3609375
0 0.2703125 0.63203125 0.075 0.41953125
0 0.19375 0.56328125 0.05390625 0.33203125
0 0.0734375 0.6 0.10078125 0.50234375
0 0.1390625 0.62421875 0.0765625 0.409375
0 0.1609375 0.68671875 0.11640625 0.3875
0 0.2234375 0.22421875 0.03203125 0.1125
0 0.26015625 0.2265625 0.02421875 0.10703125
0 0.27421875 0.265625 0.0390625 0.1171875
0 0.29921875 0.27421875 0.03203125 0.16328125
0 0.3265625 0.21484375 0.02265625 0.05390625
0 0.3453125 0.25859375 0.0234375 0.1265625
0 0.371875 0.2375 0.02734375 0.1
0 0.38984375 0.25 0.0296875 0.1
0 0.4078125 0.3234375 0.0359375 0.19296875
0 0.41328125 0.2375 0.02265625 0.090625
0 0.4296875 0.26484375 0.03125 0.12890625
0 0.4625 0.2671875 0.03125 0.11953125
0 0.4859375 0.240625 0.04375 0.12421875
0 0.50859375 0.28515625 0.0296875 0.1265625
0 0.5296875 0.240625 0.021875 0.11953125
0 0.546875 0.28046875 0.0328125 0.1171875
0 0.58359375 0.2390625 0.02421875 0.06796875
0 0.59609375 0.328125 0.03828125 0.19296875
0 0.621875 0.25234375 0.034375 0.11953125
0 0.684375 0.271875 0.03046875 0.11953125
0 0.696875 0.40390625 0.034375 0.32421875
0 0.73359375 0.29609375 0.02421875 0.11484375
0 0.7484375 0.371875 0.0328125 0.20703125
0 0.784375 0.31796875 0.0390625 0.134375
0 0.8234375 0.26484375 0.025 0.065625
0 0.840625 0.34609375 0.034375 0.14140625
0 0.984375 0.1265625 0.01171875 0.05859375
0 0.68828125 0.1125 0.0234375 0.04375
0 0.63359375 0.0828125 0.02421875 0.0390625
0 0.3953125 0.115625 0.040625 0.0515625
0 0.48125 0.0890625 0.01953125 0.03203125
0 0.36640625 0.0625 0.02265625 0.04140625
0 0.2078125 0.12109375 0.01484375 0.0515625
0 0.284375 0.10390625 0.015625 0.04609375
0 0.171875 0.06328125 0.0328125 0.0484375
0 0.0203125 0.07578125 0.034375 0.034375
0 0.3578125 0.3625 0.025 0.08515625
0 0.5609375 0.25234375 0.01640625 0.0609375
0 0.76640625 0.2671875 0.01875 0.04609375