0 0.0390625 0.51484375 0.078125 0.26953125
0 0.41171875 0.46875 0.03203125 0.1421875
0 0.4328125 0.47265625 0.0171875 0.11796875
0 0.45078125 0.48515625 0.05 0.14296875
0 0.46328125 0.47265625 0.0265625 0.11328125
0 0.50625 0.49140625 0.07578125 0.1078125
0 0.5109375 0.46796875 0.01953125 0.10390625
0 0.52421875 0.46171875 0.021875 0.13515625
0 0.546875 0.4640625 0.03515625 0.12890625
0 0.5859375 0.46015625 0.0390625 0.12421875
0 0.6609375 0.45078125 0.03984375 0.12890625
0 0.6828125 0.45390625 0.0203125 0.065625
0 0.67578125 0.45859375 0.01171875 0.053125
0 0.68984375 0.45390625 0.01015625 0.0515625
0 0.70859375 0.45390625 0.0125 0.053125
0 0.71953125 0.4546875 0.015625 0.05078125
0 0.81640625 0.43984375 0.0375 0.109375
0 0.846875 0.4296875 0.03515625 0.12578125
0 0.02578125 0.90390625 0.05 0.190625
0 0.353125 0.46875 0.0296875 0.0390625
0 0.9703125 0.36953125 0.03828125 0.07109375