0 0.878125 0.696875 0.08515625 0.5515625
0 0.8 0.67578125 0.11875 0.6390625
0 0.76171875 0.69140625 0.090625 0.5421875
0 0.68515625 0.67109375 0.14296875 0.62578125
0 0.61171875 0.6796875 0.10390625 0.56484375
0 0.5640625 0.77109375 0.146875 0.45703125
0 0.44375 0.75234375 0.16953125 0.43828125
0 0.32421875 0.7828125 0.140625 0.38046875
0 0.1734375 0.6921875 0.1234375 0.534375
0 0.2765625 0.6875 0.10859375 0.5015625
0 0.36015625 0.68671875 0.09609375 0.5171875
0 0.45625 0.6734375 0.12578125 0.55859375
0 0.53984375 0.5296875 0.0828125 0.24375