0 0.25546875 0.50546875 0.15390625 0.78125
0 0.17109375 0.571875 0.0609375 0.35625
0 0.20859375 0.5046875 0.09140625 0.671875
0 0.30234375 0.60703125 0.0609375 0.41171875
0 0.32890625 0.56171875 0.0796875 0.43203125
0 0.37578125 0.60078125 0.0421875 0.253125
0 0.40703125 0.59453125 0.05703125 0.30390625
0 0.4640625 0.60234375 0.0421875 0.26015625
0 0.496875 0.59375 0.0546875 0.30546875
0 0.534375 0.609375 0.04609375 0.23984375
0 0.5828125 0.59609375 0.0484375 0.25546875
0 0.62421875 0.6 0.05390625 0.25859375
0 0.66796875 0.60390625 0.03046875 0.23984375
0 0.6890625 0.5640625 0.078125 0.40625
0 0.86015625 0.53125 0.1046875 0.45859375
0 0.4 0.62421875 0.10234375 0.19609375
0 0.5796875 0.67890625 0.028125 0.0625