0 0.9734375 0.7578125 0.053125 0.30234375
0 0.83046875 0.79765625 0.06953125 0.14765625
0 0.8796875 0.715625 0.07890625 0.3234375
0 0.878125 0.7171875 0.07734375 0.31796875
0 0.95 0.71484375 0.075 0.309375
0 0.93671875 0.69765625 0.078125 0.28671875
0 0.9796875 0.57421875 0.034375 0.0828125
0 0.703125 0.740625 0.08359375 0.33125
0 0.75234375 0.73203125 0.07265625 0.3390625
0 0.7703125 0.71953125 0.0609375 0.3109375
0 0.790625 0.609375 0.0484375 0.1375
0 0.80390625 0.65546875 0.0328125 0.25
0 0.66640625 0.728125 0.084375 0.3125
0 0.65546875 0.71328125 0.08359375 0.29296875
0 0.58203125 0.71796875 0.090625 0.34296875
0 0.50859375 0.73046875 0.121875 0.3546875
0 0.40546875 0.70859375 0.1234375 0.34921875
0 0.47578125 0.684375 0.05546875 0.3296875
0 0.42421875 0.6953125 0.1015625 0.34453125
0 0.3671875 0.6890625 0.11015625 0.3
0 0.29296875 0.7171875 0.09453125 0.290625
0 0.1953125 0.6875 0.109375 0.3984375
0 0.109375 0.71484375 0.0859375 0.3921875
0 0.14453125 0.67890625 0.05859375 0.33125
0 0.20625 0.5453125 0.01875 0.0375
0 0.075 0.709375 0.06015625 0.3
0 0.0859375 0.51328125 0.03828125 0.1
0 0.03828125 0.51015625 0.04609375 0.11328125
0 0.0140625 0.51875 0.028125 0.1046875
0 0.05703125 0.48984375 0.02890625 0.134375
0 0.87109375 0.521875 0.05078125 0.096875
0 0.834375 0.57421875 0.04609375 0.13203125
0 0.8046875 0.475 0.025 0.08828125
0 0.8171875 0.50703125 0.03203125 0.1203125
0 0.81953125 0.50078125 0.025 0.1078125
0 0.87109375 0.471875 0.0390625 0.0765625
0 0.89921875 0.5328125 0.04140625 0.11953125
0 0.92890625 0.51328125 0.0328125 0.0890625
0 0.95078125 0.515625 0.05 0.0828125
0 0.77578125 0.41328125 0.01796875 0.0578125
0 0.76171875 0.41953125 0.0171875 0.053125
0 0.74921875 0.41796875 0.01875 0.06640625
0 0.74140625 0.41484375 0.01640625 0.0671875
0 0.715625 0.41796875 0.01171875 0.0578125
0 0.70234375 0.4078125 0.0140625 0.0359375
0 0.65078125 0.384375 0.0078125 0.028125
0 0.625 0.390625 0.00625 0.01875
0 0.63828125 0.3859375 0.01171875 0.028125
0 0.64453125 0.3859375 0.00703125 0.028125
0 0.640625 0.38515625 0.00625 0.02734375
0 0.40625 0.5421875 0.03515625 0.04296875
0 0.2671875 0.471875 0.209375 0.140625
0 0.98828125 0.49296875 0.0234375 0.0328125
0 0.86484375 0.48828125 0.02578125 0.0484375
0 0.71796875 0.39375 0.025 0.0484375
0 0.465625 0.43125 0.121875 0.12578125