0 0.0328125 0.68203125 0.06484375 0.221875
0 0.09296875 0.653125 0.0828125 0.16796875
0 0.1359375 0.59609375 0.06953125 0.24609375
0 0.21875 0.60859375 0.0546875 0.12109375
0 0.1859375 0.8734375 0.228125 0.253125
0 0.2625 0.8078125 0.165625 0.384375
0 0.275 0.6828125 0.08125 0.1453125
0 0.30390625 0.6203125 0.065625 0.1421875
0 0.328125 0.59765625 0.03125 0.1109375
0 0.36796875 0.76484375 0.1125 0.36328125
0 0.41875 0.69609375 0.09296875 0.31796875
0 0.3640625 0.55390625 0.0375 0.0828125
0 0.4015625 0.54921875 0.05 0.1953125
0 0.428125 0.546875 0.0390625 0.2875
0 0.4546875 0.565625 0.0359375 0.32890625
0 0.47890625 0.58984375 0.05078125 0.32265625
0 0.4890625 0.45546875 0.02421875 0.0703125
0 0.57890625 0.4875 0.053125 0.15625
0 0.6125 0.53984375 0.03046875 0.0578125
0 0.65 0.55390625 0.06875 0.2390625
0 0.57265625 0.62109375 0.07890625 0.1375
0 0.571875 0.72265625 0.1171875 0.28203125
0 0.5296875 0.84609375 0.15703125 0.3078125
0 0.7140625 0.7859375 0.12734375 0.3375
0 0.74921875 0.6234375 0.06171875 0.18984375
0 0.78359375 0.63828125 0.075 0.15625
0 0.81171875 0.67109375 0.09296875 0.22578125
0 0.8453125 0.69609375 0.12734375 0.240625
0 0.85703125 0.75859375 0.109375 0.27578125
0 0.85078125 0.703125 0.11875 0.221875
0 0.93046875 0.740625 0.13828125 0.51875
0 0.35625 0.72109375 0.08828125 0.278125
0 0.03125 0.93125 0.0625 0.1375
0 0.6859375 0.540625 0.02578125 0.08359375
0 0.51328125 0.64765625 0.05546875 0.1484375
0 0.76953125 0.61796875 0.028125 0.0734375
0 0.96328125 0.90703125 0.07265625 0.1859375
0 0.29609375 0.4828125 0.02265625 0.1375
0 0.3984375 0.89375 0.1046875 0.2125
0 0.8828125 0.60625 0.0515625 0.06953125