0 0.0703125 0.703125 0.0390625 0.16484375
0 0.1328125 0.7203125 0.04296875 0.1484375
0 0.1390625 0.715625 0.02734375 0.17265625
0 0.20859375 0.7453125 0.009375 0.04140625
0 0.21953125 0.7453125 0.0171875 0.05234375
0 0.2671875 0.76171875 0.03046875 0.1109375
0 0.325 0.79921875 0.0296875 0.05625
0 0.3875 0.775 0.02578125 0.13046875
0 0.40703125 0.7734375 0.03671875 0.14140625
0 0.41328125 0.6984375 0.0140625 0.0546875
0 0.42578125 0.7015625 0.0140625 0.02734375
0 0.45546875 0.77109375 0.04453125 0.22109375
0 0.6609375 0.80546875 0.04609375 0.22109375
0 0.71484375 0.74921875 0.0171875 0.065625
0 0.72890625 0.771875 0.02578125 0.1
0 0.74453125 0.84921875 0.0203125 0.07265625
0 0.74765625 0.83203125 0.034375 0.12890625
0 0.78359375 0.75859375 0.01015625 0.0796875
0 0.79296875 0.7546875 0.0140625 0.0796875
0 0.8046875 0.7578125 0.015625 0.078125
0 0.8109375 0.73046875 0.0140625 0.04140625
0 0.771875 0.78046875 0.03984375 0.2796875
0 0.81875 0.790625 0.0390625 0.2453125
0 0.95625 0.80390625 0.06015625 0.246875
0 0.97734375 0.8765625 0.03671875 0.1015625
0 0.98671875 0.82109375 0.0265625 0.24140625
0 0.85234375 0.53359375 0.165625 0.92890625
0 0.6578125 0.58046875 0.1875 0.83515625
0 0.5203125 0.59375 0.13046875 0.7625
0 0.20390625 0.5765625 0.09921875 0.55390625
0 0.125 0.58359375 0.09453125 0.5390625
0 0.878125 0.86015625 0.015625 0.18125
0 0.94609375 0.66796875 0.04921875 0.02578125
0 0.9609375 0.88671875 0.0203125 0.07421875