0 0.7921875 0.42421875 0.01953125 0.10546875
0 0.76640625 0.4171875 0.02265625 0.09296875
0 0.84453125 0.41015625 0.015625 0.0625
0 0.825 0.41640625 0.01640625 0.053125
0 0.8140625 0.42109375 0.015625 0.07734375
0 0.87734375 0.428125 0.015625 0.0921875
0 0.8640625 0.4390625 0.02265625 0.090625
0 0.85859375 0.41953125 0.01796875 0.0859375
0 0.90859375 0.6515625 0.165625 0.69296875
0 0.82421875 0.546875 0.03515625 0.2015625
0 0.8140625 0.5296875 0.021875 0.18515625
0 0.8046875 0.525 0.021875 0.15234375
0 0.78203125 0.5265625 0.03203125 0.1375
0 0.77578125 0.45546875 0.01640625 0.03671875
0 0.7484375 0.471875 0.025 0.0546875
0 0.71875 0.5234375 0.0328125 0.1765625
0 0.7265625 0.42578125 0.01796875 0.08125
0 0.70859375 0.42265625 0.021875 0.09609375
0 0.68984375 0.4453125 0.0171875 0.090625
0 0.68203125 0.4109375 0.0140625 0.0515625
0 0.66328125 0.40703125 0.0171875 0.0640625
0 0.67265625 0.521875 0.03046875 0.19375
0 0.73671875 0.7359375 0.171875 0.52578125
0 0.53359375 0.84453125 0.18203125 0.3109375
0 0.65703125 0.50625 0.01484375 0.13203125
0 0.63828125 0.54296875 0.03046875 0.18203125
0 0.6265625 0.5140625 0.025 0.18671875
0 0.64296875 0.440625 0.01796875 0.03671875
0 0.65546875 0.503125 0.01640625 0.12578125
0 0.60625 0.53515625 0.034375 0.18359375
0 0.603125 0.52734375 0.0296875 0.18359375
0 0.584375 0.51796875 0.01953125 0.15234375
0 0.57109375 0.521875 0.02578125 0.1765625
0 0.54921875 0.53203125 0.04765625 0.175
0 0.528125 0.5328125 0.0359375 0.1703125
0 0.50390625 0.52734375 0.0296875 0.178125
0 0.49375 0.4015625 0.0171875 0.06796875
0 0.478125 0.40546875 0.0171875 0.09296875
0 0.46484375 0.38984375 0.01171875 0.059375
0 0.47421875 0.52109375 0.02734375 0.18359375
0 0.44765625 0.52109375 0.03359375 0.15703125
0 0.446875 0.4421875 0.02578125 0.0609375
0 0.43515625 0.43984375 0.01796875 0.059375
0 0.4171875 0.528125 0.03046875 0.1671875
0 0.3625 0.46640625 0.025 0.09765625
0 0.38359375 0.51796875 0.03203125 0.1734375
0 0.40234375 0.51640625 0.0265625 0.1640625
0 0.34296875 0.50703125 0.028125 0.09765625
0 0.303125 0.53046875 0.0359375 0.1984375
0 0.28203125 0.51328125 0.02421875 0.16171875
0 0.259375 0.55 0.0453125 0.18984375
0 0.25078125 0.4671875 0.025 0.084375
0 0.265625 0.4375 0.01640625 0.04296875
0 0.26171875 0.4359375 0.0171875 0.03984375
0 0.3453125 0.71484375 0.07265625 0.375
0 0.44765625 0.8 0.13203125 0.396875
0 0.4546875 0.68203125 0.10703125 0.1703125
0 0.27265625 0.8140625 0.10703125 0.371875
0 0.18203125 0.79765625 0.08984375 0.4015625
0 0.059375 0.77109375 0.11796875 0.4546875
0 0.115625 0.6953125 0.07109375 0.434375
0 0.0546875 0.575 0.053125 0.1484375
0 0.00703125 0.459375 0.01328125 0.1125
0 0.13203125 0.4921875 0.03046875 0.0890625
0 0.16640625 0.4515625 0.02578125 0.05625
0 0.18125 0.49140625 0.0328125 0.1109375
0 0.19921875 0.52890625 0.03671875 0.16328125
0 0.21953125 0.6078125 0.0671875 0.196875
0 0.15546875 0.60859375 0.05 0.28125
0 0.19609375 0.75078125 0.06640625 0.30234375
0 0.74453125 0.41875 0.02109375 0.0578125
0 0.75703125 0.46015625 0.021875 0.0578125
0 0.734375 0.45859375 0.01640625 0.04921875
0 0.646875 0.39765625 0.0171875 0.03984375
0 0.7296875 0.3859375 0.01953125 0.028125
0 0.584375 0.42890625 0.05390625 0.01953125
0 0.58671875 0.39453125 0.0984375 0.0609375
0 0.5703125 0.446875 0.0296875 0.01640625
0 0.51796875 0.45234375 0.01328125 0.028125
0 0.490625 0.4453125 0.0125 0.03125
0 0.46015625 0.4296875 0.02109375 0.03828125
0 0.4046875 0.41796875 0.08203125 0.053125
0 0.32109375 0.41953125 0.08515625 0.05
0 0.24140625 0.4359375 0.009375 0.03671875
0 0.02109375 0.52421875 0.03984375 0.06484375
0 0.07578125 0.43671875 0.08203125 0.09765625
0 0.13984375 0.41640625 0.0453125 0.059375
0 0.17421875 0.50078125 0.0171875 0.053125
0 0.32109375 0.5171875 0.0203125 0.1390625