0 0.06875 0.665625 0.1109375 0.54453125
0 0.11953125 0.48359375 0.0515625 0.20234375
0 0.17421875 0.6421875 0.1171875 0.5421875
0 0.246875 0.63984375 0.084375 0.48125
0 0.27578125 0.6734375 0.14296875 0.5171875
0 0.0234375 0.50625 0.04609375 0.1515625
0 0.2046875 0.61484375 0.0546875 0.41328125
0 0.20703125 0.428125 0.04609375 0.1265625
0 0.27265625 0.4078125 0.040625 0.16015625
0 0.2921875 0.60859375 0.03359375 0.4875
0 0.33515625 0.6640625 0.08671875 0.50625
0 0.3578125 0.64921875 0.0625 0.475
0 0.375 0.63046875 0.0765625 0.50625
0 0.41015625 0.596875 0.06328125 0.39921875
0 0.49765625 0.646875 0.125 0.47734375
0 0.4359375 0.59296875 0.05078125 0.3328125
0 0.55703125 0.60546875 0.07265625 0.47109375
0 0.63359375 0.63984375 0.0921875 0.39296875
0 0.60625 0.46796875 0.05234375 0.15859375
0 0.6484375 0.48671875 0.05234375 0.2125
0 0.71171875 0.609375 0.1109375 0.44140625
0 0.75234375 0.62578125 0.0703125 0.37578125
0 0.7515625 0.5890625 0.06875 0.4453125
0 0.77421875 0.59765625 0.03515625 0.421875
0 0.81015625 0.5921875 0.07890625 0.44296875
0 0.87890625 0.5921875 0.0828125 0.44296875
0 0.93984375 0.5921875 0.09765625 0.409375
0 0.9578125 0.5734375 0.05625 0.35859375
0 0.984375 0.47421875 0.02890625 0.1984375
0 0.46015625 0.63671875 0.07109375 0.4390625
0 0.01484375 0.69140625 0.0296875 0.41953125
0 0.2203125 0.4171875 0.015625 0.03359375
0 0.54609375 0.41484375 0.0765625 0.13515625
0 0.69921875 0.421875 0.08125 0.08671875
0 0.98671875 0.56953125 0.02578125 0.28515625
0 0.34140625 0.23515625 0.1390625 0.378125
0 0.5671875 0.703125 0.09765625 0.2953125
0 0.93046875 0.41953125 0.08671875 0.11640625