0 0.03203125 0.45546875 0.0328125 0.1703125
0 0.0375 0.47890625 0.075 0.22265625
0 0.10078125 0.5828125 0.1015625 0.45078125
0 0.1796875 0.5921875 0.075 0.49453125
0 0.25 0.6 0.15625 0.66328125
0 0.28984375 0.53984375 0.0796875 0.40546875
0 0.37421875 0.53515625 0.0796875 0.3390625
0 0.43984375 0.51640625 0.0953125 0.41796875
0 0.4953125 0.6359375 0.14375 0.55703125
0 0.5671875 0.55 0.084375 0.43046875
0 0.659375 0.55390625 0.121875 0.409375
0 0.7359375 0.58515625 0.115625 0.48828125
0 0.78515625 0.640625 0.1515625 0.56953125
0 0.9328125 0.5640625 0.13125 0.496875
0 0.43046875 0.37421875 0.0328125 0.04140625
0 0.44765625 0.659375 0.0171875 0.04140625
0 0.028125 0.69296875 0.05625 0.1140625
0 0.1515625 0.42421875 0.046875 0.06640625
0 0.196875 0.3453125 0.025 0.025