0 0.009375 0.58125 0.01875 0.32734375
0 0.07265625 0.55625 0.05703125 0.2484375
0 0.13125 0.56171875 0.05859375 0.23515625
0 0.26796875 0.559375 0.1796875 0.428125
0 0.2140625 0.5375 0.05390625 0.28359375
0 0.33828125 0.50234375 0.04375 0.1578125
0 0.39921875 0.54140625 0.0875 0.440625
0 0.590625 0.5703125 0.1265625 0.3828125
0 0.74140625 0.5375 0.0640625 0.32890625
0 0.8078125 0.54375 0.059375 0.31640625
0 0.85546875 0.5953125 0.06640625 0.21796875
0 0.909375 0.59609375 0.06328125 0.21875
0 0.96328125 0.553125 0.0609375 0.3015625
0 0.99296875 0.5484375 0.0125 0.24609375
0 0.96484375 0.41796875 0.0546875 0.0859375
0 0.90625 0.46015625 0.05390625 0.165625
0 0.93671875 0.40859375 0.0453125 0.11484375
0 0.9828125 0.3890625 0.034375 0.0875
0 0.97890625 0.35 0.0421875 0.08984375
0 0.95703125 0.3390625 0.0390625 0.12421875
0 0.915625 0.33984375 0.0578125 0.1265625
0 0.84921875 0.37265625 0.0640625 0.2015625
0 0.7890625 0.46328125 0.0625 0.24375
0 0.8171875 0.34375 0.04375 0.1046875
0 0.778125 0.33359375 0.03828125 0.084375
0 0.73671875 0.32890625 0.0484375 0.1125
0 0.74375 0.4046875 0.0546875 0.13046875
0 0.71171875 0.41796875 0.03828125 0.15546875
0 0.69296875 0.35234375 0.0375 0.09375
0 0.675 0.3796875 0.04140625 0.10390625
0 0.66875 0.446875 0.06015625 0.13984375
0 0.65859375 0.57265625 0.07421875 0.2171875
0 0.55 0.5921875 0.075 0.20703125
0 0.50625 0.590625 0.059375 0.21015625
0 0.465625 0.59375 0.0484375 0.1953125
0 0.49140625 0.5 0.034375 0.0875
0 0.57421875 0.51640625 0.040625 0.0859375
0 0.5640625 0.45 0.0625 0.11484375
0 0.54765625 0.42109375 0.05 0.07421875
0 0.63125 0.41171875 0.03203125 0.06875
0 0.6265625 0.37109375 0.04296875 0.06875
0 0.61953125 0.3390625 0.03203125 0.06796875
0 0.65234375 0.346875 0.03125 0.08828125
0 0.584375 0.34453125 0.04453125 0.0828125
0 0.58984375 0.38828125 0.03515625 0.0984375
0 0.55546875 0.38828125 0.04765625 0.0828125
0 0.546875 0.35703125 0.0328125 0.0734375
0 0.51796875 0.43515625 0.03828125 0.12265625
0 0.52421875 0.3515625 0.02578125 0.07265625
0 0.49609375 0.35078125 0.03671875 0.07421875
0 0.4734375 0.353125 0.03203125 0.08125
0 0.4421875 0.35859375 0.028125 0.07421875
0 0.42890625 0.38203125 0.02578125 0.05625
0 0.446875 0.4296875 0.034375 0.0796875
0 0.4625 0.39453125 0.0296875 0.0859375
0 0.48984375 0.36875 0.02109375 0.03203125
0 0.996875 0.3078125 0.00625 0.06328125
0 0.5203125 0.36171875 0.01796875 0.021875
0 0.38203125 0.38359375 0.0125 0.03125