0 0.1359375 0.54609375 0.05 0.27734375
0 0.134375 0.54609375 0.046875 0.27265625
0 0.20234375 0.54453125 0.0546875 0.22578125
0 0.2625 0.55625 0.034375 0.19453125
0 0.36328125 0.64296875 0.0953125 0.39140625
0 0.4875 0.565625 0.06875 0.28671875
0 0.578125 0.6375 0.125 0.39375
0 0.471875 0.4421875 0.028125 0.06015625
0 0.6375 0.61953125 0.08125 0.3578125
0 0.765625 0.62265625 0.078125 0.3515625
0 0.69765625 0.565625 0.0734375 0.28203125
0 0.63515625 0.4609375 0.0671875 0.0984375
0 0.7359375 0.46953125 0.040625 0.1609375
0 0.7796875 0.44609375 0.046875 0.10078125
0 0.82109375 0.5359375 0.0515625 0.20390625
0 0.81875 0.44375 0.04375 0.06953125
0 0.87578125 0.603125 0.1078125 0.346875
0 0.89296875 0.5640625 0.0828125 0.3
0 0.940625 0.51484375 0.04375 0.2015625
0 0.55390625 0.44375 0.0296875 0.0734375
0 0.34453125 0.4921875 0.1890625 0.134375
0 0.64296875 0.42265625 0.2015625 0.040625
0 0.88203125 0.40625 0.1390625 0.06484375
0 0.50703125 0.31875 0.0203125 0.03828125