0 0.86171875 0.42421875 0.0234375 0.0640625
0 0.865625 0.428125 0.03125 0.06796875
0 0.746875 0.4453125 0.0234375 0.1015625
0 0.67890625 0.41796875 0.0140625 0.021875
0 0.66171875 0.43984375 0.0203125 0.046875
0 0.61484375 0.43203125 0.01640625 0.05234375
0 0.5921875 0.453125 0.00390625 0.02265625
0 0.5765625 0.4421875 0.0234375 0.08125
0 0.54921875 0.428125 0.02578125 0.0375
0 0.5265625 0.45234375 0.03125 0.09140625
0 0.51171875 0.4515625 0.02578125 0.0859375
0 0.4890625 0.44375 0.01953125 0.04140625
0 0.47265625 0.453125 0.034375 0.090625
0 0.4640625 0.4515625 0.025 0.084375
0 0.45703125 0.45390625 0.01953125 0.0546875
0 0.41953125 0.45 0.03515625 0.09375
0 0.42890625 0.446875 0.01796875 0.09296875
0 0.38359375 0.4265625 0.01328125 0.03125
0 0.38359375 0.425 0.01328125 0.0296875
0 0.365625 0.453125 0.03359375 0.0921875
0 0.33984375 0.4515625 0.025 0.08671875
0 0.33046875 0.4078125 0.0078125 0.0140625
0 0.32734375 0.4546875 0.02734375 0.09140625
0 0.30859375 0.45859375 0.02109375 0.0875
0 0.2546875 0.47421875 0.05859375 0.12265625
0 0.1984375 0.45859375 0.0328125 0.0984375
0 0.20390625 0.4578125 0.01953125 0.09375
0 0.109375 0.43515625 0.021875 0.040625
0 0.06796875 0.45625 0.04375 0.09609375
0 0.0390625 0.45859375 0.03125 0.084375
0 0.0390625 0.4546875 0.03125 0.08828125
0 0.6390625 0.41640625 0.02734375 0.02890625
0 0.6984375 0.41484375 0.01796875 0.03046875
0 0.78125 0.42109375 0.03984375 0.0546875
0 0.49375 0.41328125 0.03125 0.0234375
0 0.453125 0.41328125 0.01796875 0.02421875
0 0.39765625 0.39375 0.025 0.04296875