0 0.05859375 0.33046875 0.07265625 0.29453125
0 0.1375 0.34375 0.07734375 0.2875
0 0.16484375 0.32578125 0.0546875 0.2453125
0 0.1953125 0.28828125 0.0546875 0.26015625
0 0.0234375 0.28984375 0.046875 0.2375
0 0.234375 0.20078125 0.03203125 0.09921875
0 0.3046875 0.2015625 0.06328125 0.10625
0 0.21015625 0.60625 0.4203125 0.7875
0 0.41171875 0.6375 0.35859375 0.7203125
0 0.7484375 0.60234375 0.46015625 0.78984375
0 0.80390625 0.215625 0.040625 0.084375
0 0.875 0.290625 0.10859375 0.225
0 0.93046875 0.321875 0.1359375 0.2578125
0 0.93671875 0.4109375 0.12578125 0.27265625
0 0.08671875 0.1625 0.02109375 0.08203125
0 0.11328125 0.16484375 0.02265625 0.071875
0 0.01875 0.165625 0.01796875 0.0640625
0 0.72421875 0.21171875 0.02734375 0.0765625
0 0.69765625 0.215625 0.01953125 0.07890625
0 0.64140625 0.19453125 0.01953125 0.05234375
0 0.6265625 0.1890625 0.02265625 0.05703125
0 0.5046875 0.18203125 0.03046875 0.06171875
0 0.47890625 0.165625 0.0109375 0.03984375
0 0.28359375 0.18046875 0.01484375 0.0546875
0 0.2625 0.1734375 0.02734375 0.07421875
0 0.21875 0.17109375 0.01484375 0.04921875
0 0.23515625 0.171875 0.01484375 0.046875
0 0.1640625 0.1625 0.01796875 0.06171875
0 0.1484375 0.16484375 0.01953125 0.071875
0 0.84609375 0.2796875 0.0984375 0.1734375
0 0.02421875 0.4578125 0.0484375 0.24765625
0 0.00703125 0.16328125 0.0140625 0.0640625
0 0.75625 0.196875 0.0390625 0.05234375
0 0.565625 0.17421875 0.084375 0.046875
0 0.0921875 0.1671875 0.08046875 0.071875
0 0.18984375 0.1625 0.040625 0.0671875
0 0.31171875 0.18203125 0.06171875 0.09140625
0 0.42734375 0.17734375 0.02734375 0.05234375
0 0.853125 0.22890625 0.0515625 0.1015625