0 0.65078125 0.534375 0.06171875 0.153125
0 0.56953125 0.5125 0.06328125 0.1515625
0 0.51484375 0.48046875 0.06484375 0.1390625
0 0.43125 0.4265625 0.06171875 0.1359375
0 0.3796875 0.41953125 0.05859375 0.15
0 0.33359375 0.3703125 0.04609375 0.12890625
0 0.271875 0.36953125 0.04921875 0.12109375
0 0.1484375 0.36640625 0.04765625 0.12421875
0 0.11328125 0.3453125 0.0375 0.11171875
0 0.06171875 0.33203125 0.06015625 0.10390625
0 0.37890625 0.25 0.040625 0.09609375
0 0.4296875 0.2546875 0.04296875 0.0875
0 0.503125 0.26328125 0.034375 0.0859375
0 0.5640625 0.31171875 0.04609375 0.11796875
0 0.24140625 0.3640625 0.03125 0.10859375
0 0.10390625 0.571875 0.09140625 0.18203125
0 0.5390625 0.7046875 0.07265625 0.11328125
0 0.2359375 0.56171875 0.04921875 0.10078125
0 0.01640625 0.2921875 0.0328125 0.10703125
0 0.0421875 0.290625 0.0390625 0.0640625
0 0.80703125 0.2796875 0.04609375 0.05078125
0 0.96796875 0.2375 0.0328125 0.0671875
0 0.96015625 0.30390625 0.05546875 0.09921875
0 0.7671875 0.25078125 0.0359375 0.0828125
0 0.7203125 0.25703125 0.0390625 0.04921875
0 0.63359375 0.21015625 0.0359375 0.04921875
0 0.109375 0.21171875 0.0328125 0.078125
0 0.25703125 0.2375 0.028125 0.0640625
0 0.0828125 0.19765625 0.0328125 0.0578125
0 0.07421875 0.27109375 0.03125 0.0953125
0 0.9328125 0.28046875 0.0265625 0.0859375
0 0.68046875 0.90390625 0.08671875 0.12890625
0 0.73515625 0.96328125 0.07578125 0.0703125
0 0.56171875 0.93515625 0.08828125 0.12734375
0 0.53046875 0.815625 0.07734375 0.09375
0 0.5890625 0.8875 0.07421875 0.13046875
0 0.5203125 0.75546875 0.09453125 0.09921875
0 0.5953125 0.69921875 0.0390625 0.05078125
0 0.5875 0.7609375 0.05234375 0.0796875
0 0.48203125 0.81953125 0.06484375 0.11328125
0 0.50625 0.89140625 0.07890625 0.1375
0 0.471875 0.93515625 0.075 0.1296875
0 0.49921875 0.965625 0.08671875 0.06875
0 0.44140625 0.884375 0.06640625 0.09609375
0 0.3921875 0.91171875 0.10546875 0.1421875
0 0.4 0.84609375 0.04609375 0.078125
0 0.3234375 0.87265625 0.10078125 0.0890625
0 0.0640625 0.9390625 0.12109375 0.11328125
0 0.14453125 0.78515625 0.10234375 0.20703125
0 0.17578125 0.61171875 0.08046875 0.17578125
0 0.1546875 0.9609375 0.12265625 0.075
0 0.31640625 0.96796875 0.09921875 0.0640625
0 0.19921875 0.83359375 0.13125 0.12421875
0 0.26875 0.62265625 0.05859375 0.0875
0 0.0375 0.47265625 0.06953125 0.04453125
0 0.3515625 0.84375 0.034375 0.04921875
0 0.19921875 0.55078125 0.0390625 0.05078125
0 0.05625 0.40859375 0.06171875 0.11640625
0 0.02109375 0.35859375 0.0421875 0.0546875
0 0.41484375 0.340625 0.04453125 0.084375
0 0.5203125 0.38359375 0.04765625 0.11484375
0 0.52734375 0.321875 0.0265625 0.05234375
0 0.56796875 0.378125 0.08203125 0.12265625
0 0.396875 0.30703125 0.0359375 0.05390625
0 0.36015625 0.3265625 0.04296875 0.084375
0 0.35 0.28828125 0.03125 0.05234375
0 0.4484375 0.2875 0.0328125 0.03203125
0 0.09921875 0.2765625 0.05390625 0.10234375
0 0.07109375 0.253125 0.03125 0.11484375
0 0.19375 0.29296875 0.04453125 0.09609375
0 0.221875 0.2671875 0.0390625 0.08125
0 0.34375 0.24453125 0.028125 0.05390625
0 0.15546875 0.2046875 0.0296875 0.04453125
0 0.165625 0.1828125 0.025 0.05390625
0 0.2171875 0.1984375 0.0328125 0.04765625
0 0.19453125 0.20390625 0.0296875 0.04609375
0 0.13671875 0.20390625 0.0296875 0.05234375
0 0.28984375 0.20078125 0.021875 0.0859375
0 0.30859375 0.20546875 0.0296875 0.04921875
0 0.3171875 0.2296875 0.034375 0.05234375
0 0.3984375 0.2140625 0.0328125 0.0828125
0 0.0453125 0.0578125 0.0265625 0.02578125
0 0.26640625 0.18828125 0.034375 0.0796875
0 0.32578125 0.1546875 0.0265625 0.0578125
0 0.33515625 0.18203125 0.0265625 0.0796875
0 0.3546875 0.22734375 0.028125 0.071875
0 0.4671875 0.115625 0.025 0.03828125
0 0.48671875 0.13203125 0.0234375 0.0671875
0 0.5171875 0.14765625 0.021875 0.04453125
0 0.55859375 0.15 0.028125 0.05546875
0 0.590625 0.13671875 0.0265625 0.03515625
0 0.61015625 0.15703125 0.021875 0.05703125
0 0.45078125 0.1390625 0.0375 0.0703125
0 0.584375 0.0765625 0.0203125 0.02421875
0 0.95234375 0.1671875 0.05390625 0.0859375
0 0.96953125 0.25625 0.0359375 0.02890625
0 0.8 0.25234375 0.025 0.03671875
0 0.83046875 0.278125 0.0265625 0.05390625
0 0.72265625 0.23203125 0.034375 0.04140625
0 0.69296875 0.21484375 0.0265625 0.059375
0 0.671875 0.20546875 0.028125 0.04921875
0 0.603125 0.2671875 0.04296875 0.05390625
0 0.62890625 0.253125 0.0328125 0.04453125
0 0.675 0.25 0.04453125 0.05078125
0 0.8046875 0.23671875 0.0375 0.04765625
0 0.7046875 0.5453125 0.05390625 0.05546875
0 0.41484375 0.29296875 0.021875 0.02890625
0 0.21640625 0.07421875 0.01875 0.04453125
0 0.23828125 0.0578125 0.015625 0.03046875
0 0.02890625 0.1640625 0.0328125 0.0765625
0 0.01640625 0.13125 0.0171875 0.02578125
0 0.1609375 0.16171875 0.021875 0.05390625
0 0.27578125 0.13203125 0.0125 0.01875
0 0.23046875 0.1515625 0.021875 0.03984375
0 0.2453125 0.14921875 0.0265625 0.04140625
0 0.209375 0.18125 0.0234375 0.059375
0 0.23203125 0.196875 0.028125 0.08125
0 0.265625 0.09609375 0.0203125 0.02265625
0 0.2109375 0.13984375 0.0265625 0.04140625
0 0.19296875 0.16015625 0.0171875 0.02890625
0 0.1796875 0.171875 0.025 0.0703125
0 0.2609375 0.9640625 0.1375 0.06875
0 0.4203125 0.7875 0.12109375 0.09765625
0 0.1640625 0.51953125 0.06015625 0.078125
0 0.56171875 0.10859375 0.09765625 0.05546875
0 0.715625 0.06640625 0.0359375 0.05390625
0 0.71953125 0.20234375 0.1578125 0.09765625
0 0.67265625 0.990625 0.04609375 0.01875
0 0.50078125 0.3703125 0.0234375 0.0859375
0 0.48828125 0.22421875 0.15 0.05390625
0 0.465625 0.2921875 0.025 0.01875
0 0.26015625 0.29453125 0.06015625 0.05703125
0 0.10625 0.071875 0.14375 0.04921875
0 0.146875 0.11484375 0.05703125 0.03984375
0 0.0109375 0.11640625 0.021875 0.11015625
0 0.08515625 0.17265625 0.1265625 0.0625
0 0.340625 0.134375 0.09140625 0.075