0 0.078125 0.61796875 0.15546875 0.24453125
0 0.23046875 0.71796875 0.27734375 0.5609375
0 0.3578125 0.56171875 0.08515625 0.1234375
0 0.4109375 0.57734375 0.05234375 0.09453125
0 0.5828125 0.575 0.04140625 0.05
0 0.49765625 0.71015625 0.11953125 0.37109375
0 0.59609375 0.575 0.03046875 0.05
0 0.63515625 0.57578125 0.0453125 0.046875
0 0.665625 0.640625 0.03828125 0.14765625
0 0.8609375 0.7234375 0.2765625 0.55078125
0 0.8203125 0.578125 0.1125 0.1421875
0 0.7859375 0.59140625 0.05546875 0.05
0 0.30859375 0.584375 0.0421875 0.046875
0 0.6140625 0.6 0.2109375 0.1265625
0 0.809375 0.5828125 0.04296875 0.05703125