0 0.96328125 0.65546875 0.0734375 0.31171875
0 0.97421875 0.5375 0.04921875 0.08984375
0 0.98671875 0.48515625 0.0265625 0.0640625
0 0.98203125 0.4625 0.03359375 0.05390625
0 0.9640625 0.4484375 0.07109375 0.0796875
0 0.99140625 0.421875 0.01640625 0.03359375
0 0.91875 0.453125 0.05625 0.06640625
0 0.8609375 0.4078125 0.06953125 0.053125
0 0.83515625 0.4046875 0.034375 0.040625
0 0.8125 0.42109375 0.02265625 0.02421875
0 0.8484375 0.44609375 0.02421875 0.0296875
0 0.871875 0.46796875 0.0484375 0.07578125
0 0.89375 0.4390625 0.03671875 0.04140625
0 0.903125 0.53828125 0.1046875 0.11640625
0 0.7546875 0.5796875 0.23984375 0.38984375
0 0.67265625 0.57421875 0.175 0.2484375
0 0.61640625 0.5296875 0.05546875 0.08515625
0 0.70625 0.48125 0.0375 0.034375
0 0.7296875 0.43984375 0.0390625 0.07578125
0 0.728125 0.39765625 0.053125 0.04140625
0 0.6796875 0.41015625 0.06015625 0.06171875
0 0.6078125 0.45078125 0.04453125 0.05390625
0 0.665625 0.44375 0.059375 0.03984375
0 0.646875 0.4453125 0.0359375 0.0375
0 0.62421875 0.428125 0.03046875 0.028125
0 0.615625 0.528125 0.05703125 0.08359375
0 0.5734375 0.5203125 0.0828125 0.09609375
0 0.5328125 0.45546875 0.01953125 0.01484375
0 0.509375 0.4046875 0.02265625 0.0171875
0 0.5703125 0.41328125 0.053125 0.059375
0 0.43984375 0.48515625 0.346875 0.3546875
0 0.33671875 0.51640625 0.09140625 0.1640625
0 0.32890625 0.4375 0.0296875 0.05390625
0 0.28203125 0.50234375 0.08046875 0.0796875
0 0.14453125 0.634375 0.28828125 0.384375
0 0.0953125 0.475 0.07109375 0.1109375
0 0.18046875 0.4515625 0.034375 0.046875
0 0.15 0.4328125 0.02265625 0.021875
0 0.05859375 0.46953125 0.03125 0.05234375
0 0.459375 0.46015625 0.03359375 0.015625
0 0.13984375 0.43828125 0.01875 0.01015625
0 0.0890625 0.4515625 0.01328125 0.01015625