0 0.525 0.9171875 0.028125 0.08515625
0 0.5 0.91484375 0.03203125 0.09453125
0 0.57890625 0.89609375 0.021875 0.0328125
0 0.434375 0.90625 0.03125 0.0515625
0 0.41015625 0.90703125 0.021875 0.0578125
0 0.39296875 0.90546875 0.0203125 0.059375
0 0.353125 0.915625 0.0234375 0.06953125
0 0.33984375 0.91640625 0.0359375 0.07109375
0 0.30625 0.915625 0.02578125 0.0703125
0 0.28046875 0.91484375 0.028125 0.078125
0 0.221875 0.90625 0.0203125 0.04296875
0 0.1703125 0.91015625 0.021875 0.04453125
0 0.371875 0.90859375 0.03203125 0.04296875
0 0.55 0.9 0.028125 0.04609375
0 0.99140625 0.878125 0.0171875 0.05859375
0 0.93671875 0.853125 0.01953125 0.00859375