0 0.01796875 0.81484375 0.0359375 0.17109375
0 0.1125 0.78984375 0.1171875 0.17109375
0 0.1109375 0.78515625 0.1015625 0.1609375
0 0.19375 0.82890625 0.0375 0.1765625
0 0.21484375 0.77265625 0.02265625 0.07109375
0 0.2296875 0.83984375 0.03515625 0.1859375
0 0.28984375 0.825 0.05 0.17265625
0 0.4109375 0.8265625 0.05625 0.1671875
0 0.43125 0.81171875 0.02734375 0.1421875
0 0.4578125 0.8328125 0.0359375 0.18046875
0 0.49609375 0.83046875 0.0421875 0.1515625
0 0.72265625 0.8375 0.08515625 0.25546875
0 0.6515625 0.8015625 0.0328125 0.08671875
0 0.2171875 0.85390625 0.10234375 0.22265625
0 0.121875 0.75234375 0.0234375 0.03046875
0 0.2546875 0.78125 0.04375 0.1
0 0.521875 0.8140625 0.16875 0.21484375