0 0.13203125 0.7109375 0.26328125 0.57734375
0 0.14609375 0.7078125 0.2921875 0.58359375
0 0.1609375 0.5265625 0.203125 0.3625
0 0.16171875 0.48359375 0.05625 0.1671875
0 0.29921875 0.5328125 0.2609375 0.934375
0 0.540625 0.5625 0.35234375 0.8734375
0 0.6453125 0.51640625 0.21640625 0.91953125
0 0.8640625 0.5 0.271875 0.99921875
0 0.9796875 0.67109375 0.040625 0.6546875
0 0.16953125 0.440625 0.07734375 0.2203125
0 0.96171875 0.415625 0.075 0.26015625
0 0.5140625 0.20859375 0.590625 0.325
0 0.24921875 0.496875 0.084375 0.20625