0 0.06171875 0.52265625 0.06796875 0.2859375
0 0.13203125 0.49921875 0.09453125 0.33984375
0 0.14140625 0.47734375 0.0828125 0.29296875
0 0.19140625 0.4671875 0.05390625 0.25625
0 0.21953125 0.5171875 0.06484375 0.315625
0 0.20703125 0.5875 0.05 0.2390625
0 0.24921875 0.5546875 0.08359375 0.384375
0 0.28671875 0.40078125 0.0125 0.0375
0 0.321875 0.56796875 0.128125 0.46640625
0 0.38203125 0.51328125 0.0640625 0.31875
0 0.421875 0.534375 0.06484375 0.321875
0 0.47265625 0.53984375 0.06796875 0.3296875
0 0.4640625 0.590625 0.08359375 0.38125
0 0.5234375 0.61328125 0.13359375 0.47421875
0 0.515625 0.4046875 0.0390625 0.08515625
0 0.56171875 0.60703125 0.0625 0.41640625
0 0.58125 0.5 0.0484375 0.27734375
0 0.65078125 0.5953125 0.1296875 0.45546875
0 0.68125 0.5953125 0.03203125 0.36875
0 0.69609375 0.5296875 0.05078125 0.29921875
0 0.75 0.50625 0.05625 0.2453125
0 0.76640625 0.415625 0.04765625 0.13125
0 0.7515625 0.5984375 0.09375 0.40546875
0 0.79375 0.6171875 0.05703125 0.35390625
0 0.853125 0.60078125 0.1328125 0.5
0 0.91328125 0.61875 0.05625 0.40546875
0 0.9453125 0.62421875 0.08515625 0.43984375
0 0.95625 0.6078125 0.0875 0.37421875
0 0.3 0.40078125 0.01015625 0.0234375
0 0.36171875 0.68984375 0.0421875 0.16953125
0 0.3609375 0.40625 0.03046875 0.07109375
0 0.0078125 0.51796875 0.015625 0.1515625
0 0.5859375 0.4 0.01171875 0.0203125
0 0.63359375 0.39140625 0.01640625 0.046875
0 0.87421875 0.4140625 0.0203125 0.04921875