0 0.0390625 0.71328125 0.078125 0.30546875
0 0.2609375 0.78515625 0.0953125 0.428125
0 0.3609375 0.7984375 0.07578125 0.403125
0 0.4484375 0.7953125 0.08984375 0.403125
0 0.5390625 0.80078125 0.121875 0.39609375
0 0.66015625 0.784375 0.1375 0.43046875
0 0.79453125 0.76796875 0.1640625 0.46171875
0 0.90546875 0.74453125 0.11328125 0.41328125
0 0.81640625 0.590625 0.08359375 0.121875
0 0.71015625 0.72421875 0.0984375 0.40390625
0 0.5875 0.76796875 0.0828125 0.46171875
0 0.4953125 0.78046875 0.05234375 0.43828125
0 0.41484375 0.68203125 0.07109375 0.25703125
0 0.32265625 0.78125 0.071875 0.4359375
0 0.7578125 0.52265625 0.0484375 0.08359375
0 0.70859375 0.55390625 0.07421875 0.11171875
0 0.61875 0.59765625 0.05234375 0.1203125
0 0.63203125 0.56484375 0.04375 0.078125
0 0.49921875 0.57578125 0.06640625 0.0828125
0 0.39453125 0.58203125 0.04296875 0.11328125
0 0.34375 0.60703125 0.08984375 0.12890625
0 0.325 0.5671875 0.0453125 0.11953125
0 0.44375 0.54921875 0.05703125 0.10546875
0 0.5078125 0.55 0.07421875 0.11328125
0 0.56484375 0.54296875 0.04609375 0.10078125
0 0.6421875 0.53515625 0.065625 0.09921875
0 0.7078125 0.51171875 0.0640625 0.09921875
0 0.73984375 0.509375 0.0390625 0.1
0 0.37734375 0.55 0.0234375 0.04453125
0 0.36796875 0.51328125 0.015625 0.0578125
0 0.3859375 0.525 0.01484375 0.0328125
0 0.4828125 0.53046875 0.0171875 0.05
0 0.5546875 0.571875 0.04921875 0.096875
0 0.96796875 0.89140625 0.06328125 0.215625
0 0.39609375 0.471875 0.0140625 0.0390625
0 0.37265625 0.44296875 0.0125 0.0359375
0 0.384375 0.415625 0.0078125 0.02421875
0 0.3734375 0.41171875 0.0140625 0.02890625
0 0.39609375 0.553125 0.05390625 0.08671875
0 0.39140625 0.4984375 0.0140625 0.03203125
0 0.40078125 0.49453125 0.0078125 0.02578125
0 0.40078125 0.50703125 0.021875 0.03046875
0 0.38359375 0.509375 0.01484375 0.034375
0 0.36328125 0.53203125 0.01796875 0.0453125
0 0.3921875 0.378125 0.025 0.03203125
0 0.37265625 0.3765625 0.00859375 0.02109375
0 0.41640625 0.47421875 0.0328125 0.05390625
0 0.41328125 0.5109375 0.0421875 0.021875
0 0.43671875 0.4890625 0.009375 0.01640625
0 0.46328125 0.52890625 0.015625 0.04609375
0 0.35234375 0.53359375 0.015625 0.02109375
0 0.9921875 0.81484375 0.0140625 0.05859375