0 0.61015625 0.54765625 0.371875 0.9046875
0 0.69765625 0.55546875 0.18046875 0.4078125
0 0.953125 0.27734375 0.09375 0.30390625
0 0.95390625 0.46796875 0.0921875 0.6796875
0 0.8015625 0.5171875 0.25 0.96328125
0 0.90625 0.51328125 0.1359375 0.81015625
0 0.8984375 0.14765625 0.1609375 0.2296875
0 0.92734375 0.465625 0.11171875 0.86015625
0 0.69140625 0.21015625 0.128125 0.3140625
0 0.6125 0.10078125 0.115625 0.17421875
0 0.4578125 0.58125 0.1234375 0.6640625
0 0.4234375 0.4890625 0.178125 0.8234375
0 0.3484375 0.203125 0.09296875 0.11484375
0 0.284375 0.49921875 0.1453125 0.7875
0 0.21640625 0.51640625 0.19296875 0.8265625
0 0.07734375 0.46875 0.15390625 0.84375
0 0.12890625 0.45390625 0.09921875 0.7609375
0 0.0296875 0.5140625 0.05859375 0.8953125
0 0.18125 0.453125 0.1265625 0.74140625
0 0.3234375 0.11015625 0.05546875 0.08828125