0 0.77109375 0.57734375 0.0765625 0.14453125
0 0.6890625 0.70703125 0.07734375 0.47109375
0 0.52421875 0.49375 0.04140625 0.11171875
0 0.3859375 0.4765625 0.07578125 0.17890625
0 0.05 0.6421875 0.1 0.54140625
0 0.20234375 0.5125 0.39296875 0.97265625
0 0.15625 0.584375 0.1890625 0.58203125
0 0.48828125 0.7046875 0.265625 0.590625
0 0.60390625 0.6609375 0.2140625 0.66328125
0 0.6109375 0.71640625 0.21328125 0.56484375
0 0.83828125 0.6265625 0.32265625 0.7453125
0 0.94453125 0.5625 0.06328125 0.109375
0 0.7578125 0.53203125 0.10703125 0.171875
0 0.65546875 0.45390625 0.02265625 0.03203125
0 0.59296875 0.47421875 0.07578125 0.11796875
0 0.48984375 0.47109375 0.12109375 0.15703125
0 0.38203125 0.41953125 0.0703125 0.09921875
0 0.27421875 0.353125 0.0625 0.08671875
0 0.01328125 0.3453125 0.02578125 0.078125
0 0.1625 0.3421875 0.04140625 0.08984375