0 0.59921875 0.63828125 0.22109375 0.696875
0 0.39921875 0.65078125 0.2 0.6703125
0 0.4890625 0.4171875 0.2828125 0.7484375
0 0.27734375 0.484375 0.04609375 0.228125
0 0.32109375 0.4546875 0.07421875 0.2171875
0 0.2796875 0.3515625 0.03671875 0.059375
0 0.6921875 0.534375 0.09765625 0.3515625
0 0.71328125 0.434375 0.04921875 0.1421875
0 0.728125 0.30859375 0.02890625 0.0953125
0 0.66953125 0.31796875 0.04296875 0.103125
0 0.315625 0.3515625 0.1234375 0.1375
0 0.6578125 0.359375 0.1703125 0.2015625