0 0.47734375 0.63359375 0.11328125 0.6375
0 0.11796875 0.68203125 0.04765625 0.1375
0 0.19921875 0.665625 0.01953125 0.04765625
0 0.2125 0.6890625 0.01640625 0.0703125
0 0.23125 0.69140625 0.05703125 0.1234375
0 0.22578125 0.68515625 0.04296875 0.13203125
0 0.27578125 0.68828125 0.05078125 0.1375
0 0.303125 0.69375 0.02421875 0.0984375
0 0.3265625 0.696875 0.0328125 0.11328125
0 0.35390625 0.69453125 0.0328125 0.109375
0 0.375 0.696875 0.03125 0.12109375
0 0.4125 0.70078125 0.034375 0.1375
0 0.4390625 0.68125 0.04453125 0.20546875
0 0.53515625 0.69375 0.025 0.13203125
0 0.53828125 0.6984375 0.034375 0.13359375
0 0.559375 0.69453125 0.01171875 0.06796875
0 0.57109375 0.69375 0.025 0.07421875
0 0.5875 0.69375 0.0375 0.15234375
0 0.64140625 0.69453125 0.04609375 0.19921875
0 0.67734375 0.69375 0.0390625 0.1890625
0 0.69921875 0.6875 0.05234375 0.21015625
0 0.746875 0.70078125 0.034375 0.13359375
0 0.75859375 0.70859375 0.02265625 0.1046875
0 0.77578125 0.70859375 0.02109375 0.11328125
0 0.7890625 0.70078125 0.025 0.1046875
0 0.81328125 0.70390625 0.02421875 0.1109375
0 0.79140625 0.70546875 0.04921875 0.14375
0 0.84296875 0.69140625 0.059375 0.2390625
0 0.89609375 0.66875 0.096875 0.403125
0 0.95234375 0.70703125 0.0390625 0.1296875
0 0.959375 0.67890625 0.01796875 0.04921875
0 0.98046875 0.6453125 0.0390625 0.28984375
0 0.259375 0.696875 0.0265625 0.109375
0 0.103125 0.62265625 0.20625 0.15859375
0 0.39375 0.69921875 0.15859375 0.1359375
0 0.415625 0.60703125 0.03125 0.0453125
0 0.540625 0.7203125 0.0359375 0.08203125
0 0.571875 0.67421875 0.02421875 0.08046875
0 0.7296875 0.7046875 0.0296875 0.10078125
0 0.878125 0.734375 0.11171875 0.08203125
0 0.975 0.74140625 0.0359375 0.06796875