0 0.06328125 0.16953125 0.12421875 0.215625
0 0.06875 0.33515625 0.134375 0.44375
0 0.1421875 0.540625 0.1859375 0.85703125
0 0.0921875 0.7703125 0.184375 0.459375
0 0.28984375 0.76171875 0.30078125 0.47578125
0 0.2796875 0.48203125 0.18515625 0.571875
0 0.359375 0.315625 0.11171875 0.43203125
0 0.42109375 0.428125 0.13125 0.6125
0 0.4828125 0.3375 0.16015625 0.403125
0 0.49453125 0.65078125 0.24296875 0.69609375
0 0.62421875 0.6265625 0.1671875 0.74609375
0 0.5890625 0.26953125 0.13984375 0.33828125
0 0.62421875 0.3125 0.109375 0.3828125
0 0.696875 0.41796875 0.13984375 0.590625
0 0.73984375 0.1828125 0.09765625 0.2234375
0 0.834375 0.27109375 0.15234375 0.35703125
0 0.80546875 0.53125 0.225 0.5515625
0 0.92578125 0.3125 0.146875 0.32421875
0 0.8125 0.3125 0.14140625 0.26875
0 0.796875 0.74609375 0.40625 0.50625
0 0.3015625 0.1859375 0.2625 0.20703125
0 0.6234375 0.14453125 0.22109375 0.12890625
0 0.8703125 0.22421875 0.259375 0.2734375
0 0.92578125 0.678125 0.1484375 0.64375
0 0.03359375 0.3890625 0.0671875 0.5203125