0 0.8265625 0.53359375 0.15546875 0.56640625
0 0.5796875 0.63203125 0.19921875 0.7328125
0 0.3640625 0.6265625 0.20390625 0.74609375
0 0.453125 0.65 0.11953125 0.7
0 0.16953125 0.6421875 0.1234375 0.715625
0 0.08828125 0.61328125 0.175 0.7671875
0 0.49453125 0.3578125 0.053125 0.19140625
0 0.2796875 0.61328125 0.12578125 0.721875
0 0.109375 0.76953125 0.06640625 0.24765625
0 0.02109375 0.615625 0.0421875 0.73125
0 0.52265625 0.85078125 0.11015625 0.26015625
0 0.37421875 0.33984375 0.12109375 0.10859375