0 0.890625 0.77890625 0.08203125 0.16640625
0 0.88984375 0.80625 0.13515625 0.15390625
0 0.8421875 0.74140625 0.09375 0.20859375
0 0.815625 0.9015625 0.07421875 0.19609375
0 0.70703125 0.81875 0.09375 0.2109375
0 0.7703125 0.85390625 0.04375 0.0796875
0 0.62734375 0.82421875 0.0796875 0.2
0 0.60703125 0.9625 0.10390625 0.07421875
0 0.95 0.88671875 0.09765625 0.22265625
0 0.884375 0.87890625 0.06484375 0.175
0 0.9578125 0.73046875 0.084375 0.30234375
0 0.80546875 0.7328125 0.07890625 0.184375
0 0.85390625 0.7546875 0.06953125 0.2390625
0 0.9078125 0.57421875 0.08125 0.17890625
0 0.95703125 0.5578125 0.0296875 0.05625
0 0.7546875 0.75078125 0.071875 0.15546875
0 0.784375 0.6203125 0.10234375 0.20390625
0 0.72265625 0.61953125 0.053125 0.15234375
0 0.76640625 0.54140625 0.09296875 0.1203125
0 0.69375 0.7015625 0.06484375 0.1046875
0 0.69609375 0.6734375 0.0421875 0.0796875
0 0.615625 0.8015625 0.10234375 0.2375
0 0.60859375 0.615625 0.0984375 0.19140625
0 0.653125 0.6203125 0.05859375 0.12890625
0 0.6890625 0.5921875 0.0421875 0.11171875
0 0.74453125 0.565625 0.0515625 0.08671875
0 0.85625 0.56484375 0.04453125 0.15234375
0 0.85546875 0.54140625 0.04453125 0.12734375
0 0.86484375 0.4796875 0.09609375 0.13828125
0 0.8984375 0.4640625 0.04921875 0.10234375
0 0.75859375 0.48671875 0.04609375 0.0921875
0 0.7546875 0.46796875 0.0765625 0.14375
0 0.684375 0.51328125 0.04140625 0.0640625
0 0.59375 0.92109375 0.0890625 0.1578125
0 0.5265625 0.85078125 0.0765625 0.1859375
0 0.49921875 0.9375 0.1046875 0.121875
0 0.42734375 0.9609375 0.06484375 0.078125
0 0.4484375 0.928125 0.084375 0.14375
0 0.425 0.87890625 0.071875 0.1578125
0 0.4421875 0.8046875 0.0890625 0.14375
0 0.478125 0.78828125 0.0859375 0.21796875
0 0.5703125 0.76640625 0.0625 0.19453125
0 0.46328125 0.67890625 0.14140625 0.19609375
0 0.4578125 0.67109375 0.075 0.18046875
0 0.496875 0.575 0.06015625 0.184375
0 0.51953125 0.65078125 0.05546875 0.171875
0 0.578125 0.4921875 0.0671875 0.12421875
0 0.58203125 0.55390625 0.046875 0.0921875
0 0.47265625 0.5546875 0.04609375 0.1328125
0 0.50625 0.53203125 0.03984375 0.065625
0 0.54609375 0.47578125 0.02265625 0.08125
0 0.5125 0.4578125 0.05546875 0.13984375
0 0.44140625 0.65078125 0.06484375 0.22109375
0 0.43984375 0.575 0.06328125 0.134375
0 0.446875 0.4953125 0.0328125 0.07109375
0 0.328125 0.89921875 0.0984375 0.2015625
0 0.325 0.95390625 0.0703125 0.0921875
0 0.2453125 0.94375 0.109375 0.1125
0 0.271875 0.90234375 0.05625 0.12421875
0 0.3421875 0.87734375 0.06796875 0.16484375
0 0.35625 0.80625 0.1046875 0.23203125
0 0.35625 0.74140625 0.06328125 0.14140625
0 0.3609375 0.69453125 0.11796875 0.12578125
0 0.4015625 0.675 0.065625 0.1359375
0 0.36953125 0.59609375 0.08671875 0.2125
0 0.39296875 0.509375 0.03515625 0.08828125
0 0.36484375 0.51796875 0.065625 0.09765625
0 0.2140625 0.8953125 0.075 0.20859375
0 0.12265625 0.88046875 0.146875 0.2390625
0 0.20703125 0.80703125 0.084375 0.1453125
0 0.27578125 0.7640625 0.071875 0.16796875
0 0.25390625 0.63203125 0.0578125 0.08515625
0 0.26328125 0.6328125 0.06953125 0.0828125
0 0.26953125 0.56171875 0.05390625 0.13984375
0 0.30625 0.58515625 0.053125 0.1609375
0 0.253125 0.52265625 0.08203125 0.1578125
0 0.31171875 0.53203125 0.04921875 0.1359375
0 0.2328125 0.5109375 0.01640625 0.0515625
0 0.2390625 0.48828125 0.02734375 0.06015625
0 0.2359375 0.4484375 0.05078125 0.08671875
0 0.12578125 0.81875 0.084375 0.2640625
0 0.09375 0.8328125 0.09375 0.171875
0 0.10390625 0.78828125 0.0515625 0.1046875
0 0.18046875 0.65546875 0.071875 0.09765625
0 0.0796875 0.7390625 0.09765625 0.228125
0 0.11484375 0.70703125 0.04609375 0.146875
0 0.20390625 0.6078125 0.0609375 0.1609375
0 0.1109375 0.525 0.06484375 0.1328125
0 0.11953125 0.47890625 0.09765625 0.19296875
0 0.084375 0.4734375 0.03203125 0.07265625
0 0.15390625 0.44453125 0.03515625 0.04609375
0 0.01796875 0.44609375 0.03515625 0.11328125
0 0.02265625 0.77890625 0.04453125 0.2796875
0 0.03359375 0.59609375 0.04140625 0.11328125
0 0.89375 0.43046875 0.025 0.04609375
0 0.7953125 0.42109375 0.03046875 0.0390625
0 0.6375 0.4796875 0.06796875 0.15546875
0 0.70703125 0.48828125 0.028125 0.10234375