0 0.07734375 0.52421875 0.04375 0.228125
0 0.1265625 0.51640625 0.0375 0.23671875
0 0.115625 0.58125 0.04375 0.2609375
0 0.1546875 0.546875 0.0515625 0.25234375
0 0.18515625 0.575 0.05546875 0.27265625
0 0.21796875 0.50078125 0.04609375 0.215625
0 0.25078125 0.56171875 0.05546875 0.2609375
0 0.2671875 0.50234375 0.03203125 0.22265625
0 0.3078125 0.52421875 0.0515625 0.259375
0 0.303125 0.58359375 0.05625 0.25546875
0 0.371875 0.56171875 0.0578125 0.2640625
0 0.35078125 0.50546875 0.0390625 0.23515625
0 0.39609375 0.525 0.05 0.2609375
0 0.43125 0.50078125 0.05546875 0.2328125
0 0.446875 0.59375 0.0390625 0.23515625
0 0.51875 0.58203125 0.05390625 0.259375
0 0.58515625 0.590625 0.0421875 0.2453125
0 0.60390625 0.4953125 0.0578125 0.246875
0 0.6359375 0.53203125 0.0359375 0.24375
0 0.66328125 0.55859375 0.0671875 0.27109375
0 0.684375 0.42421875 0.03203125 0.10078125
0 0.6953125 0.5234375 0.03125 0.20546875
0 0.7078125 0.5875 0.040625 0.246875
0 0.746875 0.57421875 0.0421875 0.23671875
0 0.7453125 0.53359375 0.04375 0.246875
0 0.77421875 0.4609375 0.040625 0.16328125
0 0.79375 0.58671875 0.04765625 0.2453125
0 0.8078125 0.540625 0.0359375 0.23671875
0 0.8421875 0.56484375 0.046875 0.25390625
0 0.85234375 0.49765625 0.0609375 0.19453125
0 0.8890625 0.590625 0.05546875 0.2453125
0 0.52890625 0.325 0.153125 0.30625