0 0.04375 0.61171875 0.0875 0.38984375
0 0.1125 0.38671875 0.08125 0.19375
0 0.2953125 0.58125 0.5375 0.83359375
0 0.6015625 0.665625 0.265625 0.31484375
0 0.52734375 0.428125 0.0515625 0.13125
0 0.56796875 0.47265625 0.0859375 0.2
0 0.63515625 0.40703125 0.0640625 0.08515625
0 0.5953125 0.34140625 0.03125 0.07109375
0 0.61875 0.38203125 0.046875 0.12265625
0 0.6984375 0.390625 0.034375 0.14375
0 0.7234375 0.38828125 0.034375 0.13515625
0 0.746875 0.37578125 0.028125 0.13125
0 0.9359375 0.39375 0.0625 0.07890625
0 0.9515625 0.35703125 0.03125 0.07265625
0 0.38046875 0.48984375 0.0765625 0.20859375
0 0.76328125 0.36875 0.0234375 0.12890625
0 0.971875 0.503125 0.05625 0.16015625
0 0.69296875 0.340625 0.0265625 0.05234375