0 0.746875 0.71328125 0.5046875 0.57265625
0 0.6359375 0.6671875 0.07890625 0.3921875
0 0.5890625 0.68515625 0.084375 0.359375
0 0.403125 0.6640625 0.10859375 0.29765625
0 0.49375 0.7359375 0.2 0.528125
0 0.31796875 0.73671875 0.21484375 0.52578125
0 0.1546875 0.7359375 0.27890625 0.52734375
0 0.08203125 0.725 0.1375 0.42109375
0 0.4046875 0.51796875 0.0359375 0.0640625
0 0.0078125 0.68984375 0.015625 0.1671875
0 0.0546875 0.690625 0.05078125 0.1875
0 0.3890625 0.51875 0.06484375 0.065625
0 0.35546875 0.6515625 0.0625 0.11015625
0 0.55625 0.50703125 0.01953125 0.0296875
0 0.709375 0.4875 0.03046875 0.0484375