0 0.19609375 0.43828125 0.13515625 0.18984375
0 0.2859375 0.41484375 0.07109375 0.11640625
0 0.32578125 0.40859375 0.14140625 0.1296875
0 0.428125 0.44765625 0.08125 0.23515625
0 0.4953125 0.37890625 0.0890625 0.13828125
0 0.60703125 0.44609375 0.10859375 0.28203125
0 0.6703125 0.434375 0.0703125 0.2015625
0 0.73125 0.45703125 0.0828125 0.31015625
0 0.8546875 0.4265625 0.1890625 0.303125
0 0.184375 0.6078125 0.1015625 0.38203125
0 0.2484375 0.53671875 0.05 0.21640625
0 0.28984375 0.4671875 0.075 0.13515625
0 0.3234375 0.43671875 0.0375 0.0703125
0 0.35078125 0.51953125 0.09609375 0.221875
0 0.409375 0.47265625 0.06875 0.13515625
0 0.4890625 0.46796875 0.0625 0.25703125
0 0.5328125 0.4875 0.05625 0.23515625
0 0.5609375 0.50859375 0.09375 0.196875
0 0.6375 0.54296875 0.07265625 0.2765625
0 0.696875 0.5703125 0.2140625 0.253125
0 0.85078125 0.5546875 0.09375 0.403125
0 0.9109375 0.5546875 0.10234375 0.396875
0 0.13203125 0.73046875 0.13125 0.26484375
0 0.26015625 0.7171875 0.12734375 0.31171875
0 0.2890625 0.57265625 0.09140625 0.2015625
0 0.3453125 0.7234375 0.0765625 0.3
0 0.4015625 0.5046875 0.08359375 0.153125
0 0.4203125 0.6828125 0.1296875 0.371875
0 0.4859375 0.6375 0.04609375 0.19140625
0 0.5375 0.72421875 0.12265625 0.25859375
0 0.571875 0.58046875 0.0765625 0.13203125
0 0.60234375 0.7078125 0.17265625 0.31171875
0 0.721875 0.67578125 0.1109375 0.325
0 0.809375 0.6671875 0.11875 0.33515625