0 0.1140625 0.4359375 0.178125 0.2390625
0 0.278125 0.403125 0.1546875 0.275
0 0.4203125 0.41796875 0.1453125 0.25390625
0 0.56171875 0.4078125 0.15703125 0.2625
0 0.71171875 0.4171875 0.15703125 0.240625
0 0.86015625 0.4125 0.15078125 0.2390625
0 0.0796875 0.3421875 0.14296875 0.37265625
0 0.2078125 0.32421875 0.1296875 0.4328125
0 0.3484375 0.2734375 0.14296875 0.3390625
0 0.4875 0.3015625 0.1171875 0.2671875
0 0.6328125 0.303125 0.15078125 0.45078125
0 0.771875 0.3171875 0.121875 0.36015625
0 0.8953125 0.3359375 0.12421875 0.37421875