0 0.134375 0.7546875 0.1 0.37109375
0 0.215625 0.734375 0.11953125 0.378125
0 0.28203125 0.7109375 0.09296875 0.38984375
0 0.353125 0.6484375 0.059375 0.34375
0 0.39453125 0.65390625 0.065625 0.3296875
0 0.45234375 0.715625 0.09375 0.39140625
0 0.49921875 0.615625 0.05234375 0.29765625
0 0.525 0.6296875 0.05 0.30625
0 0.56171875 0.65703125 0.05 0.34375
0 0.6046875 0.703125 0.05546875 0.35390625
0 0.625 0.57265625 0.03515625 0.11953125
0 0.66171875 0.66328125 0.0703125 0.33828125
0 0.70625 0.72421875 0.0859375 0.40546875
0 0.77421875 0.7765625 0.09609375 0.44296875
0 0.8296875 0.65859375 0.075 0.3609375
0 0.7375 0.58125 0.06171875 0.253125
0 0.696875 0.52109375 0.0515625 0.18828125
0 0.775 0.54375 0.065625 0.26640625
0 0.13359375 0.5640625 0.096875 0.49921875
0 0.18828125 0.46015625 0.12421875 0.35546875
0 0.228125 0.44375 0.046875 0.3234375
0 0.25546875 0.453125 0.059375 0.30078125
0 0.2828125 0.50859375 0.06953125 0.2203125
0 0.3390625 0.50078125 0.059375 0.21171875
0 0.390625 0.490625 0.05703125 0.21171875
0 0.4453125 0.5171875 0.06484375 0.2515625
0 0.54375 0.3890625 0.0453125 0.2140625
0 0.57109375 0.4375 0.0484375 0.2390625
0 0.615625 0.44375 0.05390625 0.271875
0 0.64296875 0.4109375 0.0421875 0.22421875
0 0.67109375 0.44140625 0.0453125 0.15703125
0 0.721875 0.44921875 0.04453125 0.1609375
0 0.9015625 0.50625 0.06953125 0.546875
0 0.8453125 0.46171875 0.0515625 0.46171875
0 0.8203125 0.41796875 0.06640625 0.271875
0 0.7796875 0.3765625 0.05078125 0.23046875
0 0.7421875 0.37578125 0.040625 0.22890625
0 0.71484375 0.325 0.04609375 0.221875
0 0.7921875 0.27109375 0.028125 0.11484375
0 0.7640625 0.28359375 0.03515625 0.18828125
0 0.73515625 0.22890625 0.02890625 0.1234375
0 0.7390625 0.165625 0.08046875 0.13984375
0 0.71328125 0.203125 0.02734375 0.18125
0 0.6765625 0.26171875 0.059375 0.3453125
0 0.63203125 0.2625 0.0609375 0.2
0 0.59375 0.290625 0.0578125 0.178125
0 0.5625 0.26171875 0.040625 0.15703125
0 0.49765625 0.36640625 0.046875 0.35078125
0 0.50625 0.346875 0.071875 0.2734375
0 0.64921875 0.18203125 0.02421875 0.13515625
0 0.61015625 0.20234375 0.025 0.12109375
0 0.61953125 0.184375 0.04453125 0.11640625
0 0.58125 0.21015625 0.028125 0.11640625
0 0.54609375 0.21875 0.02734375 0.13359375
0 0.53046875 0.23046875 0.0234375 0.06875
0 0.46875 0.3796875 0.02890625 0.2734375
0 0.44453125 0.34609375 0.04921875 0.21015625
0 0.4109375 0.3828125 0.04765625 0.22890625
0 0.375 0.375 0.0390625 0.1796875
0 0.33125 0.421875 0.040625 0.2875
0 0.31171875 0.37265625 0.0671875 0.19453125
0 0.275 0.34765625 0.03203125 0.1796875
0 0.18203125 0.2828125 0.0375 0.1109375
0 0.234375 0.27578125 0.05703125 0.1484375
0 0.25234375 0.2578125 0.07421875 0.13359375
0 0.29921875 0.2515625 0.0375 0.15703125
0 0.31796875 0.2765625 0.034375 0.11640625
0 0.35234375 0.3578125 0.03203125 0.203125
0 0.3859375 0.28359375 0.02890625 0.1296875
0 0.415625 0.2734375 0.028125 0.13984375
0 0.471875 0.26015625 0.0390625 0.13359375
0 0.25 0.2203125 0.015625 0.06484375
0 0.28125 0.2203125 0.02734375 0.0890625
0 0.30390625 0.15859375 0.015625 0.04140625
0 0.33125 0.1703125 0.02421875 0.0765625
0 0.34453125 0.26953125 0.025 0.11796875
0 0.34609375 0.21484375 0.0390625 0.1078125
0 0.3703125 0.265625 0.028125 0.09375
0 0.38125 0.18125 0.0265625 0.08203125
0 0.40625 0.22421875 0.02421875 0.109375
0 0.3921875 0.1984375 0.02578125 0.10234375
0 0.43125 0.2015625 0.03515625 0.10625
0 0.44765625 0.20625 0.01484375 0.08046875
0 0.4578125 0.2515625 0.02734375 0.15078125
0 0.009375 0.153125 0.01875 0.128125
0 0.01953125 0.2875 0.0296875 0.1609375
0 0.04609375 0.26953125 0.0265625 0.10390625
0 0.565625 0.16640625 0.01796875 0.06015625
0 0.50234375 0.1734375 0.075 0.04609375
0 0.50625 0.2203125 0.0140625 0.0515625
0 0.521875 0.21015625 0.0125 0.02421875
0 0.20234375 0.275 0.01640625 0.06171875
0 0.21875 0.2484375 0.015625 0.0703125
0 0.26640625 0.1796875 0.0140625 0.03046875
0 0.325 0.19375 0.0328125 0.06328125
0 0.36640625 0.19140625 0.02109375 0.0578125
0 0.35859375 0.2453125 0.0109375 0.04609375
0 0.41328125 0.16875 0.0171875 0.090625
0 0.4421875 0.178125 0.0140625 0.04765625
0 0.49375 0.03125 0.084375 0.0625
0 0.48125 0.11015625 0.10234375 0.06328125