0 0.08359375 0.54609375 0.1671875 0.71484375
0 0.1734375 0.5140625 0.13125 0.6265625
0 0.23671875 0.4859375 0.05078125 0.33984375
0 0.30703125 0.43359375 0.1296875 0.425
0 0.3796875 0.44921875 0.09296875 0.3640625
0 0.45859375 0.44453125 0.1109375 0.38359375
0 0.5109375 0.3703125 0.0875 0.35859375
0 0.56875 0.43984375 0.08828125 0.3796875
0 0.64140625 0.4390625 0.08984375 0.34765625
0 0.6890625 0.428125 0.125 0.41875
0 0.78125 0.46328125 0.09765625 0.41640625
0 0.88671875 0.4265625 0.13515625 0.39140625
0 0.28984375 0.7671875 0.16484375 0.4625
0 0.41171875 0.76640625 0.15234375 0.46484375
0 0.50546875 0.7625 0.1390625 0.47265625
0 0.63046875 0.74609375 0.1859375 0.5046875
0 0.77265625 0.7671875 0.171875 0.4625
0 0.89453125 0.75 0.209375 0.49765625