0 0.87890625 0.9890625 0.04296875 0.0203125
0 0.784375 0.97578125 0.05703125 0.046875
0 0.71796875 0.98125 0.05234375 0.0359375
0 0.62109375 0.98515625 0.04375 0.02734375
0 0.51171875 0.97109375 0.0453125 0.0578125
0 0.596875 0.96015625 0.05703125 0.0796875
0 0.6546875 0.95234375 0.05078125 0.09375
0 0.41328125 0.878125 0.05390625 0.09453125
0 0.28828125 0.78984375 0.03984375 0.0875
0 0.15546875 0.675 0.05 0.0765625
0 0.19921875 0.678125 0.0484375 0.07421875
0 0.24375 0.6765625 0.046875 0.075
0 0.28515625 0.675 0.05859375 0.07421875
0 0.3328125 0.675 0.04375 0.075
0 0.35546875 0.63515625 0.0453125 0.07109375
0 0.3078125 0.6296875 0.046875 0.071875
0 0.26953125 0.628125 0.04140625 0.075
0 0.23359375 0.62421875 0.04140625 0.065625
0 0.190625 0.62109375 0.04296875 0.0609375
0 0.24609375 0.57890625 0.0484375 0.0671875
0 0.28515625 0.5765625 0.03828125 0.05859375
0 0.32265625 0.5828125 0.05078125 0.07109375
0 0.3625 0.58671875 0.04296875 0.07109375
0 0.39765625 0.590625 0.0484375 0.0765625
0 0.353125 0.5171875 0.03515625 0.075
0 0.39765625 0.51796875 0.03984375 0.07109375
0 0.43359375 0.5203125 0.03671875 0.0734375
0 0.46796875 0.51953125 0.03515625 0.071875
0 0.50625 0.4546875 0.03828125 0.0640625
0 0.5484375 0.4578125 0.034375 0.0640625
0 0.578125 0.46015625 0.034375 0.065625
0 0.60625 0.4625 0.03671875 0.0625
0 0.6421875 0.46328125 0.034375 0.0671875
0 0.66796875 0.46484375 0.03515625 0.06875
0 0.5796875 0.43203125 0.034375 0.059375
0 0.6234375 0.4234375 0.03125 0.03828125
0 0.64609375 0.425 0.03125 0.0421875
0 0.6765625 0.43125 0.0296875 0.040625
0 0.71484375 0.44375 0.034375 0.0671875
0 0.73671875 0.4484375 0.0328125 0.0640625
0 0.62734375 0.40546875 0.02734375 0.0296875
0 0.66015625 0.40703125 0.0296875 0.028125
0 0.68828125 0.41484375 0.0328125 0.03828125
0 0.721875 0.4109375 0.028125 0.028125
0 0.75390625 0.43359375 0.0328125 0.0640625
0 0.77421875 0.43828125 0.028125 0.065625
0 0.66875 0.396875 0.02578125 0.028125
0 0.7 0.3984375 0.028125 0.0296875
0 0.73046875 0.40390625 0.02578125 0.03203125
0 0.76328125 0.39921875 0.02421875 0.01953125
0 0.7921875 0.42109375 0.0328125 0.065625
0 0.81796875 0.42734375 0.03671875 0.065625
0 0.7234375 0.3859375 0.02734375 0.0296875
0 0.7453125 0.39765625 0.0296875 0.05
0 0.7671875 0.37578125 0.02578125 0.02734375
0 0.77421875 0.3875 0.02578125 0.0234375
0 0.8078125 0.4046875 0.0296875 0.0515625
0 0.8015625 0.38125 0.02734375 0.03515625
0 0.82421875 0.38125 0.02421875 0.03046875
0 0.83984375 0.4125 0.0328125 0.0640625
0 0.85390625 0.3921875 0.02265625 0.0484375
0 0.87109375 0.41484375 0.03828125 0.06640625
0 0.9125 0.40703125 0.0328125 0.065625
0 0.8859375 0.4015625 0.0328125 0.0625
0 0.85 0.36640625 0.02734375 0.040625
0 0.8765625 0.36796875 0.02578125 0.0359375
0 0.9 0.38359375 0.0296875 0.065625
0 0.91875 0.3765625 0.02578125 0.03828125
0 0.9515625 0.39140625 0.034375 0.0640625
0 0.97890625 0.3953125 0.03984375 0.06953125
0 0.93046875 0.36796875 0.02265625 0.05390625
0 0.9578125 0.359375 0.0328125 0.03125
0 0.97109375 0.3421875 0.02421875 0.02734375
0 0.990625 0.37109375 0.01875 0.0484375
0 0.99375 0.34375 0.0125 0.0234375
0 0.97421875 0.31875 0.03984375 0.025
0 0.85234375 0.3296875 0.0453125 0.0296875
0 0.7640625 0.3421875 0.03671875 0.03046875
0 0.696875 0.3515625 0.04375 0.0296875
0 0.6171875 0.36015625 0.02109375 0.02265625
0 0.47265625 0.3890625 0.03984375 0.03046875
0 0.396875 0.4015625 0.03515625 0.03046875
0 0.30390625 0.41953125 0.034375 0.034375
0 0.23046875 0.4390625 0.05234375 0.03125
0 0.02421875 0.50234375 0.0453125 0.03203125
0 0.8171875 0.99453125 0.01875 0.00703125
0 0.5 0.14765625 1 0.2953125
0 0.10078125 0.38203125 0.2015625 0.1734375
0 0.375 0.36015625 0.34375 0.128125
0 0.7078125 0.32109375 0.32265625 0.0515625