0 0.8359375 0.553125 0.20703125 0.88828125
0 0.70625 0.5453125 0.14375 0.76796875
0 0.61171875 0.51796875 0.128125 0.790625
0 0.51875 0.546875 0.165625 0.87421875
0 0.4078125 0.50859375 0.1484375 0.8125
0 0.2796875 0.5453125 0.15703125 0.853125
0 0.153125 0.55234375 0.21953125 0.89296875
0 0.0421875 0.68984375 0.084375 0.6171875
0 0.04921875 0.515625 0.0984375 0.62578125
0 0.92890625 0.45390625 0.084375 0.546875
0 0.9578125 0.23203125 0.02265625 0.0421875
0 0.63203125 0.4328125 0.08515625 0.571875
0 0.45703125 0.20546875 0.04296875 0.09375
0 0.97578125 0.396875 0.0421875 0.30078125
0 0.02421875 0.1953125 0.04765625 0.07890625
0 0.103125 0.26484375 0.03046875 0.06328125
0 0.25078125 0.24140625 0.0375 0.025
0 0.33984375 0.2390625 0.0640625 0.08828125
0 0.55546875 0.22578125 0.0609375 0.0734375
0 0.678125 0.2265625 0.04375 0.06875
0 0.7921875 0.23125 0.053125 0.08046875
0 0.89765625 0.25546875 0.0265625 0.04375
0 0.97734375 0.61171875 0.0453125 0.053125
0 0.99375 0.44453125 0.01171875 0.17265625
0 0.81875 0.6953125 0.015625 0.05859375
0 0.75546875 0.7109375 0.0203125 0.1234375
0 0.70234375 0.71640625 0.028125 0.1625
0 0.65703125 0.75390625 0.009375 0.0265625
0 0.153125 0.79765625 0.0265625 0.10859375
0 0.325 0.74375 0.0921875 0.125
0 0.40703125 0.71015625 0.025 0.08359375