0 0.31484375 0.54921875 0.5796875 0.89921875
0 0.44921875 0.45859375 0.30234375 0.77578125
0 0.778125 0.66171875 0.44140625 0.675
0 0.5453125 0.3671875 0.2125 0.5640625
0 0.665625 0.20234375 0.0875 0.2265625
0 0.7703125 0.25 0.0796875 0.25625
0 0.76640625 0.24453125 0.0875 0.253125
0 0.6671875 0.21015625 0.090625 0.25
0 0.84921875 0.234375 0.10078125 0.32265625
0 0.9546875 0.2109375 0.08828125 0.3796875
0 0.65703125 0.11015625 0.0828125 0.1578125
0 0.7171875 0.04140625 0.03125 0.0828125
0 0.79140625 0.04453125 0.02734375 0.0890625
0 0.8046875 0.04609375 0.021875 0.0921875
0 0.8234375 0.046875 0.025 0.09296875
0 0.83984375 0.04921875 0.025 0.090625
0 0.85703125 0.05234375 0.021875 0.08515625
0 0.86484375 0.04609375 0.0109375 0.0875
0 0.8484375 0.01796875 0.01015625 0.02578125
0 0.69140625 0.04140625 0.02109375 0.08203125
0 0.66328125 0.0421875 0.0359375 0.084375
0 0.94765625 0.46484375 0.10390625 0.40625
0 0.3484375 0.0453125 0.6078125 0.0875
0 0.94140625 0.06953125 0.1171875 0.06328125