0 0.25859375 0.52890625 0.22109375 0.8296875
0 0.36484375 0.5921875 0.159375 0.70390625
0 0.42421875 0.590625 0.22734375 0.7828125
0 0.55 0.56171875 0.35234375 0.83203125
0 0.6890625 0.54140625 0.18671875 0.82265625
0 0.771875 0.5203125 0.1984375 0.834375
0 0.6390625 0.13203125 0.09609375 0.20625
0 0.53046875 0.171875 0.0609375 0.16796875
0 0.4203125 0.203125 0.11875 0.2265625
0 0.3203125 0.121875 0.07734375 0.128125
0 0.2 0.47421875 0.1296875 0.746875
0 0.509375 0.678125 0.05703125 0.5625
0 0.33046875 0.22109375 0.0796875 0.15
0 0.49765625 0.21171875 0.08359375 0.1640625
0 0.92109375 0.19609375 0.15546875 0.2890625
0 0.578125 0.1828125 0.04765625 0.0828125
0 0.42890625 0.74921875 0.04921875 0.19296875