0 0.0859375 0.65859375 0.171875 0.6796875
0 0.196875 0.39765625 0.140625 0.2390625
0 0.21015625 0.66015625 0.1359375 0.534375
0 0.2671875 0.76328125 0.16171875 0.32734375
0 0.25546875 0.35234375 0.06015625 0.13984375
0 0.31171875 0.41015625 0.12109375 0.23515625
0 0.371875 0.3265625 0.07890625 0.22265625
0 0.3265625 0.5953125 0.1265625 0.384375
0 0.4390625 0.4125 0.1453125 0.2484375
0 0.4390625 0.56171875 0.12109375 0.32265625
0 0.4296875 0.7625 0.16328125 0.30390625
0 0.58671875 0.73828125 0.14765625 0.32109375
0 0.4703125 0.31640625 0.0609375 0.13984375
0 0.50078125 0.3578125 0.075 0.16875
0 0.559375 0.41875 0.13046875 0.26796875
0 0.55078125 0.6109375 0.1546875 0.3953125
0 0.66328125 0.6703125 0.109375 0.4234375
0 0.76015625 0.725 0.134375 0.55
0 0.8734375 0.73359375 0.1671875 0.5328125
0 0.6171875 0.37421875 0.0765625 0.17890625
0 0.6703125 0.453125 0.10859375 0.22421875
0 0.7234375 0.36171875 0.07109375 0.18359375
0 0.775 0.44765625 0.11015625 0.23828125
0 0.82578125 0.38515625 0.0640625 0.1484375
0 0.89140625 0.50078125 0.1453125 0.39921875