0 0.2 0.8890625 0.13125 0.22109375
0 0.0703125 0.84453125 0.10546875 0.1640625
0 0.128125 0.78671875 0.0484375 0.0890625
0 0.16015625 0.78671875 0.06484375 0.12265625
0 0.190625 0.75703125 0.05 0.08828125
0 0.25703125 0.8171875 0.07578125 0.25625
0 0.35390625 0.68125 0.0140625 0.0453125
0 0.36328125 0.70234375 0.01875 0.0859375
0 0.39921875 0.69921875 0.02734375 0.08359375
0 0.4171875 0.68359375 0.02421875 0.04765625
0 0.42734375 0.67421875 0.01875 0.03828125
0 0.428125 0.6703125 0.01640625 0.04765625
0 0.440625 0.71640625 0.0234375 0.109375
0 0.478125 0.696875 0.02734375 0.090625
0 0.61328125 0.66875 0.01640625 0.0625
0 0.6640625 0.69921875 0.0171875 0.08671875
0 0.684375 0.7015625 0.01171875 0.09296875
0 0.68046875 0.70703125 0.028125 0.10625
0 0.7046875 0.6875 0.02578125 0.0921875
0 0.7234375 0.69375 0.02578125 0.08359375
0 0.7421875 0.69453125 0.03125 0.0953125
0 0.75703125 0.678125 0.028125 0.08515625
0 0.646875 0.7859375 0.04609375 0.21171875
0 0.85078125 0.75546875 0.04140625 0.16953125
0 0.4859375 0.66015625 0.00703125 0.0203125
0 0.934375 0.5734375 0.0953125 0.23984375
0 0.55703125 0.6109375 0.16484375 0.2609375
0 0.30859375 0.62265625 0.04140625 0.15390625
0 0.44921875 0.6359375 0.0234375 0.0375
0 0.46953125 0.6390625 0.0109375 0.06171875
0 0.64140625 0.63125 0.00390625 0.04765625
0 0.78671875 0.5921875 0.046875 0.14765625
0 0.72109375 0.6 0.03671875 0.09921875
0 0.6859375 0.60390625 0.01953125 0.07890625
0 0.02265625 0.66796875 0.04375 0.32578125
0 0.15 0.7328125 0.01953125 0.01015625