0 0.36171875 0.92421875 0.04140625 0.1
0 0.3890625 0.91015625 0.03515625 0.121875
0 0.4265625 0.859375 0.0375 0.0890625
0 0.4640625 0.85 0.02734375 0.08046875
0 0.52734375 0.8984375 0.0328125 0.0953125
0 0.9421875 0.9578125 0.05390625 0.08359375
0 0.96640625 0.95234375 0.0421875 0.09296875
0 0.94921875 0.8796875 0.03359375 0.0828125
0 0.7078125 0.8140625 0.03359375 0.0703125
0 0.74453125 0.77578125 0.02890625 0.0625
0 0.3828125 0.7359375 0.0265625 0.06640625
0 0.40234375 0.734375 0.02265625 0.0640625
0 0.4375 0.73671875 0.02734375 0.05625
0 0.5328125 0.7328125 0.0265625 0.06171875
0 0.471875 0.72890625 0.0234375 0.05625
0 0.4953125 0.71796875 0.02109375 0.05078125
0 0.49375 0.70078125 0.025 0.0453125
0 0.51953125 0.70546875 0.0265625 0.05546875
0 0.47734375 0.68125 0.0203125 0.02578125
0 0.46484375 0.6859375 0.0171875 0.0296875
0 0.4921875 0.66875 0.0203125 0.0265625
0 0.29296875 0.790625 0.0265625 0.07890625
0 0.2296875 0.8125 0.04375 0.07265625
0 0.18046875 0.8171875 0.0359375 0.0734375
0 0.2328125 0.728125 0.0265625 0.05546875
0 0.2421875 0.69921875 0.02734375 0.0421875
0 0.28671875 0.7140625 0.0234375 0.04921875
0 0.271875 0.6984375 0.02890625 0.0453125
0 0.6546875 0.7046875 0.02109375 0.05390625
0 0.6296875 0.7125 0.0234375 0.053125
0 0.6265625 0.70625 0.02265625 0.05
0 0.60234375 0.709375 0.025 0.059375
0 0.58671875 0.7046875 0.02109375 0.05546875
0 0.5421875 0.68828125 0.0203125 0.0484375
0 0.55703125 0.68359375 0.02109375 0.0484375
0 0.5421875 0.6578125 0.0203125 0.0296875
0 0.47578125 0.65078125 0.02109375 0.04375
0 0.41484375 0.6390625 0.01484375 0.03671875
0 0.41171875 0.6328125 0.0109375 0.03046875
0 0.43125 0.6375 0.0171875 0.03984375
0 0.4453125 0.63828125 0.01484375 0.03671875
0 0.4546875 0.63828125 0.0171875 0.03671875
0 0.49609375 0.63671875 0.0125 0.0359375
0 0.4828125 0.6359375 0.0125 0.02890625
0 0.4390625 0.60390625 0.0125 0.0171875
0 0.39140625 0.63671875 0.01484375 0.03203125
0 0.36640625 0.62734375 0.0171875 0.0375
0 0.38125 0.6265625 0.01484375 0.0359375
0 0.403125 0.590625 0.0109375 0.0296875
0 0.390625 0.59296875 0.0109375 0.0265625
0 0.29609375 0.61640625 0.0171875 0.02578125
0 0.29765625 0.60625 0.0171875 0.0203125
0 0.2859375 0.61328125 0.01640625 0.03046875
0 0.275 0.6140625 0.0125 0.0296875
0 0.26328125 0.60859375 0.0140625 0.02890625
0 0.2515625 0.61015625 0.0140625 0.02890625
0 0.2359375 0.6109375 0.01640625 0.0296875
0 0.21015625 0.6015625 0.0125 0.02578125
0 0.3359375 0.70078125 0.01640625 0.0265625
0 0.3578125 0.70078125 0.025 0.0328125
0 0.4421875 0.69140625 0.02109375 0.0203125
0 0.23984375 0.65 0.02265625 0.0375
0 0.22109375 0.6546875 0.0171875 0.040625
0 0.19609375 0.6546875 0.01484375 0.0375
0 0.17890625 0.65703125 0.0203125 0.04609375
0 0.346875 0.60546875 0.0109375 0.02734375
0 0.35546875 0.609375 0.0109375 0.02890625
0 0.37421875 0.60703125 0.01640625 0.0234375
0 0.4015625 0.6234375 0.0125 0.03203125
0 0.3859375 0.6078125 0.01015625 0.02578125
0 0.3921875 0.6109375 0.01015625 0.0234375
0 0.4140625 0.6046875 0.0125 0.02578125
0 0.31953125 0.59375 0.0109375 0.02421875
0 0.5484375 0.953125 0.07890625 0.090625
0 0.5609375 0.9609375 0.06875 0.04296875
0 0.65625 0.97109375 0.0578125 0.046875
0 0.61484375 0.94609375 0.025 0.02890625
0 0.6734375 0.49765625 0.01875 0.02265625
0 0.61484375 0.496875 0.01484375 0.01875
0 0.57578125 0.98125 0.11640625 0.0375
0 0.57265625 0.79765625 0.16484375 0.1125
0 0.5796875 0.72109375 0.04140625 0.0421875
0 0.5078125 0.6765625 0.0234375 0.02109375
0 0.33203125 0.6515625 0.0609375 0.05546875
0 0.3234375 0.61640625 0.0375 0.015625
0 0.27734375 0.57109375 0.0546875 0.0359375
0 0.20859375 0.65703125 0.0203125 0.04375
0 0.8671875 0.940625 0.06875 0.11875
0 0.70234375 0.7859375 0.0453125 0.06875
0 0.4953125 0.4890625 0.025 0.02421875
0 0.63359375 0.49765625 0.0296875 0.02265625
0 0.47109375 0.6109375 0.05 0.0234375
0 0.4640625 0.78203125 0.0453125 0.08046875
0 0.24140625 0.59453125 0.0171875 0.00703125
0 0.7078125 0.70078125 0.0140625 0.034375
0 0.62890625 0.66640625 0.02265625 0.03203125
0 0.58515625 0.67578125 0.0421875 0.03671875
0 0.221875 0.6 0.00859375 0.0234375
0 0.19609375 0.59921875 0.01484375 0.0265625
0 0.3546875 0.71484375 0.0140625 0.0078125
0 0.3765625 0.7125 0.01015625 0.009375
0 0.43515625 0.70859375 0.0203125 0.01875
0 0.6546875 0.5 0.01484375 0.0140625
0 0.303125 0.7328125 0.02109375 0.053125
0 0.47734375 0.58828125 0.0078125 0.01015625
0 0.6609375 0.6265625 0.01484375 0.0328125
0 0.27734375 0.71171875 0.0375 0.053125