0 0.88671875 0.453125 0.0109375 0.03359375
0 0.959375 0.4578125 0.015625 0.02421875
0 0.846875 0.48515625 0.01875 0.021875
0 0.88671875 0.48359375 0.0203125 0.034375
0 0.90078125 0.48203125 0.01953125 0.03203125
0 0.9359375 0.4796875 0.02734375 0.034375
0 0.95390625 0.48359375 0.0203125 0.04375
0 0.9640625 0.4765625 0.009375 0.01796875
0 0.98046875 0.47734375 0.021875 0.03671875
0 0.50859375 0.49296875 0.0125 0.04921875
0 0.4921875 0.4921875 0.01171875 0.05078125
0 0.475 0.4953125 0.01328125 0.0515625
0 0.459375 0.4828125 0.009375 0.02890625
0 0.4515625 0.49453125 0.01484375 0.05703125
0 0.4421875 0.4953125 0.01875 0.065625
0 0.42734375 0.53359375 0.03046875 0.125
0 0.4109375 0.4796875 0.0140625 0.04609375
0 0.40078125 0.46640625 0.01328125 0.025
0 0.39765625 0.56484375 0.040625 0.24765625
0 0.38671875 0.57890625 0.0625 0.24375
0 0.3234375 0.49375 0.01953125 0.0484375
0 0.346875 0.646875 0.075 0.38515625
0 0.30078125 0.6265625 0.0640625 0.33203125
0 0.26875 0.50234375 0.02265625 0.0515625
0 0.25859375 0.509375 0.0203125 0.046875
0 0.19375 0.69296875 0.13125 0.4125
0 0.16328125 0.6796875 0.09453125 0.4390625
0 0.06640625 0.6625 0.13203125 0.4734375
0 0.85390625 0.45859375 0.05703125 0.021875
0 0.91953125 0.4578125 0.0640625 0.02734375
0 0.634375 0.46796875 0.03515625 0.02890625
0 0.6890625 0.47265625 0.03359375 0.021875
0 0.5421875 0.48203125 0.05625 0.03671875
0 0.49921875 0.49140625 0.009375 0.05234375
0 0.48828125 0.4796875 0.00703125 0.01953125
0 0.28046875 0.21875 0.03203125 0.025
0 0.30703125 0.23046875 0.02421875 0.02734375
0 0.23203125 0.246875 0.0140625 0.0421875
0 0.2703125 0.25859375 0.01875 0.04375
0 0.3125 0.27109375 0.015625 0.04375
0 0.34296875 0.278125 0.01328125 0.0390625
0 0.35390625 0.39609375 0.009375 0.0265625
0 0.37734375 0.3984375 0.01171875 0.02421875
0 0.39765625 0.39921875 0.0125 0.0265625
0 0.2109375 0.3828125 0.0125 0.0375
0 0.16796875 0.365625 0.01015625 0.025
0 0.44375 0.475 0.00625 0.0125
0 0.44296875 0.5046875 0.01484375 0.04921875
0 0.425 0.46796875 0.01796875 0.0171875
0 0.31328125 0.48828125 0.015625 0.025
0 0.28125 0.49296875 0.01484375 0.021875
0 0.246875 0.496875 0.009375 0.04921875
0 0.2625 0.4859375 0.0078125 0.0171875
0 0.2078125 0.5 0.0109375 0.0265625
0 0.13125 0.49375 0.02109375 0.03203125
0 0.02109375 0.48984375 0.04140625 0.0953125
0 0.11953125 0.3703125 0.0109375 0.02890625
0 0.06328125 0.36796875 0.01171875 0.03203125
0 0.0046875 0.36328125 0.009375 0.04140625
0 0.22890625 0.5359375 0.0265625 0.0296875