0 0.31484375 0.7609375 0.03046875 0.0734375
0 0.41484375 0.7 0.02109375 0.040625
0 0.421875 0.70859375 0.00859375 0.025
0 0.45 0.6984375 0.01484375 0.05078125
0 0.4546875 0.68515625 0.021875 0.08671875
0 0.490625 0.696875 0.0140625 0.046875
0 0.50390625 0.7 0.01796875 0.04296875
0 0.5234375 0.6953125 0.01484375 0.053125
0 0.56171875 0.67734375 0.02109375 0.08984375
0 0.5578125 0.6828125 0.02421875 0.07734375
0 0.58515625 0.709375 0.025 0.115625
0 0.6703125 0.68359375 0.01484375 0.0734375
0 0.6796875 0.653125 0.01328125 0.03828125
0 0.846875 0.60546875 0.040625 0.06328125
0 0.8953125 0.61328125 0.0234375 0.0796875
0 0.94140625 0.6109375 0.03515625 0.08359375
0 0.97421875 0.60625 0.03828125 0.09140625
0 0.39609375 0.7 0.0125 0.03125
0 0.47265625 0.6953125 0.01875 0.0171875
0 0.665625 0.71796875 0.01171875 0.00703125
0 0.1875 0.8125 0.01171875 0.03125
0 0.7703125 0.68046875 0.009375 0.040625
0 0.85234375 0.5796875 0.009375 0.02109375