0 0.30625 0.5640625 0.17578125 0.86640625
0 0.3953125 0.52578125 0.13359375 0.70234375
0 0.50859375 0.59921875 0.11171875 0.671875
0 0.584375 0.58984375 0.09296875 0.57109375
0 0.6625 0.5234375 0.1234375 0.59453125
0 0.70859375 0.5078125 0.06796875 0.440625
0 0.77109375 0.49921875 0.10546875 0.403125
0 0.79140625 0.35078125 0.015625 0.02890625
0 0.80625 0.40546875 0.04140625 0.17890625
0 0.8625 0.4953125 0.09296875 0.3734375
0 0.79140625 0.615625 0.059375 0.27265625
0 0.8453125 0.5796875 0.09765625 0.30546875
0 0.9046875 0.4421875 0.04921875 0.1625
0 0.91640625 0.4359375 0.053125 0.1625
0 0.990625 0.43359375 0.0171875 0.04609375
0 0.94453125 0.4453125 0.01484375 0.01875
0 0.6875 0.1875 0.028125 0.02890625