0 0.23203125 0.6296875 0.1140625 0.64765625
0 0.3484375 0.6421875 0.11328125 0.62578125
0 0.45546875 0.6390625 0.11796875 0.64375
0 0.5484375 0.6453125 0.11484375 0.6421875
0 0.64375 0.65234375 0.11484375 0.62578125
0 0.7625 0.64921875 0.1140625 0.63984375
0 0.87421875 0.65234375 0.12109375 0.64609375
0 0.090625 0.4046875 0.109375 0.584375
0 0.1765625 0.36484375 0.08671875 0.56328125
0 0.246875 0.26484375 0.0890625 0.33046875
0 0.32578125 0.265625 0.0859375 0.38359375
0 0.403125 0.3875 0.09140625 0.52109375
0 0.4828125 0.26484375 0.08515625 0.33515625
0 0.56015625 0.246875 0.08046875 0.30703125
0 0.63046875 0.290625 0.09609375 0.36640625
0 0.721875 0.3921875 0.09453125 0.55078125
0 0.8046875 0.3921875 0.0953125 0.58046875
0 0.91015625 0.409375 0.10078125 0.60078125