0 0.66953125 0.5296875 0.05390625 0.21015625
0 0.62109375 0.5375 0.05390625 0.20546875
0 0.58125 0.490625 0.0203125 0.07890625
0 0.478125 0.51796875 0.02421875 0.15390625
0 0.5046875 0.49921875 0.03203125 0.11328125
0 0.4859375 0.5078125 0.01484375 0.096875
0 0.44375 0.48984375 0.0171875 0.0671875
0 0.43359375 0.48515625 0.0140625 0.04921875
0 0.4140625 0.4890625 0.02109375 0.06953125
0 0.36328125 0.5078125 0.0203125 0.109375
0 0.225 0.4625 0.03828125 0.0640625
0 0.4515625 0.475 0.01171875 0.025
0 0.70234375 0.45625 0.04375 0.13515625
0 0.5859375 0.4 0.03359375 0.10390625
0 0.44921875 0.41875 0.0421875 0.0796875
0 0.31953125 0.43828125 0.0328125 0.190625
0 0.525 0.43984375 0.021875 0.07109375
0 0.09609375 0.48828125 0.02578125 0.07421875
0 0.84765625 0.4625 0.0375 0.0828125
0 0.92890625 0.3890625 0.0765625 0.153125