0 0.165625 0.7828125 0.12421875 0.43359375
0 0.26640625 0.75703125 0.11015625 0.484375
0 0.353125 0.77109375 0.1 0.45546875
0 0.45703125 0.76015625 0.121875 0.4734375
0 0.553125 0.75546875 0.08984375 0.434375
0 0.65625 0.75546875 0.13203125 0.4484375
0 0.7265625 0.7296875 0.11171875 0.4625
0 0.81171875 0.74453125 0.10546875 0.4328125
0 0.1203125 0.64375 0.1296875 0.60625
0 0.23359375 0.546875 0.1125 0.3859375
0 0.34296875 0.49609375 0.11640625 0.2703125
0 0.44765625 0.49375 0.10390625 0.23515625
0 0.55 0.5078125 0.1203125 0.321875
0 0.65078125 0.48828125 0.1125 0.26015625
0 0.76015625 0.48359375 0.10859375 0.29296875
0 0.865625 0.62265625 0.11640625 0.5875