0 0.31171875 0.71796875 0.05078125 0.234375
0 0.57734375 0.7109375 0.01484375 0.08359375
0 0.57109375 0.70703125 0.0140625 0.08203125
0 0.565625 0.7109375 0.01953125 0.08671875
0 0.83359375 0.728125 0.0359375 0.17890625
0 0.9109375 0.71796875 0.03125 0.1453125
0 0.9375 0.72734375 0.028125 0.13671875
0 0.65 0.7015625 0.0140625 0.0703125
0 0.0703125 0.540625 0.04375 0.58359375
0 0.153125 0.51328125 0.03359375 0.57578125
0 0.2171875 0.5265625 0.04375 0.53359375
0 0.259375 0.5515625 0.0265625 0.50078125
0 0.30390625 0.47265625 0.025 0.2609375
0 0.33828125 0.59609375 0.01796875 0.37421875
0 0.3671875 0.56796875 0.02265625 0.4
0 0.3921875 0.6296875 0.01875 0.28671875
0 0.459375 0.625 0.07109375 0.4875
0 0.53125 0.64921875 0.03671875 0.27890625
0 0.77734375 0.546875 0.06796875 0.23671875
0 0.709375 0.7890625 0.04453125 0.11875
0 0.684375 0.6890625 0.03125 0.084375
0 0.728125 0.6984375 0.009375 0.04765625
0 0.76796875 0.6796875 0.0109375 0.028125
0 0.8640625 0.67734375 0.02578125 0.17421875
0 0.9484375 0.62421875 0.0171875 0.09453125
0 0.9328125 0.64453125 0.0140625 0.053125
0 0.57734375 0.6734375 0.0171875 0.05546875