0 0.9015625 0.69453125 0.125 0.57109375
0 0.825 0.70625 0.0796875 0.525
0 0.7546875 0.71015625 0.08984375 0.50859375
0 0.68203125 0.69453125 0.0859375 0.51875
0 0.61328125 0.70859375 0.08984375 0.50234375
0 0.578125 0.7 0.175 0.521875
0 0.45234375 0.68828125 0.12421875 0.5546875
0 0.3609375 0.68125 0.15390625 0.5859375
0 0.27734375 0.71328125 0.1109375 0.5109375
0 0.165625 0.67890625 0.1453125 0.54609375
0 0.12421875 0.61875 0.11796875 0.4875
0 0.06328125 0.5890625 0.09375 0.42265625
0 0.10625 0.38046875 0.05625 0.15
0 0.18671875 0.41640625 0.07734375 0.1765625
0 0.25625 0.5203125 0.084375 0.50390625
0 0.328125 0.3796875 0.09296875 0.228125
0 0.41328125 0.415625 0.06875 0.16171875
0 0.49765625 0.45 0.05625 0.16171875
0 0.596875 0.44140625 0.08828125 0.178125
0 0.66171875 0.44453125 0.0640625 0.1515625
0 0.728125 0.4421875 0.08984375 0.20703125
0 0.7921875 0.43984375 0.08671875 0.2140625
0 0.865625 0.58359375 0.084375 0.475
0 0.76875 0.32421875 0.08671875 0.1859375
0 0.75078125 0.26953125 0.084375 0.15625
0 0.73515625 0.3015625 0.05078125 0.1078125
0 0.65625 0.36953125 0.07421875 0.13671875
0 0.6859375 0.3390625 0.0578125 0.1859375
0 0.7078125 0.26484375 0.040625 0.1125
0 0.64765625 0.27421875 0.046875 0.12265625
0 0.6234375 0.24140625 0.046875 0.08359375
0 0.59453125 0.271875 0.07109375 0.12421875
0 0.60625 0.32265625 0.05 0.1109375
0 0.5671875 0.38984375 0.0640625 0.1796875
0 0.5625 0.2390625 0.04921875 0.1125
0 0.515625 0.3515625 0.075 0.20234375
0 0.52734375 0.271875 0.075 0.16328125
0 0.50078125 0.2421875 0.04296875 0.10078125
0 0.4734375 0.37109375 0.0953125 0.2265625
0 0.440625 0.29609375 0.05234375 0.13046875
0 0.4703125 0.24453125 0.040625 0.09921875
0 0.41796875 0.27421875 0.04375 0.09609375
0 0.3984375 0.2390625 0.04921875 0.12421875
0 0.38984375 0.32578125 0.084375 0.16328125
0 0.35859375 0.28671875 0.040625 0.109375
0 0.34296875 0.25390625 0.034375 0.09140625
0 0.31640625 0.29765625 0.07265625 0.11875
0 0.22578125 0.37109375 0.13203125 0.27421875
0 0.22421875 0.2859375 0.0328125 0.0765625
0 0.20234375 0.36171875 0.040625 0.115625
0 0.20390625 0.36796875 0.04375 0.13359375
0 0.21328125 0.29375 0.03515625 0.0328125