0 0.05625 0.22265625 0.06796875 0.06875
0 0.05546875 0.23046875 0.065625 0.06171875
0 0.09140625 0.43046875 0.1828125 0.4359375
0 0.24453125 0.39765625 0.18515625 0.39375
0 0.2296875 0.446875 0.21328125 0.465625
0 0.3890625 0.4109375 0.17890625 0.45859375
0 0.54453125 0.5578125 0.3 0.6515625
0 0.5390625 0.44375 0.2234375 0.42578125
0 0.71484375 0.43984375 0.1890625 0.409375
0 0.71328125 0.4078125 0.17890625 0.3484375
0 0.021875 0.3265625 0.04296875 0.08984375
0 0.49453125 0.2671875 0.053125 0.06171875
0 0.98125 0.25 0.0328125 0.0984375