0 0.5625 0.14296875 0.08203125 0.0859375
0 0.51015625 0.1421875 0.05 0.10390625
0 0.46640625 0.121875 0.0515625 0.06484375
0 0.425 0.1515625 0.021875 0.04375
0 0.55078125 0.20703125 0.1078125 0.17265625
0 0.45078125 0.2828125 0.13359375 0.33203125
0 0.475 0.40859375 0.1578125 0.240625
0 0.47109375 0.4421875 0.12265625 0.2515625
0 0.55234375 0.5359375 0.1234375 0.36875
0 0.63125 0.6765625 0.159375 0.46796875
0 0.40390625 0.659375 0.134375 0.47109375
0 0.29296875 0.6515625 0.18515625 0.50234375
0 0.23984375 0.67890625 0.1640625 0.58984375
0 0.90859375 0.11875 0.053125 0.10703125
0 0.87265625 0.30625 0.12265625 0.4109375
0 0.95234375 0.27734375 0.09375 0.46953125
0 0.56484375 0.30625 0.1203125 0.203125
0 0.07109375 0.740625 0.14140625 0.278125