0 0.03515625 0.69921875 0.0703125 0.2359375
0 0.05546875 0.58671875 0.0328125 0.109375
0 0.08046875 0.5890625 0.04609375 0.18984375
0 0.15078125 0.71484375 0.1046875 0.43125
0 0.228125 0.58203125 0.05078125 0.21953125
0 0.22265625 0.7359375 0.04296875 0.225
0 0.2421875 0.5265625 0.04375 0.09296875
0 0.27109375 0.69375 0.09296875 0.4625
0 0.31484375 0.6796875 0.06875 0.409375
0 0.3484375 0.71015625 0.065625 0.41328125
0 0.3875 0.684375 0.0578125 0.40234375
0 0.42578125 0.68671875 0.04609375 0.35859375
0 0.46953125 0.68671875 0.08671875 0.40546875
0 0.52421875 0.675 0.0671875 0.36328125
0 0.5421875 0.69140625 0.07421875 0.3765625
0 0.56484375 0.553125 0.0375 0.0859375
0 0.6015625 0.70546875 0.07421875 0.34140625
0 0.61015625 0.68125 0.07890625 0.353125
0 0.66484375 0.7015625 0.06796875 0.353125
0 0.69765625 0.69453125 0.04453125 0.3140625
0 0.7375 0.71328125 0.06875 0.346875
0 0.73671875 0.56953125 0.06796875 0.12109375
0 0.82578125 0.71015625 0.0921875 0.3453125
0 0.7828125 0.6515625 0.02109375 0.05078125
0 0.7921875 0.64765625 0.021875 0.04921875
0 0.96796875 0.69296875 0.0546875 0.14453125
0 0.97890625 0.66953125 0.0421875 0.08359375
0 0.99453125 0.690625 0.0109375 0.18125
0 0.009375 0.615625 0.01875 0.03125