0 0.0515625 0.871875 0.103125 0.25625
0 0.0765625 0.89140625 0.05625 0.21640625
0 0.1078125 0.8890625 0.05 0.18046875
0 0.12734375 0.8984375 0.05 0.203125
0 0.16171875 0.903125 0.06875 0.18984375
0 0.17265625 0.9 0.07265625 0.2
0 0.1859375 0.8734375 0.0359375 0.17734375
0 0.190625 0.73125 0.01875 0.084375
0 0.2171875 0.71953125 0.0171875 0.0640625
0 0.2578125 0.71640625 0.02734375 0.06953125
0 0.31015625 0.746875 0.025 0.07734375
0 0.334375 0.74140625 0.03125 0.046875
0 0.38203125 0.7328125 0.0140625 0.05625
0 0.3390625 0.7046875 0.0203125 0.05234375
0 0.3609375 0.6921875 0.0234375 0.08828125
0 0.465625 0.69609375 0.0265625 0.1
0 0.4921875 0.715625 0.04140625 0.05625
0 0.59765625 0.8703125 0.1375 0.25625
0 0.64921875 0.86640625 0.0734375 0.26328125
0 0.7375 0.68203125 0.0203125 0.06015625
0 0.778125 0.68203125 0.0390625 0.07890625
0 0.71484375 0.67734375 0.0203125 0.0625
0 0.753125 0.675 0.0140625 0.05078125
0 0.728125 0.78359375 0.04375 0.146875
0 0.7890625 0.81953125 0.0859375 0.26328125
0 0.85 0.7671875 0.0453125 0.16015625
0 0.8328125 0.69609375 0.03125 0.10390625
0 0.8265625 0.6609375 0.01484375 0.04921875
0 0.84765625 0.68671875 0.02265625 0.084375
0 0.896875 0.7765625 0.05625 0.22421875
0 0.9546875 0.7140625 0.02734375 0.14296875
0 0.9734375 0.725 0.04140625 0.1359375
0 0.64453125 0.659375 0.01640625 0.04921875
0 0.61796875 0.65625 0.0140625 0.046875
0 0.7046875 0.66484375 0.0171875 0.05234375
0 0.4421875 0.6703125 0.01875 0.06015625
0 0.4171875 0.64609375 0.0140625 0.03046875
0 0.1171875 0.65546875 0.21015625 0.05625
0 0.3296875 0.64609375 0.0171875 0.0265625
0 0.559375 0.6390625 0.0234375 0.03203125
0 0.7515625 0.65 0.08515625 0.0453125
0 0.840625 0.6484375 0.0109375 0.02421875
0 0.9421875 0.65703125 0.11484375 0.0640625
0 0.71953125 0.87578125 0.0890625 0.1359375
0 0.85390625 0.84296875 0.1328125 0.0921875
0 0.71875 0.6984375 0.0625 0.01875
0 0.7515625 0.721875 0.0375 0.0171875
0 0.81640625 0.728125 0.0421875 0.03203125
0 0.8125 0.69140625 0.0296875 0.0109375
0 0.94296875 0.77109375 0.0515625 0.03984375
0 0.24921875 0.76015625 0.0390625 0.07734375
0 0.609375 0.65546875 0.0359375 0.05234375
0 0.6671875 0.659375 0.06875 0.06015625