0 0.1171875 0.72890625 0.13515625 0.30234375
0 0.19765625 0.73203125 0.08515625 0.2625
0 0.26953125 0.72734375 0.07890625 0.2609375
0 0.33203125 0.71796875 0.1015625 0.2796875
0 0.43046875 0.69765625 0.1015625 0.2890625
0 0.5140625 0.74296875 0.17890625 0.23984375
0 0.5140625 0.6765625 0.0828125 0.2046875
0 0.4171875 0.64140625 0.11875 0.21796875
0 0.5734375 0.615625 0.09609375 0.14296875
0 0.640625 0.69140625 0.09609375 0.15234375
0 0.77109375 0.78203125 0.1671875 0.25859375
0 0.8265625 0.6953125 0.14765625 0.253125
0 0.73203125 0.6484375 0.15859375 0.121875
0 0.7703125 0.5921875 0.10625 0.0953125
0 0.675 0.603125 0.06015625 0.103125
0 0.6296875 0.59765625 0.0765625 0.1140625
0 0.5671875 0.6140625 0.07890625 0.140625
0 0.13203125 0.5484375 0.10390625 0.196875
0 0.1890625 0.571875 0.07265625 0.16484375
0 0.2390625 0.57578125 0.0578125 0.21015625
0 0.2984375 0.5625 0.0875 0.1953125
0 0.3578125 0.53125 0.0671875 0.1390625
0 0.4078125 0.4890625 0.0578125 0.09921875
0 0.44140625 0.53125 0.0875 0.1578125
0 0.4859375 0.546875 0.05625 0.178125
0 0.5234375 0.54140625 0.08359375 0.159375
0 0.57421875 0.51875 0.05859375 0.1109375
0 0.62578125 0.4671875 0.0765625 0.07890625
0 0.63046875 0.51953125 0.0765625 0.1390625
0 0.67265625 0.5109375 0.06015625 0.15546875
0 0.721875 0.50859375 0.1359375 0.16484375
0 0.77265625 0.5109375 0.1328125 0.17421875
0 0.8203125 0.534375 0.075 0.20234375
0 0.02421875 0.49609375 0.03359375 0.13671875
0 0.05078125 0.51796875 0.02890625 0.09375
0 0.0703125 0.42421875 0.0296875 0.06015625
0 0.12578125 0.3796875 0.02890625 0.084375
0 0.175 0.43125 0.0375 0.06015625
0 0.1828125 0.4671875 0.025 0.0828125
0 0.2234375 0.45703125 0.01875 0.0921875
0 0.17734375 0.3890625 0.0296875 0.06953125
0 0.1796875 0.30546875 0.03984375 0.1390625
0 0.2078125 0.3046875 0.0375 0.121875
0 0.23203125 0.30546875 0.04375 0.11640625
0 0.23046875 0.37734375 0.03125 0.07109375
0 0.2578125 0.37734375 0.025 0.0640625
0 0.284375 0.43125 0.03125 0.0828125
0 0.2578125 0.434375 0.0265625 0.06171875
0 0.28671875 0.4 0.02109375 0.0484375
0 0.3078125 0.4046875 0.025 0.0546875
0 0.32890625 0.4109375 0.02734375 0.09375
0 0.3421875 0.4 0.0203125 0.11640625
0 0.3578125 0.4078125 0.03515625 0.10703125
0 0.3734375 0.38125 0.025 0.07890625
0 0.4015625 0.2796875 0.03359375 0.14296875
0 0.4171875 0.29140625 0.02734375 0.121875
0 0.48125 0.27578125 0.0453125 0.1578125
0 0.5671875 0.2609375 0.0390625 0.15
0 0.6078125 0.2671875 0.03515625 0.140625
0 0.66171875 0.2234375 0.0140625 0.01875
0 0.6921875 0.24375 0.0375 0.1234375
0 0.8109375 0.24765625 0.03515625 0.15
0 0.8484375 0.2375 0.03359375 0.1484375
0 0.8859375 0.23671875 0.03359375 0.14609375
0 0.91640625 0.23671875 0.03515625 0.13515625
0 0.978125 0.21875 0.04375 0.15546875
0 0.95625 0.3453125 0.0546875 0.17265625
0 0.98828125 0.34140625 0.0234375 0.0359375
0 0.9640625 0.41640625 0.0390625 0.15
0 0.946875 0.4875 0.0609375 0.13125
0 0.91875 0.4265625 0.0375 0.10703125
0 0.89140625 0.38671875 0.03515625 0.1046875
0 0.4203125 0.4515625 0.0453125 0.0921875
0 0.42578125 0.4140625 0.02109375 0.0390625
0 0.44921875 0.425 0.0359375 0.0765625
0 0.4734375 0.46875 0.02890625 0.0828125
0 0.5078125 0.4765625 0.0296875 0.07109375
0 0.51796875 0.44296875 0.02890625 0.12734375
0 0.5578125 0.43515625 0.04140625 0.13125
0 0.5953125 0.4140625 0.0359375 0.0953125
0 0.63203125 0.41875 0.0359375 0.08984375
0 0.634375 0.36953125 0.03359375 0.05625
0 0.6671875 0.40703125 0.0390625 0.1015625
0 0.7078125 0.40703125 0.02890625 0.1046875
0 0.66953125 0.36875 0.03359375 0.10703125
0 0.703125 0.36171875 0.04375 0.08984375
0 0.67578125 0.31484375 0.03125 0.0828125
0 0.7046875 0.3125 0.0375 0.0765625
0 0.7359375 0.3 0.02890625 0.0453125
0 0.7515625 0.33203125 0.0234375 0.07890625
0 0.7328125 0.35 0.03984375 0.065625
0 0.74140625 0.403125 0.03984375 0.1015625
0 0.7703125 0.40546875 0.03984375 0.1015625
0 0.7953125 0.4046875 0.02890625 0.0953125
0 0.8390625 0.40546875 0.03984375 0.1390625
0 0.784375 0.3703125 0.0234375 0.04296875
0 0.80703125 0.33984375 0.0359375 0.0640625
0 0.76796875 0.3453125 0.03125 0.07109375
0 0.7828125 0.31796875 0.02890625 0.06953125
0 0.84140625 0.3375 0.03515625 0.0453125
0 0.8640625 0.40703125 0.03359375 0.12734375
0 0.134375 0.48515625 0.04140625 0.0765625
0 0.071875 0.48984375 0.04140625 0.13515625
0 0.2921875 0.3875 0.0125 0.0359375