0 0.04453125 0.61953125 0.075 0.46796875
0 0.0796875 0.6828125 0.09453125 0.4296875
0 0.15 0.6640625 0.0875 0.44375
0 0.1296875 0.45 0.053125 0.13984375
0 0.23046875 0.66640625 0.0921875 0.4421875
0 0.22578125 0.46796875 0.08984375 0.1796875
0 0.31328125 0.66484375 0.084375 0.4421875
0 0.2828125 0.6046875 0.07734375 0.4765625
0 0.3828125 0.6640625 0.06875 0.44375
0 0.359375 0.44375 0.071875 0.20703125
0 0.44140625 0.66328125 0.078125 0.43515625
0 0.4265625 0.46171875 0.0546875 0.13671875
0 0.50390625 0.66640625 0.0765625 0.425
0 0.4890625 0.46484375 0.0578125 0.128125
0 0.57421875 0.66640625 0.07421875 0.425
0 0.5484375 0.61328125 0.059375 0.4734375
0 0.6046875 0.45859375 0.053125 0.1640625
0 0.63359375 0.665625 0.0640625 0.4234375
0 0.68828125 0.66640625 0.07421875 0.43515625
0 0.6625 0.46875 0.05390625 0.146875
0 0.7109375 0.48203125 0.05078125 0.17578125
0 0.75078125 0.67265625 0.078125 0.44765625
0 0.759375 0.48046875 0.05546875 0.15859375
0 0.81328125 0.675 0.07734375 0.4421875
0 0.8703125 0.68359375 0.07890625 0.425
0 0.93671875 0.67578125 0.0859375 0.4578125
0 0.97734375 0.49453125 0.01640625 0.05
0 0.83359375 0.590625 0.09453125 0.5109375
0 0.0953125 0.41875 0.07109375 0.24375
0 0.16875 0.38828125 0.0734375 0.25546875
0 0.22734375 0.3828125 0.0640625 0.1671875
0 0.2796875 0.3828125 0.0671875 0.178125
0 0.3390625 0.371875 0.053125 0.17421875
0 0.40546875 0.38515625 0.0625 0.2109375
0 0.46015625 0.41171875 0.06640625 0.2640625
0 0.51640625 0.37421875 0.0703125 0.1953125
0 0.58203125 0.3828125 0.05078125 0.178125
0 0.6421875 0.36796875 0.06953125 0.2
0 0.70625 0.37578125 0.06953125 0.1953125
0 0.7609375 0.4125 0.06640625 0.18671875
0 0.809375 0.37109375 0.04609375 0.12109375
0 0.8859375 0.42734375 0.07890625 0.24375