0 0.96328125 0.378125 0.0734375 0.175
0 0.91328125 0.69296875 0.121875 0.61171875
0 0.7859375 0.60546875 0.221875 0.78671875
0 0.6953125 0.5984375 0.15078125 0.79765625
0 0.50859375 0.49921875 0.51171875 0.9984375
0 0.27734375 0.49921875 0.303125 0.9984375
0 0.2078125 0.5 0.18828125 1
0 0.05234375 0.50078125 0.1046875 0.94765625
0 0.96328125 0.678125 0.07265625 0.62265625
0 0.8046875 0.38828125 0.15703125 0.215625
0 0.66171875 0.26171875 0.08046875 0.134375
0 0.6984375 0.87109375 0.0375 0.23359375
0 0.0296875 0.540625 0.059375 0.9