0 0.87734375 0.83359375 0.0265625 0.1359375
0 0.8984375 0.8484375 0.05859375 0.15859375
0 0.77109375 0.83984375 0.02578125 0.1
0 0.75078125 0.825 0.0296875 0.14609375
0 0.73203125 0.828125 0.02578125 0.1171875
0 0.57578125 0.8234375 0.034375 0.140625
0 0.54296875 0.834375 0.0359375 0.13828125
0 0.3328125 0.85625 0.05546875 0.20703125
0 0.43828125 0.79296875 0.01953125 0.01953125
0 0.4265625 0.81796875 0.0203125 0.0359375
0 0.28828125 0.79609375 0.01953125 0.0609375
0 0.2703125 0.7984375 0.01328125 0.0578125
0 0.26796875 0.75390625 0.0140625 0.03125
0 0.3421875 0.75234375 0.00859375 0.02265625
0 0.34296875 0.7390625 0.0109375 0.02109375
0 0.3328125 0.740625 0.0140625 0.02421875
0 0.3375 0.71484375 0.00546875 0.01796875
0 0.33359375 0.70859375 0.0078125 0.028125
0 0.32890625 0.71171875 0.00390625 0.015625
0 0.32890625 0.71171875 0.00625 0.025
0 0.32578125 0.71640625 0.01015625 0.0296875
0 0.31875 0.71484375 0.0078125 0.01953125
0 0.3125 0.71640625 0.00625 0.0171875
0 0.31171875 0.7015625 0.0046875 0.01953125
0 0.315625 0.73046875 0.00625 0.0328125
0 0.31015625 0.7421875 0.00625 0.0125
0 0.30625 0.73203125 0.009375 0.03046875
0 0.29453125 0.70390625 0.00703125 0.02734375
0 0.27421875 0.703125 0.0078125 0.0296875
0 0.2703125 0.70390625 0.00625 0.02578125
0 0.26328125 0.70390625 0.00859375 0.02734375
0 0.2234375 0.69453125 0.00859375 0.0078125
0 0.215625 0.70078125 0.0078125 0.028125
0 0.1859375 0.6984375 0.009375 0.0296875
0 0.1640625 0.7 0.0078125 0.02421875
0 0.146875 0.6984375 0.01015625 0.02734375
0 0.13984375 0.6984375 0.00703125 0.02734375
0 0.13359375 0.6984375 0.00703125 0.0296875
0 0.12734375 0.7015625 0.00703125 0.02578125
0 0.1234375 0.68828125 0.00703125 0.01015625
0 0.1171875 0.6890625 0.00625 0.009375
0 0.06796875 0.69921875 0.0078125 0.01328125
0 0.08359375 0.7890625 0.0140625 0.05390625
0 0.08828125 0.79453125 0.00703125 0.04765625
0 0.03046875 0.78671875 0.00703125 0.025
0 0.034375 0.7921875 0.0078125 0.02421875
0 0.0546875 0.77890625 0.009375 0.03125
0 0.04609375 0.78984375 0.01953125 0.040625
0 0.05390625 0.81171875 0.03125 0.04453125
0 0.015625 0.81640625 0.03125 0.06171875
0 0.0078125 0.7796875 0.015625 0.0375
0 0.1125 0.79296875 0.01015625 0.04140625
0 0.11484375 0.78828125 0.0078125 0.0453125
0 0.12265625 0.79453125 0.01328125 0.05
0 0.13046875 0.7890625 0.0109375 0.04453125
0 0.13515625 0.78671875 0.0078125 0.04375
0 0.13984375 0.79296875 0.015625 0.046875
0 0.15625 0.78671875 0.01328125 0.04375
0 0.16640625 0.7875 0.0109375 0.04140625
0 0.17421875 0.79296875 0.01484375 0.0515625
0 0.0484375 0.90859375 0.0796875 0.18203125
0 0.45859375 0.859375 0.0453125 0.184375
0 0.49453125 0.8453125 0.0515625 0.18515625
0 0.40390625 0.590625 0.01328125 0.05546875
0 0.40625 0.575 0.01015625 0.04296875
0 0.509375 0.49609375 0.03046875 0.090625
0 0.528125 0.49140625 0.02890625 0.08984375
0 0.6046875 0.45859375 0.02734375 0.0953125
0 0.6453125 0.4421875 0.02890625 0.10234375
0 0.67109375 0.425 0.025 0.11484375
0 0.83203125 0.409375 0.034375 0.03984375
0 0.87578125 0.38984375 0.03984375 0.05
0 0.92109375 0.371875 0.046875 0.05546875
0 0.97890625 0.34609375 0.028125 0.05234375
0 0.99140625 0.33828125 0.0171875 0.0578125
0 0.9078125 0.7875 0.02109375 0.0578125
0 0.1953125 0.790625 0.01640625 0.05546875
0 0.9578125 0.8296875 0.08359375 0.109375
0 0.81484375 0.8 0.096875 0.0859375
0 0.65625 0.81171875 0.146875 0.0890625
0 0.734375 0.86015625 0.0078125 0.03984375
0 0.60859375 0.89765625 0.1546875 0.04296875
0 0.3921875 0.9640625 0.12421875 0.059375
0 0.290625 0.82578125 0.03671875 0.00859375
0 0.3765625 0.69765625 0.00390625 0.01953125
0 0.36328125 0.71328125 0.00546875 0.0078125
0 0.35390625 0.71328125 0.0109375 0.0078125
0 0.34375 0.709375 0.009375 0.01640625
0 0.12109375 0.6859375 0.00234375 0.0046875
0 0.10703125 0.69765625 0.0125 0.02578125
0 0.07890625 0.7 0.0140625 0.02421875
0 0.078125 0.78828125 0.0078125 0.0421875
0 0.0875 0.7703125 0.00625 0.009375
0 0.03984375 0.78125 0.06953125 0.0484375
0 0.12109375 0.76953125 0.01171875 0.009375
0 0.1515625 0.79453125 0.00625 0.02265625
0 0.16015625 0.7859375 0.0046875 0.0109375
0 0.54921875 0.95859375 0.16953125 0.059375
0 0.190625 0.77265625 0.00546875 0.009375
0 0.2046875 0.7875 0.00703125 0.02421875
0 0.2078125 0.81796875 0.0203125 0.00546875
0 0.184375 0.81796875 0.015625 0.00625
0 0.1140625 0.840625 0.02421875 0.00625
0 0.1484375 0.8171875 0.01640625 0.00625
0 0.1890625 0.7921875 0.00546875 0.01171875