0 0.0828125 0.75234375 0.165625 0.4953125
0 0.30703125 0.71171875 0.3015625 0.57421875
0 0.046875 0.63984375 0.09296875 0.4890625
0 0.075 0.52265625 0.0953125 0.2859375
0 0.09609375 0.440625 0.11953125 0.2703125
0 0.13125 0.40859375 0.0359375 0.09921875
0 0.16171875 0.4140625 0.0578125 0.10078125
0 0.19921875 0.7078125 0.19921875 0.584375
0 0.2078125 0.42421875 0.040625 0.10546875
0 0.2203125 0.4703125 0.08671875 0.2078125
0 0.209375 0.32265625 0.115625 0.17421875
0 0.24453125 0.3203125 0.0546875 0.06796875
0 0.2875 0.3609375 0.13203125 0.15859375
0 0.2625 0.39609375 0.08515625 0.1140625
0 0.32265625 0.321875 0.04609375 0.0703125
0 0.32578125 0.3203125 0.053125 0.071875
0 0.3765625 0.40859375 0.03828125 0.115625
0 0.3734375 0.61171875 0.1359375 0.4390625
0 0.37421875 0.46484375 0.07109375 0.1765625
0 0.3796875 0.3453125 0.0671875 0.12109375
0 0.37734375 0.40703125 0.0375 0.11640625
0 0.4078125 0.46640625 0.08359375 0.20546875
0 0.484375 0.5609375 0.17578125 0.35
0 0.5890625 0.753125 0.2765625 0.49140625
0 0.43125 0.35859375 0.07890625 0.15703125
0 0.4828125 0.45 0.0625 0.29296875
0 0.51328125 0.34296875 0.0921875 0.10078125
0 0.52265625 0.453125 0.03671875 0.16328125
0 0.52265625 0.36484375 0.034375 0.11015625
0 0.56640625 0.36484375 0.05390625 0.128125
0 0.571875 0.478125 0.0859375 0.2359375
0 0.60859375 0.41640625 0.0515625 0.11796875
0 0.615625 0.3953125 0.06328125 0.17421875
0 0.6515625 0.5046875 0.11640625 0.2453125
0 0.65859375 0.3828125 0.025 0.028125
0 0.70078125 0.475 0.09296875 0.3875
0 0.75703125 0.55234375 0.0890625 0.315625
0 0.78828125 0.38828125 0.096875 0.19453125
0 0.8015625 0.61015625 0.11796875 0.41328125
0 0.85 0.47578125 0.06640625 0.1734375
0 0.85234375 0.4515625 0.10078125 0.234375
0 0.80703125 0.7703125 0.12578125 0.33203125
0 0.8984375 0.634375 0.2015625 0.72890625
0 0.096875 0.5796875 0.06953125 0.14140625
0 0.1109375 0.36796875 0.04609375 0.0453125
0 0.14609375 0.409375 0.03359375 0.02578125
0 0.30390625 0.328125 0.028125 0.04921875
0 0.54609375 0.4109375 0.02265625 0.034375
0 0.975 0.3671875 0.05 0.21875