0 0.04375 0.653125 0.0875 0.44375
0 0.45703125 0.61484375 0.0421875 0.2703125
0 0.41953125 0.60625 0.04609375 0.275
0 0.4359375 0.59453125 0.02578125 0.246875
0 0.471875 0.60234375 0.028125 0.2453125
0 0.475 0.584375 0.02734375 0.23671875
0 0.50234375 0.59375 0.04375 0.22734375
0 0.50078125 0.584375 0.03515625 0.22265625
0 0.534375 0.5890625 0.0375 0.21484375
0 0.53671875 0.57265625 0.0421875 0.2296875
0 0.56796875 0.5875 0.0421875 0.21015625
0 0.5734375 0.571875 0.04453125 0.2078125
0 0.60234375 0.58515625 0.0390625 0.2015625
0 0.60390625 0.57109375 0.040625 0.20859375
0 0.6390625 0.5875 0.04140625 0.1984375
0 0.64765625 0.57890625 0.0265625 0.1890625
0 0.67890625 0.584375 0.053125 0.203125
0 0.68984375 0.5703125 0.0328125 0.21171875
0 0.78125 0.665625 0.10703125 0.36328125
0 0.94921875 0.5703125 0.08125 0.2578125