0 0.9546875 0.6015625 0.04609375 0.13984375
0 0.91015625 0.6078125 0.0546875 0.14140625
0 0.86640625 0.60703125 0.05 0.11328125
0 0.7859375 0.59296875 0.0296875 0.16328125
0 0.54765625 0.515625 0.025 0.03203125
0 0.51953125 0.55 0.01875 0.10703125
0 0.74609375 0.7921875 0.1375 0.175
0 0.65703125 0.7296875 0.05625 0.1296875
0 0.58359375 0.7421875 0.0828125 0.30859375
0 0.5015625 0.6703125 0.09375 0.11328125
0 0.49921875 0.6578125 0.04140625 0.13203125
0 0.4078125 0.77265625 0.1921875 0.1984375
0 0.3046875 0.68359375 0.0859375 0.13671875
0 0.4453125 0.65546875 0.04765625 0.121875
0 0.33203125 0.625 0.05859375 0.06640625
0 0.2859375 0.615625 0.0453125 0.075
0 0.2484375 0.603125 0.03515625 0.06640625
0 0.25 0.59296875 0.02734375 0.046875
0 0.321875 0.484375 0.0109375 0.0515625
0 0.2984375 0.4703125 0.0171875 0.0234375
0 0.284375 0.465625 0.01875 0.021875
0 0.22578125 0.49921875 0.0890625 0.06171875
0 0.14921875 0.4859375 0.0609375 0.06171875
0 0.596875 0.62890625 0.0265625 0.021875
0 0.63359375 0.70234375 0.0296875 0.0546875