0 0.190625 0.58671875 0.28359375 0.821875
0 0.24453125 0.3875 0.0484375 0.11171875
0 0.35546875 0.6828125 0.1703125 0.62109375
0 0.4609375 0.7015625 0.20234375 0.59296875
0 0.571875 0.70234375 0.10546875 0.59140625
0 0.62265625 0.6875 0.09765625 0.5609375
0 0.709375 0.66796875 0.2078125 0.6640625
0 0.7953125 0.70234375 0.1421875 0.59140625
0 0.9296875 0.68828125 0.11640625 0.61953125
0 0.98203125 0.7015625 0.0359375 0.596875
0 0.24296875 0.1921875 0.1 0.384375
0 0.71484375 0.2078125 0.0703125 0.2609375
0 0.5796875 0.41875 0.15390625 0.20625
0 0.74765625 0.42890625 0.0875 0.1703125
0 0.3265625 0.0796875 0.1 0.159375
0 0.64453125 0.11171875 0.1109375 0.22265625
0 0.0359375 0.2953125 0.071875 0.36875