0 0.025 0.621875 0.05 0.328125
0 0.11875 0.71328125 0.14765625 0.56953125
0 0.17578125 0.69375 0.071875 0.6125
0 0.2390625 0.70625 0.090625 0.58359375
0 0.3171875 0.6890625 0.096875 0.49296875
0 0.3765625 0.70078125 0.1015625 0.5953125
0 0.434375 0.70390625 0.090625 0.58828125
0 0.4984375 0.71875 0.09375 0.559375
0 0.58984375 0.68515625 0.1640625 0.6265625
0 0.73046875 0.69765625 0.1578125 0.60078125
0 0.00859375 0.49140625 0.01640625 0.0453125
0 0.040625 0.56171875 0.025 0.175
0 0.98046875 0.7703125 0.0390625 0.459375