0 0.7171875 0.79296875 0.16875 0.41328125
0 0.78359375 0.64453125 0.1015625 0.68515625
0 0.696875 0.58203125 0.0828125 0.56015625
0 0.62265625 0.621875 0.09765625 0.73359375
0 0.54609375 0.63359375 0.08671875 0.703125
0 0.5390625 0.3 0.1171875 0.29296875
0 0.434375 0.64609375 0.11328125 0.675
0 0.34453125 0.63515625 0.0890625 0.71015625
0 0.41015625 0.39921875 0.16484375 0.6515625
0 0.22578125 0.64453125 0.109375 0.68203125
0 0.1171875 0.62890625 0.09921875 0.73828125
0 0.2859375 0.40078125 0.0875 0.571875