0 0.5015625 0.62265625 0.06875 0.25078125
0 0.5328125 0.60390625 0.021875 0.14375
0 0.54375 0.54609375 0.00859375 0.021875
0 0.54609375 0.58515625 0.01484375 0.08515625
0 0.55390625 0.5515625 0.0140625 0.0296875
0 0.57734375 0.63046875 0.0546875 0.22890625
0 0.596875 0.54609375 0.01171875 0.025
0 0.61875 0.58515625 0.02421875 0.09375
0 0.6359375 0.60625 0.01875 0.165625
0 0.65 0.625 0.04375 0.22890625
0 0.27109375 0.3875 0.05390625 0.0890625
0 0.26875 0.51484375 0.075 0.146875
0 0.39375 0.5484375 0.0359375 0.05546875
0 0.34453125 0.596875 0.15703125 0.80625
0 0.92578125 0.5875 0.021875 0.071875
0 0.9484375 0.571875 0.03046875 0.08203125
0 0.96015625 0.4671875 0.01640625 0.0484375
0 0.7296875 0.54453125 0.015625 0.0421875
0 0.759375 0.5375 0.0359375 0.07734375
0 0.78828125 0.5140625 0.0296875 0.06875
0 0.5875 0.54140625 0.00859375 0.025
0 0.55625 0.65078125 0.0125 0.06171875
0 0.565625 0.55078125 0.01171875 0.025