0 0.02578125 0.28984375 0.0515625 0.146875
0 0.18046875 0.4109375 0.078125 0.2953125
0 0.221875 0.4109375 0.05390625 0.2828125
0 0.1375 0.4 0.06875 0.25546875
0 0.1078125 0.3875 0.034375 0.23828125
0 0.19375 0.190625 0.0265625 0.03515625
0 0.28046875 0.41796875 0.08515625 0.33046875
0 0.96953125 0.5015625 0.0609375 0.2953125
0 0.878125 0.66171875 0.1859375 0.61953125
0 0.825 0.79921875 0.03515625 0.1953125
0 0.90703125 0.54921875 0.1078125 0.4453125
0 0.8 0.56875 0.13125 0.509375
0 0.834375 0.365625 0.0734375 0.12109375
0 0.78828125 0.375 0.05078125 0.14609375
0 0.759375 0.32734375 0.0421875 0.09765625
0 0.725 0.484375 0.0625 0.39296875
0 0.67109375 0.525 0.134375 0.54296875
0 0.6390625 0.30703125 0.0515625 0.15078125
0 0.5984375 0.48984375 0.08515625 0.421875
0 0.546875 0.4125 0.071875 0.303125
0 0.596875 0.28203125 0.04296875 0.05625
0 0.52421875 0.384375 0.0765625 0.28359375
0 0.48359375 0.36171875 0.04609375 0.265625
0 0.44375 0.32109375 0.025 0.2015625
0 0.396875 0.3234375 0.0421875 0.225
0 0.42265625 0.3421875 0.0609375 0.27578125
0 0.32421875 0.29765625 0.06640625 0.18359375
0 0.353125 0.29140625 0.03203125 0.171875
0 0.3015625 0.27109375 0.040625 0.15625
0 0.25703125 0.271875 0.03203125 0.14296875
0 0.8796875 0.37578125 0.0359375 0.1234375
0 0.034375 0.4234375 0.0390625 0.1546875
0 0.01171875 0.19765625 0.0234375 0.11953125
0 0.053125 0.23203125 0.03125 0.0703125
0 0.275 0.71953125 0.0859375 0.2796875
0 0.48203125 0.62734375 0.0734375 0.28125
0 0.08671875 0.3328125 0.02421875 0.20703125
0 0.6046875 0.18125 0.0375 0.04140625
0 0.7328125 0.22109375 0.096875 0.06484375
0 0.46171875 0.3375 0.03125 0.18984375
0 0.38359375 0.31953125 0.0171875 0.18125
0 0.3625 0.225 0.0203125 0.06015625
0 0.21015625 0.1515625 0.0734375 0.05078125
0 0.2859375 0.159375 0.0296875 0.0484375
0 0.278125 0.2140625 0.02421875 0.0484375
0 0.34296875 0.4890625 0.06171875 0.17578125
0 0.36328125 0.17109375 0.0171875 0.025
0 0.41171875 0.60234375 0.059375 0.240625
0 0.51875 0.23515625 0.034375 0.0296875
0 0.5953125 0.24296875 0.0203125 0.0140625
0 0.5671875 0.28671875 0.03046875 0.046875
0 0.321875 0.221875 0.01953125 0.0296875