0 0.1546875 0.33203125 0.046875 0.06875
0 0.3640625 0.3296875 0.090625 0.14296875
0 0.4203125 0.421875 0.06953125 0.259375
0 0.46953125 0.63203125 0.17890625 0.66796875
0 0.4515625 0.6046875 0.14453125 0.64375
0 0.5765625 0.4359375 0.05859375 0.2015625
0 0.653125 0.66640625 0.2234375 0.63203125
0 0.7140625 0.41484375 0.071875 0.21875
0 0.753125 0.5296875 0.0578125 0.39765625
0 0.7890625 0.52890625 0.103125 0.4234375
0 0.79609375 0.51953125 0.10234375 0.40078125
0 0.89375 0.5171875 0.1109375 0.36640625
0 0.4703125 0.32109375 0.075 0.08515625
0 0.878125 0.37109375 0.07109375 0.121875
0 0.8453125 0.61875 0.0296875 0.14609375