0 0.09296875 0.66640625 0.1859375 0.6640625
0 0.403125 0.14453125 0.303125 0.2609375
0 0.275 0.25546875 0.18671875 0.41640625
0 0.40703125 0.2046875 0.12734375 0.2390625
0 0.4984375 0.178125 0.08515625 0.2390625
0 0.5953125 0.23828125 0.24609375 0.27265625
0 0.6875 0.23359375 0.10390625 0.31171875
0 0.43671875 0.36796875 0.1578125 0.3953125
0 0.2875 0.33359375 0.1578125 0.34375
0 0.53984375 0.42265625 0.2 0.37578125
0 0.6609375 0.3828125 0.184375 0.446875
0 0.23359375 0.646875 0.1609375 0.70625
0 0.35078125 0.66171875 0.19375 0.6734375
0 0.525 0.67890625 0.19453125 0.6421875
0 0.7109375 0.7015625 0.20859375 0.59375
0 0.86484375 0.64140625 0.22421875 0.7140625
0 0.92265625 0.6875 0.15390625 0.62265625