0 0.97578125 0.5171875 0.04765625 0.06171875
0 0.88828125 0.5 0.103125 0.38515625
0 0.84296875 0.509375 0.05703125 0.3328125
0 0.74921875 0.49296875 0.11875 0.37265625
0 0.75 0.5484375 0.0671875 0.24609375
0 0.6375 0.50078125 0.0671875 0.36015625
0 0.58515625 0.48984375 0.0625 0.271875
0 0.51953125 0.46484375 0.22109375 0.62890625
0 0.41015625 0.48515625 0.0859375 0.3984375
0 0.34609375 0.5078125 0.1296875 0.36328125
0 0.30234375 0.465625 0.09296875 0.415625
0 0.26953125 0.48359375 0.08203125 0.39921875
0 0.21875 0.47890625 0.0859375 0.4171875
0 0.15078125 0.4625 0.0921875 0.4484375
0 0.075 0.4625 0.10546875 0.45390625
0 0.075 0.4390625 0.125 0.465625
0 0.02421875 0.434375 0.0484375 0.496875
0 0.978125 0.4375 0.04296875 0.0984375
0 0.92734375 0.2765625 0.05234375 0.175
0 0.67734375 0.2234375 0.0703125 0.21875
0 0.3859375 0.13203125 0.08125 0.2640625