0 0.75859375 0.746875 0.1515625 0.321875
0 0.65625 0.7140625 0.18125 0.359375
0 0.58359375 0.6859375 0.175 0.35625
0 0.51015625 0.6609375 0.165625 0.39921875
0 0.40390625 0.64140625 0.11328125 0.43046875
0 0.303125 0.65625 0.13125 0.4
0 0.3546875 0.5984375 0.040625 0.215625
0 0.91640625 0.6125 0.0296875 0.0546875
0 0.946875 0.62421875 0.03984375 0.04609375
0 0.94140625 0.56484375 0.0171875 0.06328125
0 0.9265625 0.57734375 0.015625 0.03984375
0 0.9109375 0.56015625 0.021875 0.06875
0 0.3796875 0.5609375 0.01875 0.06953125
0 0.38984375 0.58125 0.01484375 0.03515625
0 0.16875 0.5515625 0.01015625 0.03671875
0 0.140625 0.5515625 0.01015625 0.02421875
0 0.10390625 0.5515625 0.0078125 0.028125
0 0.075 0.5484375 0.00703125 0.025
0 0.0625 0.5515625 0.00859375 0.03203125
0 0.0328125 0.55078125 0.009375 0.0296875
0 0.0171875 0.55 0.00859375 0.028125
0 0.95 0.546875 0.01328125 0.03359375
0 0.98984375 0.546875 0.01875 0.0265625
0 0.87265625 0.5484375 0.05234375 0.03515625
0 0.778125 0.553125 0.0171875 0.02109375
0 0.6671875 0.53984375 0.028125 0.02578125
0 0.46796875 0.565625 0.0328125 0.06328125
0 0.5046875 0.540625 0.034375 0.025
0 0.27421875 0.553125 0.0515625 0.03828125
0 0.08515625 0.56015625 0.021875 0.01875
0 0.0265625 0.55703125 0.00859375 0.0140625