0 0.85078125 0.33828125 0.02421875 0.02890625
0 0.8640625 0.4703125 0.03984375 0.24375
0 0.89375 0.4484375 0.0671875 0.3375
0 0.94296875 0.3953125 0.034375 0.096875
0 0.96875 0.46953125 0.0625 0.2359375
0 0.034375 0.56015625 0.06875 0.2171875
0 0.10078125 0.70859375 0.14453125 0.5140625
0 0.1328125 0.609375 0.0796875 0.38828125
0 0.25390625 0.70859375 0.1359375 0.4875
0 0.321875 0.6484375 0.0359375 0.1390625
0 0.3671875 0.56953125 0.06875 0.209375
0 0.46953125 0.55078125 0.05 0.1640625
0 0.51171875 0.590625 0.05390625 0.22109375
0 0.565625 0.596875 0.0625 0.25703125
0 0.6046875 0.54609375 0.04453125 0.19609375
0 0.20078125 0.5265625 0.03828125 0.15390625
0 0.1875 0.66171875 0.06171875 0.17734375
0 0.8140625 0.46171875 0.06015625 0.253125
0 0.23359375 0.509375 0.04140625 0.12734375
0 0.059375 0.46796875 0.04140625 0.03203125
0 0.06015625 0.503125 0.0375 0.0421875
0 0.8515625 0.334375 0.02578125 0.025
0 0.171875 0.50546875 0.0296875 0.1390625
0 0.3015625 0.50078125 0.04609375 0.121875
0 0.409375 0.534375 0.05859375 0.20390625
0 0.51484375 0.48203125 0.04453125 0.05703125
0 0.54921875 0.48984375 0.02421875 0.053125