0 0.08671875 0.5 0.084375 0.51875
0 0.13515625 0.46875 0.16171875 0.45703125
0 0.19453125 0.37109375 0.06484375 0.2578125
0 0.246875 0.3703125 0.06953125 0.23125
0 0.2828125 0.278125 0.04140625 0.1078125
0 0.31875 0.375 0.09296875 0.21875
0 0.3421875 0.39140625 0.0671875 0.2265625
0 0.3640625 0.28125 0.0375 0.1171875
0 0.3921875 0.38046875 0.06171875 0.21796875
0 0.42421875 0.25546875 0.05390625 0.1
0 0.43984375 0.3546875 0.084375 0.24375
0 0.48984375 0.44453125 0.159375 0.42578125
0 0.51875 0.2296875 0.05 0.1078125
0 0.5390625 0.3609375 0.05390625 0.20078125
0 0.5890625 0.3671875 0.06484375 0.21328125
0 0.58671875 0.259375 0.06875 0.1515625
0 0.6625 0.359375 0.1046875 0.24375
0 0.6671875 0.2578125 0.03984375 0.1296875
0 0.68828125 0.36015625 0.053125 0.18359375
0 0.71953125 0.26953125 0.04609375 0.115625
0 0.7484375 0.3546875 0.09453125 0.221875
0 0.78984375 0.28203125 0.0546875 0.1328125
0 0.8234375 0.3734375 0.07578125 0.234375
0 0.86015625 0.37109375 0.140625 0.2421875
0 0.9234375 0.58984375 0.09609375 0.3703125
0 0.853125 0.5796875 0.08359375 0.35625
0 0.78671875 0.56015625 0.0796875 0.3640625
0 0.72109375 0.5578125 0.07109375 0.34375
0 0.684375 0.56640625 0.12578125 0.33046875
0 0.6 0.56015625 0.06328125 0.33046875
0 0.51875 0.571875 0.13125 0.346875
0 0.4734375 0.5828125 0.09609375 0.36875
0 0.4171875 0.56875 0.184375 0.36875
0 0.35546875 0.58828125 0.06875 0.31171875
0 0.29375 0.5765625 0.07265625 0.33515625
0 0.23515625 0.56875 0.0703125 0.34375
0 0.16328125 0.59453125 0.1140625 0.3625
0 0.3875 0.21171875 0.1125 0.05546875