0 0.77890625 0.89453125 0.075 0.20859375
0 0.65625 0.82421875 0.12734375 0.34921875
0 0.51640625 0.86015625 0.04453125 0.26640625
0 0.5765625 0.80703125 0.10390625 0.3546875
0 0.6078125 0.8609375 0.0265625 0.19140625
0 0.63203125 0.71953125 0.0203125 0.0875
0 0.346875 0.76640625 0.0453125 0.23359375
0 0.3125 0.728125 0.02421875 0.11796875
0 0.29609375 0.70546875 0.0125 0.06015625
0 0.28828125 0.73125 0.0171875 0.10703125
0 0.275 0.734375 0.01953125 0.11328125
0 0.259375 0.78203125 0.04375 0.2203125
0 0.2140625 0.82109375 0.06640625 0.35078125
0 0.13203125 0.821875 0.0609375 0.34296875
0 0.07109375 0.83515625 0.0578125 0.3296875
0 0.0265625 0.81875 0.053125 0.36015625
0 0.04453125 0.70546875 0.009375 0.03359375
0 0.09453125 0.70625 0.0125 0.0453125
0 0.10625 0.725 0.01328125 0.06796875
0 0.15 0.70703125 0.01328125 0.05
0 0.1578125 0.7234375 0.00859375 0.0375
0 0.1703125 0.7125 0.0140625 0.05
0 0.1828125 0.70703125 0.0046875 0.0390625
0 0.1890625 0.7125 0.01875 0.07421875
0 0.19765625 0.68359375 0.01171875 0.021875
0 0.24375 0.70234375 0.0109375 0.0359375
0 0.26640625 0.703125 0.0078125 0.05546875
0 0.2625 0.553125 0.0109375 0.04765625
0 0.034375 0.69296875 0.00703125 0.0125
0 0.1671875 0.6890625 0.0578125 0.01640625
0 0.2234375 0.69140625 0.009375 0.01640625
0 0.25546875 0.6984375 0.02109375 0.028125
0 0.27890625 0.6875 0.00546875 0.01640625
0 0.32890625 0.6953125 0.01953125 0.03125
0 0.396875 0.71015625 0.0265625 0.053125
0 0.3578125 0.6875 0.0125 0.01796875
0 0.45546875 0.7109375 0.04609375 0.0609375
0 0.5265625 0.70625 0.0296875 0.05703125
0 0.609375 0.70703125 0.0203125 0.046875
0 0.67578125 0.71875 0.0203125 0.06015625
0 0.9640625 0.73984375 0.06875 0.16640625
0 0.83515625 0.7453125 0.00703125 0.0140625
0 0.7765625 0.740625 0.00625 0.01640625
0 0.7265625 0.734375 0.0078125 0.015625
0 0.2046875 0.628125 0.0171875 0.01875
0 0.3453125 0.87109375 0.1546875 0.0359375
0 0.24296875 0.6828125 0.00546875 0.0140625