0 0.7265625 0.26484375 0.0890625 0.25234375
0 0.9171875 0.28125 0.12109375 0.3203125
0 0.1234375 0.41953125 0.246875 0.4703125
0 0.25078125 0.53125 0.4671875 0.8453125
0 0.4453125 0.48125 0.4640625 0.7375
0 0.5 0.0578125 1 0.115625
0 0.83125 0.17421875 0.12265625 0.1140625
0 0.93828125 0.1515625 0.09453125 0.0703125
0 0.69609375 0.1671875 0.03359375 0.10390625
0 0.73828125 0.1265625 0.06015625 0.0265625
0 0.6421875 0.1765625 0.071875 0.1203125
0 0.4765625 0.1671875 0.140625 0.10234375
0 0.30546875 0.17734375 0.1828125 0.1203125
0 0.09375 0.17734375 0.1875 0.1328125
0 0.20078125 0.1546875 0.028125 0.08984375