0 0.0640625 0.48984375 0.025 0.03984375
0 0.2046875 0.4734375 0.05 0.08359375
0 0.3796875 0.4734375 0.0265625 0.04609375
0 0.4203125 0.4609375 0.01640625 0.04765625
0 0.43203125 0.4609375 0.0234375 0.0515625
0 0.5421875 0.5171875 0.05859375 0.0640625
0 0.59921875 0.4671875 0.01484375 0.02734375
0 0.640625 0.4890625 0.08515625 0.12109375
0 0.6984375 0.4828125 0.09296875 0.1375
0 0.8484375 0.4796875 0.0296875 0.05234375
0 0.93828125 0.44453125 0.0296875 0.04609375
0 0.91640625 0.5046875 0.0765625 0.17109375
0 0.88046875 0.5 0.0546875 0.16484375
0 0.86015625 0.4921875 0.01015625 0.03359375
0 0.0109375 0.41875 0.021875 0.0421875
0 0.1078125 0.43984375 0.06484375 0.0546875
0 0.25703125 0.43125 0.03671875 0.0421875
0 0.853125 0.4328125 0.053125 0.075
0 0.98359375 0.41796875 0.0296875 0.0484375
0 0.540625 0.3015625 0.53203125 0.5359375
0 0.26484375 0.321875 0.01640625 0.01640625
0 0.93671875 0.41328125 0.0265625 0.0234375