0 0.83046875 0.58984375 0.30234375 0.8203125
0 0.728125 0.56171875 0.17578125 0.87109375
0 0.60078125 0.6609375 0.14765625 0.675
0 0.55078125 0.66171875 0.090625 0.67578125
0 0.43828125 0.54453125 0.25234375 0.91015625
0 0.34375 0.35234375 0.13359375 0.1296875
0 0.24453125 0.58984375 0.26015625 0.81875
0 0.1671875 0.57265625 0.15625 0.846875
0 0.0703125 0.54609375 0.13984375 0.48671875
0 0.07578125 0.6578125 0.1515625 0.6828125
0 0.96953125 0.81171875 0.06015625 0.30859375
0 0.9515625 0.80390625 0.046875 0.2953125
0 0.934375 0.81015625 0.0390625 0.2796875
0 0.925 0.70859375 0.03125 0.0671875
0 0.9140625 0.70078125 0.0109375 0.03828125
0 0.99453125 0.69296875 0.0109375 0.0484375